TransactionID,CustomerID,FirstName,LastName,Gender,HomeCity,HomeCountry,TransactionLocationCity,TransactionLocationCountry,LoginLocationCity,LoginLocationCountry,DateTime,Type,Amount,Currency,Merchant,Category,Description,IsByCheck,AccountNumber,SWIFT_BIC,ReceiverAccount,ReceiverSWIFT,BalanceAfter,AvgDailyBalance,Legitimate,FraudReason
TXN00003033,CUST004296,Amelia,Martinez,Male,Berlin,Germany,Berlin,Germany,Berlin,Germany,2024-04-15 12:15:34,Purchase,108.85,INR,Uber,Shopping,Payment for gas & fuel,FALSE,1324356280,QMSOPBTQ,8182223690,NEBVCARS,6702,7374.25,1,
TXN00001823,CUST000973,Evelyn,Hernandez,Female,New York,USA,New York,USA,New York,USA,2025-04-11 19:55:18,Purchase,388.62,CNY,Uber,Gas & Fuel,Payment for electronics,FALSE,4194907942,EQFSXSRY,6071630055,EPUQOUYI,15807.17,14997.39,1,
TXN00000201,CUST004532,Michael,Lopez,Female,Mexico City,Mexico,Mexico City,Mexico,Mexico City,Mexico,2025-01-02 00:25:51,Purchase,330.25,USD,Starbucks,Entertainment,Payment for entertainment,FALSE,4216378173,AJSSIJBS,9283125287,ZLVDZPUR,10357.59,9361.53,1,
TXN00004040,CUST001170,Mia,Moore,Male,London,UK,London,UK,London,UK,2024-06-16 21:21:14,Transfer,207.25,JPY,Amazon,Food & Dining,Payment for home & garden,FALSE,5441293839,ENSARAAO,3427683333,BVYDHVUH,8103.05,7691.98,1,
TXN00002203,CUST007355,David,Garcia,Male,Mexico City,Mexico,Mexico City,Mexico,Mexico City,Mexico,2025-09-28 10:29:49,Transfer,344.95,CHF,Shell Gas,Home & Garden,Payment for shopping,FALSE,3555901680,BDNLNAGD,5856710097,PKMFCRXN,10643.47,10994.5,1,
TXN00002713,CUST002148,Robert,Martin,Male,Mumbai,India,Mumbai,India,Mumbai,India,2024-03-11 03:42:11,Purchase,310.4,USD,Walmart,Electronics,Payment for bills & utilities,TRUE,1680074394,PYKQEKVP,1193327487,YNALBLAH,13426.82,14192.72,1,
TXN00002539,CUST000494,Sophia,Hernandez,Male,Madrid,Spain,Madrid,Spain,Madrid,Spain,2024-05-16 08:49:38,Transfer,173.71,CAD,Home Depot,Groceries,Payment for health & fitness,FALSE,9794043745,AXRBFYAC,5956824804,TTPUOLUK,8399.7,8376.59,1,
TXN00000130,CUST004156,Mia,Miller,Male,Mexico City,Mexico,Mexico City,Mexico,Mexico City,Mexico,2024-09-28 06:39:08,Transfer,198.67,GBP,Delta Airlines,Food & Dining,Payment for health & fitness,FALSE,4192890917,KGKQVDPO,9520658923,FITLCYEY,7986.67,7845.23,1,
TXN00001611,CUST004902,Evelyn,Jackson,Female,Mexico City,Mexico,Mexico City,Mexico,Mexico City,Mexico,2024-12-23 22:57:08,Purchase,211.85,INR,Home Depot,Food & Dining,Payment for travel,FALSE,6398375829,VWCRDRJL,4061602636,RXMSYQXJ,11319.64,10893.84,1,
TXN00002056,CUST005049,Harper,Lee,Male,Toronto,Canada,Toronto,Canada,Toronto,Canada,2024-11-23 11:04:40,Purchase,159.38,JPY,Whole Foods,Home & Garden,Payment for health & fitness,FALSE,1958210850,ZYRGJKWE,6075794504,SOALPDZM,10299.3,9853.1,1,
TXN00000407,CUST003937,Thomas,Hernandez,Male,Dubai,UAE,Dubai,UAE,Dubai,UAE,2025-01-23 14:59:29,Purchase,44.18,EUR,Uber,Gas & Fuel,Payment for groceries,FALSE,2475748450,CZICKULV,1852154580,GXMOJGHH,13002.32,12466.65,1,
TXN00000064,CUST008588,Michael,Rodriguez,Female,Mumbai,India,Mumbai,India,Mumbai,India,2024-04-29 20:09:38,Purchase,35.09,AUD,Home Depot,Travel,Payment for gas & fuel,FALSE,7281184036,XXPSEYHD,7892355214,QMXGBCQH,15347.25,14899.85,1,
TXN00004872,CUST004364,Harper,Miller,Female,Sydney,Australia,Mexico City,Mexico,Berlin,Germany,2025-03-11 00:54:48,Transfer,3997.06,JPY,Uber,Health & Fitness,Payment for gas & fuel,FALSE,6144335886,BSQPRQRR,7638506687,NJGODESF,6529.1,6136.62,0,Card not present fraud
TXN00001811,CUST008436,William,Lopez,Male,Shanghai,China,Shanghai,China,Shanghai,China,2024-07-12 06:48:49,Purchase,327.18,EUR,Apple Store,Entertainment,Payment for food & dining,FALSE,5000480138,NEWQHCPY,8962219558,GCXKFSGV,6101.83,5889.65,1,
TXN00001972,CUST006169,Joseph,Thomas,Male,Dubai,UAE,Dubai,UAE,Dubai,UAE,2024-07-11 18:15:47,Purchase,488.42,CNY,Target,Electronics,Payment for travel,FALSE,2208389810,YZHZHSRS,3968211092,QZACMCAC,7338.68,6469.86,1,
TXN00002922,CUST003099,Sophia,Jackson,Male,Toronto,Canada,Toronto,Canada,Toronto,Canada,2024-08-29 11:38:04,Purchase,59.42,CNY,Whole Foods,Electronics,Payment for shopping,FALSE,5243086972,GTGWRKHC,3774645580,WPPPUCPO,8488.07,7985.72,1,
TXN00000055,CUST005502,Isabella,Lopez,Female,Singapore,Singapore,Singapore,Singapore,Singapore,Singapore,2024-11-24 08:58:10,Transfer,28.16,INR,Best Buy,Entertainment,Payment for travel,FALSE,1061056015,XMANCJPF,6844101109,NMRYZCUY,11934.81,11718.68,1,
TXN00002676,CUST008002,Sophia,Jackson,Male,Shanghai,China,Shanghai,China,Shanghai,China,2025-06-20 08:56:55,Purchase,155.24,JPY,Home Depot,Gas & Fuel,Payment for groceries,FALSE,2373442518,RGFDGXFX,1777592532,VLNJLDBJ,12481.86,11719.71,1,
TXN00003863,CUST008569,William,Rodriguez,Female,Sydney,Australia,Sydney,Australia,Sydney,Australia,2024-09-21 00:00:28,Transfer,74.67,CNY,Delta Airlines,Gas & Fuel,Payment for bills & utilities,FALSE,8835622041,NWRIGKHQ,4981884767,BMUDZPUF,13219.77,12765.44,1,
TXN00003820,CUST004996,James,Anderson,Female,Mumbai,India,Mumbai,India,Mumbai,India,2025-07-21 20:53:53,Purchase,83.3,CAD,Delta Airlines,Home & Garden,Payment for entertainment,FALSE,3788059239,BAHCPHCY,6819815604,KDJDMXLU,5782.12,6658.1,1,
TXN00001363,CUST007727,James,Smith,Female,Singapore,Singapore,Singapore,Singapore,Singapore,Singapore,2024-10-01 12:44:44,Transfer,86.56,CHF,Airbnb,Shopping,Payment for travel,FALSE,2856216168,RCCXGWOT,9043586146,SWKUTTDP,6358.02,6813.96,1,
TXN00004169,CUST007810,Robert,Taylor,Male,Mumbai,India,Mumbai,India,Mumbai,India,2025-04-04 02:37:02,Purchase,423.02,GBP,Home Depot,Health & Fitness,Payment for entertainment,FALSE,8434899665,NZBQXMVN,7508039975,VIBSFZRH,5300.63,5476.79,1,
TXN00003068,CUST009357,Amelia,Johnson,Male,Mexico City,Mexico,Mexico City,Mexico,Mexico City,Mexico,2024-10-23 14:13:11,Purchase,281.21,JPY,Best Buy,Shopping,Payment for shopping,TRUE,4412502219,ZXJINPMX,3494636587,HQBUFWZF,7311.2,6431.93,1,
TXN00004378,CUST008011,Sophia,Hernandez,Male,Rome,Italy,Rome,Italy,Rome,Italy,2024-07-27 22:23:04,Purchase,397.05,INR,Airbnb,Gas & Fuel,Payment for groceries,FALSE,4626447024,GWBJTFIV,1223494104,QFNGWPRR,13131.1,13839.84,1,
TXN00003637,CUST009179,Daniel,Martinez,Male,Tokyo,Japan,Tokyo,Japan,Tokyo,Japan,2024-05-12 02:43:26,Purchase,56.58,USD,Uber,Health & Fitness,Payment for groceries,FALSE,4880194366,NDOVVZJR,4222851889,UHWDHDDP,14950.53,14513.63,1,
TXN00004426,CUST006503,Thomas,Martin,Female,Berlin,Germany,Berlin,Germany,Berlin,Germany,2025-01-16 01:50:08,Purchase,468.21,CNY,Walmart,Bills & Utilities,Payment for shopping,FALSE,5694618009,SLMYHZPM,3467463515,YYLQNOYX,12965.94,12246.78,1,
TXN00001284,CUST001452,Isabella,Johnson,Male,Dubai,UAE,Dubai,UAE,Dubai,UAE,2024-01-03 14:32:05,Transfer,88.89,CNY,Delta Airlines,Entertainment,Payment for travel,FALSE,8998766716,ITVVJDUO,7183648288,PKCWBRID,7108.86,6810.3,1,
TXN00002311,CUST009883,Amelia,Lopez,Female,Madrid,Spain,Madrid,Spain,Madrid,Spain,2024-12-05 09:59:04,Purchase,283.41,CHF,Netflix,Shopping,Payment for entertainment,FALSE,6829868512,VMSAOWGC,6169899735,KFVDFLOR,4502.51,5469.31,1,
TXN00002367,CUST002627,David,Lopez,Female,Dubai,UAE,Dubai,UAE,Dubai,UAE,2025-05-19 16:19:39,Purchase,62.52,CNY,Whole Foods,Food & Dining,Payment for entertainment,FALSE,4755067538,IIUHXYDS,4840337480,QEJDVFGQ,4966.11,5923.12,1,
TXN00000414,CUST005534,John,Brown,Female,Berlin,Germany,Berlin,Germany,Berlin,Germany,2024-11-02 12:45:49,Transfer,35.96,CNY,Airbnb,Gas & Fuel,Payment for health & fitness,FALSE,7222402440,GLDBFQHF,1183056980,XPSVKQHD,13916.47,14417.55,1,
TXN00000334,CUST008700,Sophia,Martin,Male,London,UK,London,UK,London,UK,2024-04-11 03:06:56,Purchase,426.05,AUD,Shell Gas,Home & Garden,Payment for shopping,FALSE,8957560059,BBHIPLKC,7494906670,VKRCDQPW,12042.57,12198.06,1,
TXN00000116,CUST002455,Mia,Anderson,Male,Rome,Italy,Rome,Italy,Rome,Italy,2024-05-15 11:35:58,Purchase,94.56,INR,Airbnb,Travel,Payment for bills & utilities,FALSE,4574699904,MPRWTIGT,3398738979,VTWCLZTV,13262.25,12350.21,1,
TXN00003604,CUST009175,Isabella,Martinez,Female,Madrid,Spain,Madrid,Spain,Madrid,Spain,2024-03-28 18:31:04,Purchase,375.12,EUR,Uber,Gas & Fuel,Payment for health & fitness,FALSE,3357298900,VAYSSTPQ,6672896370,GQNFYGBT,14926.78,14651.88,1,
TXN00000637,CUST000523,Ava,Garcia,Female,New York,USA,New York,USA,New York,USA,2024-07-31 15:55:44,Purchase,270.73,INR,Target,Shopping,Payment for health & fitness,FALSE,3247613981,YSRFESAT,5927386605,NHQICBJQ,4926.07,5031.75,1,
TXN00004871,CUST004454,John,Thomas,Male,Dubai,UAE,Dubai,UAE,Mexico City,Mexico,2025-07-10 21:09:03,Purchase,5257.08,AUD,Airbnb,Shopping,Payment for health & fitness,FALSE,1127203975,TZSNHTLW,2599805203,WRTYHNJP,5379.29,6142.4,0,Login from different country than transaction
TXN00000250,CUST003479,Sophia,Martin,Male,Tokyo,Japan,Tokyo,Japan,Tokyo,Japan,2024-11-11 00:53:58,Transfer,451.17,JPY,Uber,Home & Garden,Payment for shopping,FALSE,2094851242,FCHXVQUY,7607121478,LYTLNVAG,6092.35,6504.48,1,
TXN00000417,CUST006413,Thomas,Hernandez,Female,London,UK,London,UK,London,UK,2024-05-11 18:55:55,Purchase,28.5,USD,Apple Store,Entertainment,Payment for electronics,FALSE,6626219580,QCPTKFJU,5367141429,YLRXHKDN,11815.15,11310.51,1,
TXN00001287,CUST007765,Charlotte,Martinez,Male,São Paulo,Brazil,São Paulo,Brazil,São Paulo,Brazil,2024-04-16 06:01:50,Purchase,199.28,CNY,Home Depot,Home & Garden,Payment for entertainment,FALSE,3216207229,PATROSTG,6550781263,PNRIYPHP,11334.53,11278.64,1,
TXN00001254,CUST009438,Ava,Jones,Male,Paris,France,Paris,France,Paris,France,2024-11-28 03:33:31,Purchase,256.78,USD,Starbucks,Entertainment,Payment for electronics,FALSE,9795127829,HPXKNIWP,1834328283,YAUTMOMV,6916.06,6301.79,1,
TXN00000777,CUST004709,Thomas,Lopez,Female,Tokyo,Japan,Tokyo,Japan,Tokyo,Japan,2024-01-03 00:53:47,Purchase,204.8,USD,Best Buy,Entertainment,Payment for bills & utilities,FALSE,7279307117,YLYZGFBT,5501719089,RQEHZUHN,7168.58,6481.81,1,
TXN00001973,CUST007353,Michael,Martinez,Female,New York,USA,New York,USA,New York,USA,2025-02-19 21:48:22,Purchase,431.69,CHF,Apple Store,Food & Dining,Payment for home & garden,FALSE,2088945881,RGAUFSCM,1215812069,BQUJJVBF,5278.69,5974.78,1,
TXN00001049,CUST003500,James,Moore,Female,Mumbai,India,Mumbai,India,Mumbai,India,2024-06-11 07:17:50,Purchase,276.98,CAD,Target,Home & Garden,Payment for home & garden,FALSE,9689244636,ABYMNZQY,7940461198,RRRGNGVM,7932.41,7813.82,1,
TXN00004110,CUST001999,Isabella,Taylor,Male,Berlin,Germany,Berlin,Germany,Berlin,Germany,2025-06-15 20:46:55,Transfer,216.84,CHF,Netflix,Bills & Utilities,Payment for gas & fuel,FALSE,9929773485,TBPJKNUK,4370632271,DTOGJVIC,15396.56,14512.57,1,
TXN00000149,CUST004274,Charlotte,Moore,Female,Shanghai,China,Shanghai,China,Shanghai,China,2025-03-13 21:18:21,Transfer,209.98,CHF,Best Buy,Travel,Payment for shopping,FALSE,4785182908,AYVZSEHM,6126992832,VADACAPD,14152.06,14907.8,1,
TXN00004514,CUST002327,Harper,Brown,Male,Mexico City,Mexico,Mexico City,Mexico,Mexico City,Mexico,2025-06-03 22:26:23,Transfer,247.45,USD,Walmart,Home & Garden,Payment for gas & fuel,FALSE,3283141203,ZVAVMBGT,6828521030,QTKJLQCO,10812.78,10626.68,1,
TXN00004889,CUST003652,Robert,Davis,Female,Mexico City,Mexico,Mexico City,Mexico,Toronto,Canada,2025-01-15 05:02:34,Transfer,4560.01,JPY,Best Buy,Shopping,Payment for electronics,TRUE,6919966924,PSBMIEMD,6501427175,RQSUWRNS,14039.81,14403.96,0,Unusual location pattern
TXN00002526,CUST004346,Emma,Davis,Female,Sydney,Australia,Sydney,Australia,Sydney,Australia,2024-08-05 13:08:48,Transfer,288.88,AUD,McDonalds,Bills & Utilities,Payment for travel,FALSE,2383663313,PBOUNDHQ,8592335104,PPIMUQEF,10636.14,10448.37,1,
TXN00002426,CUST005504,Charlotte,Davis,Female,Toronto,Canada,Toronto,Canada,Toronto,Canada,2025-08-01 23:23:08,Transfer,257.16,USD,Home Depot,Groceries,Payment for bills & utilities,FALSE,8115686872,USYUBPEC,1046709326,EIKLLZTN,6831.47,6583.7,1,
TXN00002982,CUST004943,Evelyn,Smith,Male,Mumbai,India,Mumbai,India,Mumbai,India,2025-01-25 16:06:20,Transfer,141.15,CNY,Whole Foods,Groceries,Payment for travel,FALSE,5419049128,NRLCWMFG,7619761351,XBDPBFPU,6722.27,7356.01,1,
TXN00004777,CUST000596,David,Thomas,Male,Berlin,Germany,Berlin,Germany,Berlin,Germany,2024-12-07 14:01:15,Purchase,1804.02,CAD,Uber,Food & Dining,Payment for groceries,FALSE,9636122811,TTDOMJEL,5035041386,CLJLGIUA,14456.66,14634.66,0,High amount compared to usual
TXN00004512,CUST005181,Harper,Brown,Female,Madrid,Spain,Madrid,Spain,Madrid,Spain,2025-08-12 17:49:59,Purchase,204.63,EUR,Starbucks,Entertainment,Payment for gas & fuel,FALSE,2287611966,TVYXHHCT,9486347472,VFUIKRMP,12135.91,12606.77,1,
TXN00003088,CUST003849,Michael,Martinez,Female,Paris,France,Paris,France,Paris,France,2024-01-17 03:33:04,Purchase,29.58,CAD,Target,Shopping,Payment for entertainment,FALSE,2604284784,OLQPOWGM,2759775928,KUFXFPAS,11283.54,12010.15,1,
TXN00001395,CUST001273,Charlotte,Miller,Male,Shanghai,China,Shanghai,China,Shanghai,China,2024-04-11 12:01:08,Purchase,339.25,INR,Whole Foods,Bills & Utilities,Payment for entertainment,FALSE,3274259759,RUORISVL,1503172409,RTDTZIGX,14118.78,14959.31,1,
TXN00001117,CUST002834,Michael,Johnson,Female,Madrid,Spain,Madrid,Spain,Madrid,Spain,2024-07-17 13:47:14,Transfer,178.23,AUD,Apple Store,Shopping,Payment for gas & fuel,FALSE,7067170211,EVMAHIJL,5566066640,SULMEGCD,13118.44,12810.95,1,
TXN00002173,CUST007108,Ava,Rodriguez,Male,Sydney,Australia,Sydney,Australia,Sydney,Australia,2024-04-29 01:04:19,Purchase,234.28,CHF,McDonalds,Electronics,Payment for bills & utilities,FALSE,4593138167,JRYZWPBO,4385489453,IZOIFVQC,4847.98,5343.92,1,
TXN00001053,CUST001336,Emma,Lee,Female,Mexico City,Mexico,Mexico City,Mexico,Mexico City,Mexico,2024-08-17 05:08:12,Purchase,495.37,AUD,McDonalds,Food & Dining,Payment for electronics,FALSE,1540963289,YZVHYQOE,2241720622,DHQFNRQI,13319.43,13161.71,1,
TXN00003627,CUST001952,John,Lopez,Male,Berlin,Germany,Berlin,Germany,Berlin,Germany,2024-10-31 07:04:54,Purchase,473.29,JPY,Home Depot,Travel,Payment for gas & fuel,FALSE,7713374416,BPZMVQGL,4850381060,ECWNNZBN,8591.23,7990.44,1,
TXN00004386,CUST000654,Michael,Brown,Female,Sydney,Australia,Sydney,Australia,Sydney,Australia,2024-07-25 23:35:37,Transfer,119.99,EUR,Airbnb,Entertainment,Payment for electronics,FALSE,2488068458,MFVPCLPH,9036162358,IIMFFXYJ,11537.6,11217.1,1,
TXN00001209,CUST001418,James,Thomas,Male,New York,USA,New York,USA,New York,USA,2024-03-30 21:30:05,Purchase,307.8,CNY,Uber,Health & Fitness,Payment for travel,TRUE,1039394511,RKNIUQWI,1365478341,XTOATGSX,11333.01,11113.96,1,
TXN00003634,CUST000828,John,Moore,Male,Toronto,Canada,Toronto,Canada,Toronto,Canada,2024-09-29 16:21:39,Purchase,318.9,JPY,Apple Store,Groceries,Payment for health & fitness,FALSE,2332429497,LODRXJTP,8493800118,VGVBJNXP,8471.81,8878.43,1,
TXN00001369,CUST007564,Thomas,Wilson,Male,Berlin,Germany,Berlin,Germany,Berlin,Germany,2024-05-27 05:55:06,Purchase,503.52,CNY,McDonalds,Groceries,Payment for home & garden,FALSE,6197446702,EXFEBCAY,8434545041,NHPKWYRE,13572.17,12623.28,1,
TXN00001331,CUST005147,James,Anderson,Male,Tokyo,Japan,Tokyo,Japan,Tokyo,Japan,2025-09-04 00:00:46,Transfer,481.62,CHF,Airbnb,Health & Fitness,Payment for electronics,TRUE,6342422053,XPYYHULM,3654663102,KQPSRMJR,8805.98,9371.2,1,
TXN00000530,CUST006908,Mia,Martin,Female,Tokyo,Japan,Tokyo,Japan,Tokyo,Japan,2025-04-21 21:04:22,Purchase,83.28,INR,Whole Foods,Entertainment,Payment for bills & utilities,FALSE,3923158041,MYFAKZST,4940654812,KAPGNEZS,9391.55,10209.23,1,
TXN00004548,CUST003404,John,Jones,Male,New York,USA,New York,USA,New York,USA,2025-03-18 05:51:46,Purchase,187.46,JPY,Home Depot,Electronics,Payment for home & garden,FALSE,5001454413,SBCZOQKD,2444746494,GKFCMLRU,14779.43,14438.13,1,
TXN00000289,CUST004431,Michael,Rodriguez,Female,Singapore,Singapore,Singapore,Singapore,Singapore,Singapore,2025-05-07 04:37:55,Purchase,145.04,GBP,Netflix,Electronics,Payment for groceries,FALSE,9838035514,RUMWQLMI,5104856295,WOZXCEVT,5770.62,6336.21,1,
TXN00002659,CUST002816,Amelia,Jackson,Female,Paris,France,Paris,France,Paris,France,2025-04-06 17:22:24,Transfer,468.95,JPY,Marriott Hotels,Shopping,Payment for shopping,FALSE,7194065576,BSJABPIA,4413978771,MQFUVSSY,10907.8,10417.76,1,
TXN00003361,CUST001225,Isabella,Rodriguez,Male,New York,USA,New York,USA,New York,USA,2025-06-15 02:58:07,Purchase,212.06,CAD,Marriott Hotels,Groceries,Payment for gas & fuel,FALSE,8456563516,ULKGEKJK,1648988503,OYHGFIPI,9726.93,10194.02,1,
TXN00003883,CUST005225,Daniel,Williams,Female,Dubai,UAE,Dubai,UAE,Dubai,UAE,2024-03-09 14:39:00,Transfer,496.37,CHF,Apple Store,Bills & Utilities,Payment for electronics,TRUE,2310572021,LUBSVBAJ,4569435504,TDUEFXQQ,14605.01,14230.19,1,
TXN00003936,CUST005090,Emma,Rodriguez,Female,Paris,France,Paris,France,Paris,France,2025-06-02 11:35:36,Transfer,330.01,AUD,McDonalds,Travel,Payment for health & fitness,FALSE,3161136813,IWRIYHVT,5302148537,QXSDBCXM,10345.26,9831.01,1,
TXN00004154,CUST009198,Thomas,Johnson,Female,Mumbai,India,Mumbai,India,Mumbai,India,2024-12-14 22:17:44,Purchase,162,AUD,Amazon,Shopping,Payment for food & dining,FALSE,7230508556,ZFBSGQYW,4101947153,QZLENDON,10599.1,10108.89,1,
TXN00002601,CUST003294,Harper,Rodriguez,Female,Rome,Italy,Rome,Italy,Rome,Italy,2024-06-27 12:51:47,Purchase,93.46,CNY,Marriott Hotels,Health & Fitness,Payment for shopping,FALSE,9960184406,VDCHNFKP,3594652848,NTMDMKSO,9783.32,9079.88,1,
TXN00002849,CUST007168,Robert,Moore,Female,Berlin,Germany,Berlin,Germany,Berlin,Germany,2024-08-16 18:11:16,Transfer,465.43,AUD,Uber,Health & Fitness,Payment for health & fitness,FALSE,8042045013,IBHNPTMG,6173641822,XKLUDBJQ,11108.2,10355.9,1,
TXN00004815,CUST000226,Sophia,Lopez,Female,Tokyo,Japan,Tokyo,Japan,Mexico City,Mexico,2024-06-22 23:48:46,Transfer,2221.18,INR,Starbucks,Health & Fitness,Payment for bills & utilities,FALSE,9829935141,THHHJHWB,9645147205,XSJJKOHQ,9339.21,10274.65,0,Multiple transactions in short time
TXN00001668,CUST004446,William,Davis,Female,Singapore,Singapore,Singapore,Singapore,Singapore,Singapore,2025-06-16 20:01:48,Purchase,77.76,CHF,Delta Airlines,Gas & Fuel,Payment for entertainment,FALSE,3189577503,GFLAMWMD,8736639582,VLZIXKHC,10787.71,10583.1,1,
TXN00000760,CUST005830,Harper,Moore,Male,Rome,Italy,Rome,Italy,Rome,Italy,2025-09-02 05:50:04,Transfer,434.04,AUD,Apple Store,Entertainment,Payment for travel,FALSE,7555374094,NMRQOZPE,1206561961,SKCNIURT,7599.54,8328.8,1,
TXN00002325,CUST006834,Michael,Smith,Male,Dubai,UAE,Dubai,UAE,Dubai,UAE,2024-02-21 06:23:39,Purchase,223.19,CAD,Uber,Groceries,Payment for shopping,TRUE,8909892351,EQVLIBCC,3061614742,VNOPGEJY,7785.89,8509.65,1,
TXN00003789,CUST009062,Joseph,Wilson,Male,Toronto,Canada,Toronto,Canada,Toronto,Canada,2024-07-07 15:03:27,Purchase,49.62,INR,Airbnb,Entertainment,Payment for food & dining,FALSE,9566131058,OUSKSGJD,5807632172,TZTDUDPU,8631.72,9063.9,1,
TXN00002071,CUST004524,John,Brown,Female,Berlin,Germany,Berlin,Germany,Berlin,Germany,2024-08-30 03:10:54,Transfer,311.17,AUD,Starbucks,Groceries,Payment for electronics,FALSE,5562625678,JULCGTHO,7780504231,FFKOMAXU,8290.81,7393.44,1,
TXN00002587,CUST001581,Daniel,Garcia,Male,Dubai,UAE,Dubai,UAE,Dubai,UAE,2024-07-25 07:04:02,Purchase,194.17,JPY,Shell Gas,Gas & Fuel,Payment for travel,FALSE,8957181720,NGHOSVAL,7813793352,DMHXZUVI,5915.88,5094.62,1,
TXN00003673,CUST003425,John,Brown,Female,Mexico City,Mexico,Mexico City,Mexico,Mexico City,Mexico,2024-09-18 17:22:42,Purchase,419.26,AUD,McDonalds,Gas & Fuel,Payment for shopping,FALSE,3557918614,DGQFPJTT,8397422660,NEZSWGTE,12432.13,11884.42,1,
TXN00001242,CUST002957,Amelia,Wilson,Female,New York,USA,New York,USA,New York,USA,2025-01-12 14:04:14,Purchase,490.93,GBP,Airbnb,Groceries,Payment for health & fitness,FALSE,4532427861,UYBNPVFX,1808850983,EBHVPOIV,10171.62,10185.97,1,
TXN00004398,CUST006228,Olivia,Martin,Female,New York,USA,New York,USA,New York,USA,2024-04-28 03:36:16,Transfer,397.53,CNY,Marriott Hotels,Travel,Payment for gas & fuel,FALSE,9959374349,QVRPNEHT,9007434690,XVGQSZYK,8846.38,9730.51,1,
TXN00000139,CUST008546,Mia,Martinez,Female,Singapore,Singapore,Singapore,Singapore,Singapore,Singapore,2024-06-05 02:17:39,Purchase,471.86,AUD,McDonalds,Groceries,Payment for entertainment,FALSE,8166748197,HIOWXIQP,2134225813,SQWIEFEZ,11176.23,11370.42,1,
TXN00003430,CUST006309,Robert,Hernandez,Female,Mexico City,Mexico,Mexico City,Mexico,Mexico City,Mexico,2025-08-06 20:06:25,Transfer,373.9,INR,Target,Shopping,Payment for home & garden,FALSE,8448873461,OYMJVZQO,9830728824,FXVVBABE,12213.15,12884.64,1,
TXN00002082,CUST007715,Harper,Thomas,Male,Rome,Italy,Rome,Italy,Rome,Italy,2024-07-18 01:59:08,Transfer,112.2,CHF,Netflix,Health & Fitness,Payment for home & garden,TRUE,3033870011,NBDUPFPP,5404126574,RSFIBJIB,13607.42,12847.19,1,
TXN00002155,CUST000113,Ava,Miller,Male,Rome,Italy,Rome,Italy,Rome,Italy,2024-03-03 00:22:14,Purchase,504.15,EUR,Target,Food & Dining,Payment for shopping,FALSE,7813999901,YTAYYUOI,5156794902,YLDAFOKQ,12911.67,13559.91,1,
TXN00002735,CUST002042,Emma,Rodriguez,Male,Singapore,Singapore,Singapore,Singapore,Singapore,Singapore,2025-06-01 17:50:54,Purchase,462.02,CNY,Apple Store,Shopping,Payment for groceries,TRUE,6614184783,MIRSAFCO,7092045803,YVSFMNPR,10529.54,11196.28,1,
TXN00002150,CUST004057,Olivia,Williams,Male,Paris,France,Paris,France,Paris,France,2024-01-04 14:28:07,Purchase,317.29,CAD,Delta Airlines,Shopping,Payment for health & fitness,FALSE,2843360293,ECEYGVRG,6382153954,AVOZGBOO,8612.63,8564.6,1,
TXN00004097,CUST004522,Emma,Williams,Female,Mexico City,Mexico,Mexico City,Mexico,Mexico City,Mexico,2024-05-03 20:26:57,Purchase,336.34,AUD,Home Depot,Gas & Fuel,Payment for electronics,FALSE,5699374297,BRLOCCKN,6104634814,VYVUFQVK,8021.43,7249.2,1,
TXN00002386,CUST003965,Amelia,Anderson,Female,New York,USA,New York,USA,New York,USA,2025-05-21 16:25:29,Purchase,394.36,CAD,Airbnb,Entertainment,Payment for home & garden,FALSE,3461599307,TNDFKTHK,7386290974,UNGRCKLN,5766.19,6509.42,1,
TXN00004267,CUST005375,Harper,Smith,Male,Singapore,Singapore,Singapore,Singapore,Singapore,Singapore,2025-06-14 13:28:07,Purchase,180.58,CNY,Starbucks,Home & Garden,Payment for health & fitness,FALSE,8696237902,FYESFGRX,6866986637,VEPTCRBN,13647.24,13827.58,1,
TXN00003464,CUST003942,Thomas,Miller,Female,Madrid,Spain,Madrid,Spain,Madrid,Spain,2024-12-14 13:30:32,Transfer,44.57,GBP,Walmart,Home & Garden,Payment for health & fitness,FALSE,6852606391,TSPIRJZH,8740429744,WBDKBXVU,7766.18,7076.54,1,
TXN00000052,CUST005224,Michael,Williams,Male,Dubai,UAE,Dubai,UAE,Dubai,UAE,2024-10-20 21:01:47,Transfer,506.13,EUR,McDonalds,Food & Dining,Payment for health & fitness,FALSE,3654952284,MXFXGVLY,1589118832,XJRBWVDT,10551.48,10018.76,1,
TXN00000426,CUST007008,Richard,Jones,Female,Shanghai,China,Shanghai,China,Shanghai,China,2025-02-07 18:53:28,Purchase,72.9,INR,Best Buy,Travel,Payment for food & dining,FALSE,5422463463,MOOEKJFQ,1582094676,OMGXRUDU,7692.14,8537.55,1,
TXN00004333,CUST006365,Sophia,Johnson,Female,Shanghai,China,Shanghai,China,Shanghai,China,2025-05-13 17:47:41,Transfer,61.48,INR,Whole Foods,Travel,Payment for home & garden,TRUE,1940638933,FNVLDQSF,5327812877,ZEMSRDAH,8104.77,7139.75,1,
TXN00000198,CUST000331,David,Johnson,Female,London,UK,London,UK,London,UK,2024-07-23 15:44:38,Purchase,59.47,GBP,Target,Entertainment,Payment for entertainment,FALSE,5100421410,NRALQTZB,6219342041,SNWVDVET,11531.38,10908.24,1,
TXN00002677,CUST002828,John,Miller,Female,Berlin,Germany,Berlin,Germany,Berlin,Germany,2025-03-25 19:04:07,Purchase,356.83,INR,Shell Gas,Shopping,Payment for health & fitness,TRUE,4118896662,KADOCRIJ,4417436095,IPJVPPSQ,4765.48,5228.51,1,
TXN00000210,CUST009629,Robert,Rodriguez,Female,Paris,France,Paris,France,Paris,France,2025-09-30 13:04:21,Purchase,223.68,AUD,Apple Store,Entertainment,Payment for shopping,FALSE,6597385104,TUEHRVNI,1285835346,GMOURPVL,11503.52,11675.05,1,
TXN00001707,CUST004184,Emma,Wilson,Female,Mexico City,Mexico,Mexico City,Mexico,Mexico City,Mexico,2025-05-30 02:14:58,Purchase,163.89,EUR,Target,Travel,Payment for food & dining,FALSE,2790612773,TMOOOSKO,7778432624,LNSDSJFG,6995.29,7162.33,1,
TXN00002439,CUST009806,Sophia,Anderson,Male,Dubai,UAE,Dubai,UAE,Dubai,UAE,2025-05-07 01:57:35,Purchase,103.87,AUD,Netflix,Food & Dining,Payment for travel,FALSE,1976250969,ZLZIEYOK,5030085102,SLRUTPWI,13366.32,13711.38,1,
TXN00004515,CUST004399,Emma,Rodriguez,Female,Shanghai,China,Shanghai,China,Shanghai,China,2025-05-05 13:04:34,Purchase,113.68,CNY,Uber,Entertainment,Payment for electronics,FALSE,5985493020,SZTXTZJT,1511985363,HDCQNPQO,15397.4,14512.87,1,
TXN00003098,CUST003739,Charlotte,Smith,Male,Paris,France,Paris,France,Paris,France,2025-01-26 09:40:19,Purchase,326.24,EUR,Walmart,Entertainment,Payment for gas & fuel,FALSE,6970466453,ECRDTVJL,3167800120,ZBJMGPRD,10576.64,10262.17,1,
TXN00003976,CUST006640,William,Lee,Female,Mumbai,India,Mumbai,India,Mumbai,India,2025-05-27 11:39:15,Purchase,241.93,CAD,Home Depot,Travel,Payment for groceries,FALSE,8784703222,QNHPEKQT,1599859367,DZPQUGWP,6824.82,7040.74,1,
TXN00001769,CUST000971,Richard,Rodriguez,Female,Madrid,Spain,Madrid,Spain,Madrid,Spain,2024-09-28 00:44:26,Purchase,109.12,EUR,Airbnb,Gas & Fuel,Payment for gas & fuel,FALSE,4203188722,NANWPXFU,1613575615,WZSLUEHR,9973.79,9837.47,1,
TXN00000438,CUST002474,Mia,Jackson,Female,Dubai,UAE,Dubai,UAE,Dubai,UAE,2025-08-24 02:18:36,Purchase,438.47,GBP,Shell Gas,Home & Garden,Payment for shopping,FALSE,1180153552,XCIMBTFX,3244973417,CAMTVKQW,11290.14,11904.92,1,
TXN00001928,CUST002285,James,Miller,Female,Shanghai,China,Shanghai,China,Shanghai,China,2024-09-11 05:31:12,Transfer,508.16,JPY,Netflix,Bills & Utilities,Payment for electronics,FALSE,8925684098,ZVVWYKAO,3945746585,KYBPDTBH,11099.64,11161.52,1,
TXN00002343,CUST000487,Michael,Wilson,Female,Tokyo,Japan,Tokyo,Japan,Tokyo,Japan,2025-04-16 12:02:45,Purchase,499.71,CNY,Best Buy,Health & Fitness,Payment for health & fitness,FALSE,6626729378,APUEXXIW,1082692043,SXAEPHXR,14923.74,14986.17,1,
TXN00003602,CUST009463,David,Lee,Male,Singapore,Singapore,Singapore,Singapore,Singapore,Singapore,2025-04-13 22:25:15,Purchase,216.65,GBP,Uber,Shopping,Payment for bills & utilities,FALSE,6739305876,CAOFLPET,7760784805,XGXSHSCR,8651.45,7702.87,1,
TXN00004021,CUST001582,Emma,Thomas,Male,Paris,France,Paris,France,Paris,France,2024-08-14 14:40:40,Purchase,124.94,CHF,Whole Foods,Entertainment,Payment for gas & fuel,TRUE,1288727527,LBDTWGST,5416641737,UWXWAZVO,13299.65,13756.16,1,
TXN00003441,CUST000613,Charlotte,Moore,Female,Toronto,Canada,Toronto,Canada,Toronto,Canada,2024-08-04 14:17:28,Purchase,20.18,GBP,Best Buy,Travel,Payment for electronics,FALSE,6608840449,SOIBZIVZ,4026316450,LENUXIOP,7084.89,8064.09,1,
TXN00001858,CUST006845,Emma,Miller,Female,Toronto,Canada,Toronto,Canada,Toronto,Canada,2024-05-02 11:19:28,Purchase,357.69,CNY,Uber,Home & Garden,Payment for shopping,FALSE,3448164852,MFGCZUJE,3772232418,IFQICXMT,8471.27,9318.12,1,
TXN00001678,CUST004390,Isabella,Rodriguez,Female,Singapore,Singapore,Singapore,Singapore,Singapore,Singapore,2025-04-30 02:19:00,Transfer,433.01,EUR,Delta Airlines,Health & Fitness,Payment for travel,FALSE,7588281519,NYGUKIJQ,4957282402,GPGVYKIG,10213.97,10033.48,1,
TXN00002536,CUST009417,Emma,Lee,Female,Paris,France,Paris,France,Paris,France,2024-12-29 00:42:24,Purchase,351.7,AUD,McDonalds,Entertainment,Payment for home & garden,FALSE,4398761101,UPLPHQTQ,6171426602,LZNZKENN,6233.52,6721.16,1,
TXN00000008,CUST009760,John,Lopez,Male,Sydney,Australia,Sydney,Australia,Sydney,Australia,2024-10-27 02:57:15,Purchase,156.84,GBP,Airbnb,Gas & Fuel,Payment for entertainment,FALSE,6098118170,XYJGGJBV,7935840625,RLDCKVRZ,8895.15,9846.24,1,
TXN00000612,CUST004605,Mia,Lopez,Male,Mexico City,Mexico,Mexico City,Mexico,Mexico City,Mexico,2024-03-23 00:10:48,Purchase,76.63,JPY,Uber,Shopping,Payment for home & garden,TRUE,8837708484,JRERCQCI,7238261284,PXYJPAEF,7775.72,7516.1,1,
TXN00004727,CUST002888,Ava,Smith,Male,Dubai,UAE,Dubai,UAE,Dubai,UAE,2024-01-29 11:00:25,Purchase,375.55,AUD,Whole Foods,Health & Fitness,Payment for food & dining,FALSE,9309607239,FVSVCMLO,7907818107,BTIXNEQD,12654.78,12725.08,1,
TXN00001066,CUST007302,Evelyn,Lopez,Male,London,UK,London,UK,London,UK,2024-03-02 00:24:55,Purchase,204.61,CNY,McDonalds,Food & Dining,Payment for travel,FALSE,4331129661,XPNWWPIX,8872601516,DLJNONBU,9357.94,9243.16,1,
TXN00004586,CUST002077,David,Hernandez,Female,Mexico City,Mexico,Mexico City,Mexico,Mexico City,Mexico,2025-08-18 04:24:55,Purchase,68.68,CAD,Amazon,Shopping,Payment for home & garden,FALSE,5909423896,BPMVLAEO,5776824494,XFVAEIFG,8458.57,7490.74,1,
TXN00004677,CUST001922,Joseph,Rodriguez,Male,New York,USA,New York,USA,New York,USA,2024-10-29 15:36:05,Transfer,362.74,JPY,McDonalds,Health & Fitness,Payment for gas & fuel,FALSE,3372451102,QONLSXHT,7738628733,INEAEYOP,14634.24,14509.2,1,
TXN00002573,CUST000507,Joseph,Williams,Female,Toronto,Canada,Toronto,Canada,Toronto,Canada,2024-02-27 06:14:42,Purchase,112.95,EUR,Netflix,Bills & Utilities,Payment for home & garden,FALSE,1791822067,INQLYPMR,4807243065,XCSFGBRY,12955.55,13650.26,1,
TXN00004465,CUST002270,Ava,Miller,Female,Madrid,Spain,Madrid,Spain,Madrid,Spain,2024-09-16 02:58:00,Purchase,371.96,AUD,Walmart,Shopping,Payment for groceries,FALSE,7664846145,VLNBOEIZ,5446702191,FRAAPJOD,7108.25,7736.21,1,
TXN00000199,CUST002868,Daniel,Moore,Female,Mumbai,India,Mumbai,India,Mumbai,India,2024-08-05 05:08:37,Transfer,49,AUD,Marriott Hotels,Bills & Utilities,Payment for travel,FALSE,2322702792,HINMRZGK,3193257401,VQXKISNL,11099.3,10187.98,1,
TXN00002201,CUST006443,Isabella,Garcia,Female,Toronto,Canada,Toronto,Canada,Toronto,Canada,2025-01-12 05:56:26,Transfer,130.72,CHF,Starbucks,Groceries,Payment for home & garden,FALSE,3559682370,KIUBCTQV,7294140088,FCKTWFGX,6463.87,6679.8,1,
TXN00003481,CUST000904,Sophia,Jones,Male,Paris,France,Paris,France,Paris,France,2025-02-17 02:24:30,Purchase,465.3,CAD,Apple Store,Groceries,Payment for bills & utilities,FALSE,6384134608,QUGLMDNW,8673488319,EUDPAZKS,13619.6,14031.65,1,
TXN00001096,CUST009449,David,Williams,Male,São Paulo,Brazil,São Paulo,Brazil,São Paulo,Brazil,2024-07-26 09:01:04,Transfer,496.7,CNY,Netflix,Food & Dining,Payment for groceries,FALSE,2225752198,FTEIEBCB,9225298642,QNLRDWWZ,8388.88,7561.03,1,
TXN00003539,CUST002185,Harper,Thomas,Male,Mumbai,India,Mumbai,India,Mumbai,India,2025-05-05 08:10:01,Purchase,461.2,USD,McDonalds,Health & Fitness,Payment for food & dining,FALSE,7709220376,CTHGLUWH,4740513001,ZBZSEQRN,6855.59,6878.18,1,
TXN00000301,CUST006088,Thomas,Anderson,Male,Shanghai,China,Shanghai,China,Shanghai,China,2024-09-26 00:03:12,Transfer,55.22,CHF,McDonalds,Groceries,Payment for travel,TRUE,7706091165,CCGNGVSS,8802440728,XHQCCQHL,12017.88,12190.89,1,
TXN00002873,CUST007897,Olivia,Lee,Male,Toronto,Canada,Toronto,Canada,Toronto,Canada,2025-10-11 09:27:16,Transfer,152.82,JPY,Airbnb,Gas & Fuel,Payment for groceries,TRUE,1867535611,MROZOWRH,6320439911,WCYTTLSH,13748.95,12874.31,1,
TXN00001840,CUST004016,Daniel,Rodriguez,Male,Madrid,Spain,Madrid,Spain,Madrid,Spain,2024-07-14 17:22:47,Transfer,266.42,JPY,Starbucks,Gas & Fuel,Payment for home & garden,FALSE,4824000523,MRYZVLGC,9868154025,LWKWAQFC,8286.63,7956.73,1,
TXN00002734,CUST006098,John,Garcia,Male,London,UK,London,UK,London,UK,2025-09-07 01:00:51,Purchase,140.76,JPY,Amazon,Groceries,Payment for bills & utilities,FALSE,1822245642,FEDIOSIB,7781119530,SKEFPFGB,10544.04,11181.38,1,
TXN00003080,CUST006824,Robert,Miller,Male,Tokyo,Japan,Tokyo,Japan,Tokyo,Japan,2024-12-01 04:19:54,Purchase,250.57,INR,Best Buy,Gas & Fuel,Payment for groceries,FALSE,2406447046,KQSZRLVM,8967723226,ASHYNYRI,14137.61,14077.22,1,
TXN00002388,CUST001282,Olivia,Rodriguez,Female,London,UK,London,UK,London,UK,2025-03-16 19:40:53,Purchase,96.2,CAD,McDonalds,Entertainment,Payment for food & dining,TRUE,9148124361,LMCJVEWO,1211174938,OOAVCFMA,5420.38,5500.86,1,
TXN00003645,CUST007700,Isabella,Johnson,Male,Berlin,Germany,Berlin,Germany,Berlin,Germany,2024-06-14 11:59:47,Purchase,271.05,CNY,Airbnb,Shopping,Payment for gas & fuel,FALSE,1752619440,OYRUENYF,5610594222,BFQFNWYP,10732.35,10993.75,1,
TXN00001368,CUST008390,Olivia,Lopez,Female,Sydney,Australia,Sydney,Australia,Sydney,Australia,2024-05-25 14:19:43,Purchase,17.61,USD,Marriott Hotels,Health & Fitness,Payment for health & fitness,FALSE,1050488710,DSRWENSQ,1625166089,YXJMBLGT,8509.98,8410.99,1,
TXN00004363,CUST004076,James,Jackson,Female,Berlin,Germany,Berlin,Germany,Berlin,Germany,2025-08-22 23:16:20,Purchase,291.7,USD,Shell Gas,Travel,Payment for entertainment,TRUE,9904837920,XHVJCXYX,7484310827,YHQISJWZ,8189.91,7696.72,1,
TXN00000562,CUST004192,John,Miller,Female,Berlin,Germany,Berlin,Germany,Berlin,Germany,2025-03-18 19:18:05,Transfer,56.06,CHF,Delta Airlines,Entertainment,Payment for electronics,FALSE,9330751383,YPLALLWB,7054547459,NWXFILDR,5792.7,5326.99,1,
TXN00003372,CUST000214,Emma,Moore,Male,Sydney,Australia,Sydney,Australia,Sydney,Australia,2025-08-25 13:40:20,Purchase,429.14,CHF,Shell Gas,Groceries,Payment for gas & fuel,FALSE,9943710258,YOROXZYA,4406195756,HCLMXWTC,5707.75,5773.51,1,
TXN00002546,CUST009140,William,Lopez,Female,Mumbai,India,Mumbai,India,Mumbai,India,2024-07-10 15:17:10,Purchase,489.2,GBP,Apple Store,Travel,Payment for entertainment,FALSE,3964529847,TAHQOAVG,5584777211,ZYXMFBCT,13819.58,14573.85,1,
TXN00000420,CUST003809,William,Miller,Female,Sydney,Australia,Sydney,Australia,Sydney,Australia,2025-09-26 07:56:47,Transfer,452.81,USD,Marriott Hotels,Gas & Fuel,Payment for home & garden,FALSE,6513979062,OXAILNGP,3012964196,YAUGAOHO,5345.26,5700.69,1,
TXN00004785,CUST004683,Ava,Thomas,Female,São Paulo,Brazil,Paris,France,London,UK,2024-02-13 17:36:42,Transfer,5183.6,GBP,McDonalds,Groceries,Payment for travel,TRUE,4537704978,DOOUPYEI,2886152179,IIBVTBNH,10525.69,9897.99,0,Velocity check failed
TXN00002927,CUST000370,Charlotte,Lopez,Male,Sydney,Australia,Sydney,Australia,Sydney,Australia,2024-09-20 00:12:31,Transfer,19.93,AUD,Marriott Hotels,Shopping,Payment for health & fitness,FALSE,8569617035,IMYEHGPP,1923790414,LRRTHASS,13823.7,14116.87,1,
TXN00003663,CUST002996,Charlotte,Martin,Male,São Paulo,Brazil,São Paulo,Brazil,São Paulo,Brazil,2024-06-30 12:58:59,Purchase,202.74,CAD,Home Depot,Food & Dining,Payment for groceries,FALSE,4042913230,AGOFVLQQ,5991015413,DWPLPBYM,9097.88,8956.46,1,
TXN00004209,CUST000664,David,Martinez,Male,Singapore,Singapore,Singapore,Singapore,Singapore,Singapore,2024-08-16 21:37:00,Transfer,466.41,GBP,Amazon,Food & Dining,Payment for food & dining,FALSE,6480280877,BUBNPAVU,8895904033,NQKHTHTU,9689.88,8910.44,1,
TXN00004675,CUST008489,Michael,Martinez,Male,São Paulo,Brazil,São Paulo,Brazil,São Paulo,Brazil,2024-01-28 00:57:09,Purchase,308.52,CAD,Starbucks,Entertainment,Payment for groceries,FALSE,5304093334,CKMMMHLZ,1509772610,YZCDNUXR,10016.45,9087.67,1,
TXN00001186,CUST006199,Mia,Moore,Male,Shanghai,China,Shanghai,China,Shanghai,China,2024-05-29 10:09:20,Purchase,202.88,GBP,Shell Gas,Groceries,Payment for food & dining,FALSE,9756394719,AYYLGSLH,1809099251,VSMQORLH,11710.04,12265.02,1,
TXN00004495,CUST003477,Isabella,Brown,Male,Tokyo,Japan,Tokyo,Japan,Tokyo,Japan,2024-07-25 21:47:43,Purchase,479.9,JPY,Uber,Home & Garden,Payment for shopping,FALSE,3186101567,JBZYXYTG,1816527632,VMELISNT,13256.83,13552.53,1,
TXN00001902,CUST007176,Mia,Smith,Male,London,UK,London,UK,London,UK,2025-05-22 19:17:28,Purchase,479.3,GBP,Marriott Hotels,Groceries,Payment for bills & utilities,FALSE,5729274350,TUYLMTUX,2848607513,YGJHXBTV,11449.87,10547.92,1,
TXN00004737,CUST000296,Harper,Wilson,Female,Paris,France,Paris,France,Paris,France,2024-08-28 13:16:03,Purchase,84.8,AUD,Walmart,Health & Fitness,Payment for shopping,FALSE,6944631076,MRVGTKVS,1501000620,VRPUBZDU,11022.46,10624.19,1,
TXN00000969,CUST000086,Richard,Garcia,Female,Paris,France,Paris,France,Paris,France,2024-07-05 03:15:42,Transfer,439.96,INR,Apple Store,Food & Dining,Payment for gas & fuel,FALSE,5215338574,MBIJYFKI,4742821380,PYAEQRMF,5746.11,6119.97,1,
TXN00004801,CUST002787,Robert,Wilson,Female,London,UK,London,UK,Madrid,Spain,2024-06-05 03:11:06,Purchase,2087.54,INR,Amazon,Bills & Utilities,Payment for entertainment,FALSE,8888582566,PVPFLKAM,1788615995,MFXIQBDF,10172.32,9251.33,0,Known fraudulent merchant
TXN00000545,CUST002572,Isabella,Garcia,Male,New York,USA,New York,USA,New York,USA,2024-05-21 06:13:05,Purchase,191.07,INR,Target,Health & Fitness,Payment for health & fitness,FALSE,8368780424,LTPQOSBZ,2169604943,SVULZRKB,7781.88,7881.03,1,
TXN00002363,CUST003237,Sophia,Smith,Female,São Paulo,Brazil,São Paulo,Brazil,São Paulo,Brazil,2024-02-22 12:52:49,Purchase,288.37,INR,Delta Airlines,Shopping,Payment for home & garden,FALSE,7819382440,VYHKCXBD,1063982677,DAUDFVYL,6376.58,6656.33,1,
TXN00001669,CUST002426,Robert,Rodriguez,Female,Madrid,Spain,Madrid,Spain,Madrid,Spain,2025-09-22 06:12:54,Transfer,302.54,INR,McDonalds,Gas & Fuel,Payment for electronics,FALSE,1955635192,JUMTGFAN,4985267933,QLFAGPQO,8668.28,9480.63,1,
TXN00002278,CUST003871,Richard,Wilson,Female,Mexico City,Mexico,Mexico City,Mexico,Mexico City,Mexico,2024-05-25 01:18:10,Purchase,236.97,AUD,Shell Gas,Gas & Fuel,Payment for gas & fuel,FALSE,7245631062,RLUFVZBN,4196557826,FKCSNBCQ,13728.23,13010.43,1,
TXN00002421,CUST004358,Evelyn,Jones,Male,New York,USA,New York,USA,New York,USA,2025-02-22 14:08:39,Purchase,438.86,EUR,McDonalds,Health & Fitness,Payment for gas & fuel,FALSE,3401988285,KUUWCRLR,5488116434,HPWEQVOY,13488.85,12973.25,1,
TXN00004925,CUST004195,Sophia,Johnson,Female,Rome,Italy,London,UK,Rome,Italy,2024-05-22 05:41:52,Purchase,4871.77,CNY,Delta Airlines,Travel,Payment for travel,FALSE,4116082887,JSNNCODT,8266843629,SIBKFSWY,4390.52,5200.84,0,Login from different country than transaction
TXN00002422,CUST003213,Charlotte,Brown,Male,Toronto,Canada,Toronto,Canada,Toronto,Canada,2024-04-14 15:00:52,Transfer,58.81,EUR,Apple Store,Electronics,Payment for electronics,FALSE,6244754988,JBHKFPTZ,5981548489,JLBEGYGM,12705.03,12649.01,1,
TXN00002327,CUST004746,Joseph,Johnson,Male,London,UK,London,UK,London,UK,2024-08-15 23:05:52,Purchase,331.5,AUD,Target,Electronics,Payment for shopping,FALSE,3047913083,UOQDXGMP,6977807365,BHPEUGKC,13132,12331.4,1,
TXN00004772,CUST004083,Charlotte,Wilson,Female,London,UK,Berlin,Germany,London,UK,2025-08-10 05:16:28,Purchase,3302.39,CNY,Home Depot,Gas & Fuel,Payment for home & garden,FALSE,1321601846,GBMAARGW,7377374289,BXPFADTJ,12751.85,12058.84,0,Velocity check failed
TXN00000182,CUST001835,David,Anderson,Male,Tokyo,Japan,Tokyo,Japan,Tokyo,Japan,2025-06-01 23:32:08,Transfer,174.47,CAD,Airbnb,Groceries,Payment for health & fitness,FALSE,3812318182,LQSRVYXQ,7713719317,XAQDDLSJ,6888.79,6294.75,1,
TXN00003977,CUST004755,Richard,Williams,Male,Rome,Italy,Rome,Italy,Rome,Italy,2025-08-01 14:03:22,Purchase,13.64,CAD,Home Depot,Bills & Utilities,Payment for bills & utilities,TRUE,6853405738,JGYSWXNT,7414273217,FYNIVYML,10513.91,11069.77,1,
TXN00004714,CUST008734,Amelia,Jones,Female,Toronto,Canada,Toronto,Canada,Toronto,Canada,2025-10-08 11:21:53,Purchase,405.76,INR,Starbucks,Entertainment,Payment for shopping,FALSE,3387649735,KIUPIJLH,9324218352,RYNIRVEO,11295.85,10828.89,1,
TXN00001311,CUST005063,Harper,Moore,Female,Mexico City,Mexico,Mexico City,Mexico,Mexico City,Mexico,2024-09-20 11:57:54,Purchase,487.9,CAD,Home Depot,Bills & Utilities,Payment for groceries,FALSE,3473369164,JDNLZIZD,2304346389,JOVUQCHD,12472.08,12580.6,1,
TXN00001533,CUST007931,David,Martinez,Female,Singapore,Singapore,Singapore,Singapore,Singapore,Singapore,2024-03-07 06:15:18,Purchase,436.2,GBP,Airbnb,Health & Fitness,Payment for bills & utilities,FALSE,3336805185,BHASPJMQ,5309476908,CRRDMHNY,6992.03,6819.42,1,
TXN00001196,CUST005662,Thomas,Jackson,Male,Tokyo,Japan,Tokyo,Japan,Tokyo,Japan,2025-04-06 17:58:48,Purchase,483.87,INR,Delta Airlines,Entertainment,Payment for entertainment,FALSE,7877811655,MQROGQFH,1131870770,FYHEFFJE,6030.5,5105.42,1,
TXN00004299,CUST008013,Harper,Davis,Female,London,UK,London,UK,London,UK,2024-05-10 21:41:44,Transfer,227.5,CHF,Uber,Electronics,Payment for food & dining,FALSE,6811292802,YDNFQOFI,3485422994,LYZNYDKS,7280.75,7392.13,1,
TXN00001138,CUST001907,Michael,Johnson,Male,Mumbai,India,Mumbai,India,Mumbai,India,2024-05-12 13:49:12,Purchase,279.87,CAD,Starbucks,Shopping,Payment for entertainment,FALSE,2684250420,ITTEUZGQ,6531867283,SRIVMLSF,14076.13,13826.42,1,
TXN00000107,CUST000573,Michael,Williams,Female,Dubai,UAE,Dubai,UAE,Dubai,UAE,2024-06-21 21:51:39,Purchase,329.69,GBP,Shell Gas,Entertainment,Payment for health & fitness,TRUE,9629754741,YVWGKMIK,1318485716,LIMAVJYD,12431.71,12544.23,1,
TXN00002623,CUST005923,Olivia,Anderson,Male,Tokyo,Japan,Tokyo,Japan,Tokyo,Japan,2025-07-15 11:05:13,Purchase,80.19,CNY,Netflix,Entertainment,Payment for health & fitness,FALSE,2558088758,VGFEOXLV,6788883077,FILZCKVS,12807.71,11997.69,1,
TXN00000469,CUST001897,Isabella,Hernandez,Male,Paris,France,Paris,France,Paris,France,2025-05-08 04:46:14,Transfer,251.46,INR,Walmart,Home & Garden,Payment for entertainment,FALSE,1406510943,HGJUNBWU,1572979951,QHCAQJRK,8394.04,7947.87,1,
TXN00000186,CUST004640,James,Rodriguez,Male,London,UK,London,UK,London,UK,2024-04-23 21:19:49,Transfer,503.97,INR,Apple Store,Travel,Payment for shopping,FALSE,7203678469,DEIJAAVB,7613483480,VSVGVYWM,10503.93,10071.99,1,
TXN00002540,CUST006738,Sophia,Jackson,Male,Shanghai,China,Shanghai,China,Shanghai,China,2025-08-16 09:04:07,Transfer,27.51,CHF,Uber,Food & Dining,Payment for electronics,FALSE,9155079413,HWKJPDET,4693909935,BKTXDSMJ,7352.82,7510.95,1,
TXN00001150,CUST006526,Daniel,Brown,Female,New York,USA,New York,USA,New York,USA,2024-09-29 17:28:23,Transfer,297.33,CHF,Amazon,Gas & Fuel,Payment for electronics,FALSE,4860210053,VRHPAFKT,8221792428,DHUSGSUW,10161.31,9289.04,1,
TXN00002912,CUST000728,Richard,Martin,Male,São Paulo,Brazil,São Paulo,Brazil,São Paulo,Brazil,2024-06-11 15:19:48,Transfer,295.34,CHF,Uber,Groceries,Payment for shopping,FALSE,5026273910,EZRDNTUD,5922455790,ROOHGDMY,8807.4,9754.58,1,
TXN00002564,CUST006056,Sophia,Wilson,Female,Madrid,Spain,Madrid,Spain,Madrid,Spain,2025-06-22 08:08:08,Transfer,250.79,CNY,McDonalds,Entertainment,Payment for bills & utilities,FALSE,6045280446,IMBRUOOG,9436324385,THXPMANG,4624.37,5323.82,1,
TXN00004694,CUST006327,John,Rodriguez,Female,Sydney,Australia,Sydney,Australia,Sydney,Australia,2025-08-02 12:01:39,Purchase,470.5,CAD,Walmart,Shopping,Payment for bills & utilities,TRUE,4514481654,GBYJMIEK,9287433288,NGPPWUSR,13083.32,12090.05,1,
TXN00002770,CUST002466,Daniel,Lopez,Male,New York,USA,New York,USA,New York,USA,2024-11-06 23:09:59,Transfer,501.54,CNY,Home Depot,Entertainment,Payment for health & fitness,FALSE,5388238711,DGMXKIVV,7010309691,QBLNSJFZ,11339.91,11846.71,1,
TXN00002258,CUST004506,Robert,Lopez,Male,Toronto,Canada,Toronto,Canada,Toronto,Canada,2025-01-31 23:03:53,Purchase,234.65,CNY,Uber,Health & Fitness,Payment for gas & fuel,FALSE,8280711951,CZSOSTUI,9671738833,IREJDISR,14953.39,14289.65,1,
TXN00000951,CUST005518,Olivia,Miller,Male,São Paulo,Brazil,São Paulo,Brazil,São Paulo,Brazil,2024-06-01 07:21:12,Purchase,310.16,JPY,Apple Store,Electronics,Payment for electronics,FALSE,2346972549,KMWPLNLS,6963509189,FVYZYBTS,11768.8,12482.49,1,
TXN00002329,CUST000535,Robert,Anderson,Male,Berlin,Germany,Berlin,Germany,Berlin,Germany,2025-10-04 21:21:24,Purchase,169.42,AUD,Home Depot,Entertainment,Payment for food & dining,FALSE,8494060695,FVYGJIII,1761164831,WOWHQRXI,7793.81,8146.4,1,
TXN00002981,CUST009479,David,Brown,Female,Singapore,Singapore,Singapore,Singapore,Singapore,Singapore,2025-07-18 17:50:59,Purchase,50.47,INR,Starbucks,Groceries,Payment for shopping,FALSE,8972854375,LQYDQXZG,9154337444,VPUVPRUE,11388.55,12365.65,1,
TXN00003923,CUST002121,Charlotte,Wilson,Male,Mexico City,Mexico,Mexico City,Mexico,Mexico City,Mexico,2024-12-03 01:38:50,Purchase,18.45,AUD,Uber,Entertainment,Payment for food & dining,FALSE,9252304446,PTGPKHHX,2536545843,XMLMZNFD,8510.93,8001.32,1,
TXN00000285,CUST006800,Charlotte,Miller,Male,Singapore,Singapore,Singapore,Singapore,Singapore,Singapore,2025-05-26 01:55:19,Transfer,49.59,CAD,Walmart,Food & Dining,Payment for travel,FALSE,4590832598,KATGCJAO,9246427461,JRFNJKPV,6518.79,7084.06,1,
TXN00000478,CUST000135,Harper,Lopez,Female,São Paulo,Brazil,São Paulo,Brazil,São Paulo,Brazil,2025-09-14 20:49:23,Transfer,404.12,GBP,Starbucks,Groceries,Payment for shopping,FALSE,3969289334,ACHJEFVY,7897441007,GQFRKPLK,8448.91,9016.67,1,
TXN00001551,CUST004120,Evelyn,Davis,Female,Mumbai,India,Mumbai,India,Mumbai,India,2025-03-14 10:02:04,Purchase,414.31,GBP,Apple Store,Food & Dining,Payment for food & dining,FALSE,7943890670,SYKIKDHK,1989358748,CIBKGCMR,9010.84,8798.15,1,
TXN00001652,CUST009759,Evelyn,Taylor,Female,Sydney,Australia,Sydney,Australia,Sydney,Australia,2025-05-10 20:56:52,Purchase,152.16,CHF,Best Buy,Food & Dining,Payment for gas & fuel,TRUE,2467747409,GSXOJIUD,5763699128,MKFPBLNO,10781.52,10621.9,1,
TXN00004343,CUST001244,Daniel,Garcia,Male,São Paulo,Brazil,São Paulo,Brazil,São Paulo,Brazil,2024-04-26 10:00:42,Transfer,212.25,CAD,Whole Foods,Shopping,Payment for groceries,FALSE,6099123496,MPDKPUVZ,7252875746,DBEGWBQO,11816.21,12651.09,1,
TXN00000986,CUST007924,Thomas,Martinez,Female,Rome,Italy,Rome,Italy,Rome,Italy,2024-07-26 17:50:43,Purchase,491.41,AUD,Shell Gas,Travel,Payment for groceries,FALSE,3236579665,RCUYKHTY,2826946427,GWNCJPOZ,13250.84,13393.78,1,
TXN00000850,CUST002455,Richard,Rodriguez,Male,Shanghai,China,Shanghai,China,Shanghai,China,2024-08-09 10:11:43,Transfer,173.69,EUR,McDonalds,Food & Dining,Payment for food & dining,FALSE,3227986287,IQMUEQMG,7728633504,RGEGMSQM,10318.94,10462.03,1,
TXN00000033,CUST000709,Isabella,Taylor,Male,Toronto,Canada,Toronto,Canada,Toronto,Canada,2025-07-04 18:37:14,Purchase,124.31,INR,Airbnb,Entertainment,Payment for entertainment,FALSE,5980449806,HPNJWSGV,6371315019,GEMRGRUV,13390.43,12465.1,1,
TXN00002262,CUST003396,Richard,Martinez,Male,Mexico City,Mexico,Mexico City,Mexico,Mexico City,Mexico,2024-12-18 16:51:36,Purchase,91.9,GBP,Apple Store,Travel,Payment for bills & utilities,TRUE,9020913978,ETNOYYLB,6172500556,JEHMNBWE,11061.52,11865.86,1,
TXN00004437,CUST004929,Ava,Lopez,Female,Dubai,UAE,Dubai,UAE,Dubai,UAE,2025-02-21 01:02:47,Transfer,161.16,JPY,Shell Gas,Travel,Payment for bills & utilities,FALSE,9737094061,PENVIHHU,5748317845,OEVATQOS,9610.93,9630.25,1,
TXN00002827,CUST001290,Thomas,Lee,Female,Sydney,Australia,Sydney,Australia,Sydney,Australia,2024-06-12 03:33:23,Purchase,72.13,AUD,Uber,Health & Fitness,Payment for health & fitness,TRUE,6133077176,YFBSQOKQ,9062930741,JMSGCBAG,13065.46,12074.08,1,
TXN00003369,CUST009285,Harper,Thomas,Female,Mexico City,Mexico,Mexico City,Mexico,Mexico City,Mexico,2024-07-06 12:16:39,Purchase,426.82,EUR,Walmart,Entertainment,Payment for entertainment,FALSE,3113281497,MIEYRXIE,5792054985,SHVAWTBM,7376.05,7585.22,1,
TXN00003264,CUST002009,Ava,Martinez,Male,Madrid,Spain,Madrid,Spain,Madrid,Spain,2025-08-01 22:52:34,Purchase,441.71,GBP,Netflix,Electronics,Payment for entertainment,FALSE,9081710223,SHUROFDC,7656008430,YESJHAQJ,11082.92,10352.34,1,
TXN00001559,CUST005471,Robert,Miller,Male,São Paulo,Brazil,São Paulo,Brazil,São Paulo,Brazil,2025-03-21 16:43:39,Purchase,321.83,GBP,Target,Travel,Payment for shopping,FALSE,7481732510,ZJRHMFBN,1629072993,JQZWQAQX,13030.61,13192.38,1,
TXN00002707,CUST007662,Charlotte,Garcia,Female,Toronto,Canada,Toronto,Canada,Toronto,Canada,2024-07-20 13:30:16,Transfer,23.3,GBP,Apple Store,Gas & Fuel,Payment for health & fitness,FALSE,7003749744,QUDBAKHQ,5402064635,NUJNBNNJ,11857.21,11177.24,1,
TXN00002160,CUST005364,Thomas,Smith,Male,Madrid,Spain,Madrid,Spain,Madrid,Spain,2024-05-23 07:58:32,Purchase,30.76,AUD,Airbnb,Gas & Fuel,Payment for bills & utilities,FALSE,9693819764,YXGLMMEF,6959814509,BDVTOZRU,13688.37,13484.74,1,
TXN00004081,CUST003848,Ava,Brown,Male,Toronto,Canada,Toronto,Canada,Toronto,Canada,2025-05-13 17:47:58,Purchase,136.94,CHF,McDonalds,Bills & Utilities,Payment for shopping,FALSE,6903163134,ILDSNYKG,4875838438,PLIUOXZE,7851.33,7851.6,1,
TXN00000068,CUST007825,Charlotte,Rodriguez,Female,Tokyo,Japan,Tokyo,Japan,Tokyo,Japan,2024-08-10 06:39:00,Purchase,484.68,CNY,Netflix,Electronics,Payment for gas & fuel,FALSE,3307789349,UUBBGOTV,3069362107,XMUMHEKK,14049.64,13614.09,1,
TXN00002864,CUST006286,Evelyn,Johnson,Female,Mexico City,Mexico,Mexico City,Mexico,Mexico City,Mexico,2025-10-02 02:59:16,Purchase,86.29,INR,Uber,Shopping,Payment for bills & utilities,FALSE,6535636846,GACXRRQR,5583629752,MVLUSJMH,6514.15,6962.24,1,
TXN00000378,CUST009287,Joseph,Moore,Female,Berlin,Germany,Berlin,Germany,Berlin,Germany,2024-04-18 22:26:31,Purchase,384.29,INR,Starbucks,Bills & Utilities,Payment for bills & utilities,FALSE,5480514612,AVSXJDJX,5461859827,QHRIZZOY,7702.24,6725.11,1,
TXN00003906,CUST001171,Mia,Taylor,Male,Sydney,Australia,Sydney,Australia,Sydney,Australia,2024-12-30 17:12:50,Purchase,325.42,USD,Home Depot,Health & Fitness,Payment for entertainment,FALSE,6314681965,VGOJPKEJ,2494294824,UQPHMUWB,9982.77,10309.88,1,
TXN00002736,CUST001179,Michael,Jones,Male,Mumbai,India,Mumbai,India,Mumbai,India,2024-08-30 07:55:07,Purchase,284.51,CHF,Airbnb,Travel,Payment for shopping,FALSE,2659614599,HPJDAESR,6161834612,NLNMHQRZ,13942.26,13630.34,1,
TXN00003072,CUST001124,William,Smith,Male,Shanghai,China,Shanghai,China,Shanghai,China,2025-03-24 15:04:33,Purchase,43.36,GBP,Whole Foods,Electronics,Payment for groceries,FALSE,5605731681,ROAUVNTM,1582972564,UCRZVJWP,6400.38,6798.22,1,
TXN00004685,CUST006454,Joseph,Lopez,Male,Shanghai,China,Shanghai,China,Shanghai,China,2025-03-09 20:09:01,Purchase,325.23,GBP,Apple Store,Travel,Payment for gas & fuel,FALSE,1640117194,ZIPZIGCE,3683739454,GMWCHYDD,8178.38,9009.67,1,
TXN00000628,CUST007707,Mia,Moore,Male,Dubai,UAE,Dubai,UAE,Dubai,UAE,2024-12-14 15:15:14,Purchase,348.12,USD,Apple Store,Health & Fitness,Payment for home & garden,FALSE,4463379760,SFEZZZGG,7116366573,OCJUFPWP,13391.77,12875.3,1,
TXN00000481,CUST004419,Mia,Lopez,Male,New York,USA,New York,USA,New York,USA,2024-08-07 16:34:51,Purchase,324.62,CNY,Home Depot,Travel,Payment for groceries,TRUE,7499162480,NIOTWZCG,5291976840,CHSROLOT,8733.26,9536.9,1,
TXN00004276,CUST007360,Evelyn,Brown,Male,Shanghai,China,Shanghai,China,Shanghai,China,2024-07-25 21:49:30,Transfer,405,CNY,Apple Store,Entertainment,Payment for home & garden,FALSE,2054036235,PBFMIFAN,7759467422,JPACOBRW,13664.29,14017.33,1,
TXN00000786,CUST006287,Joseph,Williams,Male,Mexico City,Mexico,Mexico City,Mexico,Mexico City,Mexico,2024-05-03 19:04:29,Purchase,11.69,JPY,Home Depot,Gas & Fuel,Payment for groceries,FALSE,2592245904,RMYBRAKK,5076205047,NYSDWWPM,4309.55,5087.69,1,
TXN00003703,CUST008036,Amelia,Thomas,Male,Singapore,Singapore,Singapore,Singapore,Singapore,Singapore,2025-08-10 11:33:20,Purchase,69.73,JPY,Whole Foods,Electronics,Payment for groceries,FALSE,3950580959,QDBDJUEV,5928343901,XBVGLZCT,9699.42,10109.26,1,
TXN00002107,CUST002010,Thomas,Johnson,Male,London,UK,London,UK,London,UK,2024-03-04 07:33:52,Purchase,94.32,AUD,Best Buy,Groceries,Payment for health & fitness,FALSE,3173286911,TFHTITSP,6854822989,MBHMOWBF,5357,5905.31,1,
TXN00002288,CUST000862,Harper,Brown,Male,Dubai,UAE,Dubai,UAE,Dubai,UAE,2024-10-31 22:49:38,Transfer,442.4,CAD,Airbnb,Entertainment,Payment for health & fitness,FALSE,9770030047,MJRNNAKS,8679546391,STPIYTIO,11084.06,10459.39,1,
TXN00000868,CUST006167,Sophia,Miller,Male,Shanghai,China,Shanghai,China,Shanghai,China,2024-06-07 16:54:59,Purchase,46.23,INR,Home Depot,Home & Garden,Payment for health & fitness,FALSE,9774499253,ZGRLQYEZ,3707086522,AMNAFBEV,10851.68,10105.21,1,
TXN00002694,CUST004367,Richard,Wilson,Female,Rome,Italy,Rome,Italy,Rome,Italy,2024-02-12 19:17:49,Purchase,280,INR,Netflix,Food & Dining,Payment for electronics,FALSE,4310891418,PZMGFSWM,9572297496,KEZMOIXW,6510.91,7142.37,1,
TXN00000953,CUST000979,Charlotte,Williams,Male,Paris,France,Paris,France,Paris,France,2025-03-10 03:46:12,Purchase,240.67,CAD,Delta Airlines,Travel,Payment for home & garden,FALSE,7874557159,BWDVJFTS,8698112218,QUJBBOJN,12033.58,12724.9,1,
TXN00003864,CUST005183,Emma,Taylor,Female,Toronto,Canada,Toronto,Canada,Toronto,Canada,2024-08-21 20:11:12,Purchase,346.49,CHF,Apple Store,Home & Garden,Payment for health & fitness,FALSE,6898475504,QZLPAUDC,2051860618,NVWRMOAN,6404.14,6036.05,1,
TXN00003000,CUST007973,Ava,Thomas,Male,Singapore,Singapore,Singapore,Singapore,Singapore,Singapore,2024-05-21 22:59:43,Purchase,115.3,INR,Target,Gas & Fuel,Payment for travel,FALSE,3408175195,ODTFFLHY,8900598207,UWMKARTK,8316.05,8476.07,1,
TXN00002193,CUST000974,Joseph,Jackson,Female,Dubai,UAE,Dubai,UAE,Dubai,UAE,2025-02-15 12:43:49,Transfer,186.07,CAD,Home Depot,Shopping,Payment for shopping,FALSE,8155196314,QBVMRRDU,8644054522,YBJQTLYJ,9779.09,9737.36,1,
TXN00000678,CUST009487,Amelia,Martinez,Female,London,UK,London,UK,London,UK,2024-05-11 03:32:43,Transfer,406.64,CAD,McDonalds,Entertainment,Payment for travel,FALSE,6073300238,EDZVCCXG,6698089147,ARSSVQQB,12942.69,13075.07,1,
TXN00002220,CUST003511,James,Taylor,Female,São Paulo,Brazil,São Paulo,Brazil,São Paulo,Brazil,2025-04-24 09:53:06,Transfer,85.3,JPY,Target,Bills & Utilities,Payment for entertainment,FALSE,1936276608,BFADCTII,6782518235,VRAJGFYR,12770.86,13743.6,1,
TXN00001882,CUST003574,Amelia,Thomas,Female,New York,USA,New York,USA,New York,USA,2025-05-31 12:00:40,Purchase,318.31,USD,Apple Store,Health & Fitness,Payment for shopping,FALSE,3468350036,HGPHDLBZ,2062654678,XANUEVYS,5805.93,5772.47,1,
TXN00004492,CUST002701,Joseph,Thomas,Male,Mumbai,India,Mumbai,India,Mumbai,India,2025-10-11 09:20:26,Purchase,143.51,CHF,Netflix,Gas & Fuel,Payment for health & fitness,FALSE,6769301548,YVILWOOF,4385049521,QDQMPVWZ,13199.29,13814.73,1,
TXN00000152,CUST006661,David,Hernandez,Female,Mumbai,India,Mumbai,India,Mumbai,India,2025-06-18 23:47:09,Purchase,189.65,AUD,Starbucks,Travel,Payment for entertainment,FALSE,8552286043,OFABRCVF,1565697149,WODIKYNY,11254.58,10877.06,1,
TXN00000647,CUST008870,Emma,Moore,Male,Toronto,Canada,Toronto,Canada,Toronto,Canada,2025-06-24 23:14:38,Purchase,310.38,AUD,Delta Airlines,Home & Garden,Payment for food & dining,FALSE,1964791619,YSZSPTWW,8574101036,LJYIVHPX,6823.62,6777.74,1,
TXN00000816,CUST008985,Thomas,Jackson,Female,Dubai,UAE,Dubai,UAE,Dubai,UAE,2025-01-25 15:48:53,Transfer,211.31,AUD,Amazon,Groceries,Payment for electronics,FALSE,8879133557,ZJZAWZTH,2451134767,YFBLNYQI,13496.46,13824.54,1,
TXN00001239,CUST000564,Ava,Johnson,Female,Mumbai,India,Mumbai,India,Mumbai,India,2024-07-02 03:28:10,Transfer,71.36,CAD,Walmart,Home & Garden,Payment for health & fitness,FALSE,9175823827,XPLQLQZL,9296253202,BGIUTRIN,12237.18,12672.74,1,
TXN00002973,CUST003272,Amelia,Miller,Female,Tokyo,Japan,Tokyo,Japan,Tokyo,Japan,2024-01-29 13:35:06,Purchase,495.2,AUD,Uber,Home & Garden,Payment for health & fitness,FALSE,6016436747,YYVKNUCP,6927542584,XHWLRFHD,10159.01,9270.02,1,
TXN00003413,CUST009359,Amelia,Martinez,Female,Berlin,Germany,Berlin,Germany,Berlin,Germany,2024-10-21 00:09:16,Purchase,77.03,CAD,Home Depot,Bills & Utilities,Payment for gas & fuel,FALSE,6853059168,SNHFUPOU,3805002785,NSVPANBH,9663.54,10597.08,1,
TXN00002344,CUST000438,Thomas,Taylor,Male,London,UK,London,UK,London,UK,2025-06-09 03:23:40,Purchase,163.62,INR,Best Buy,Health & Fitness,Payment for shopping,FALSE,8655642183,VLTCJBIV,9196777563,UEQFGTTQ,4980.32,5409.8,1,
TXN00001274,CUST005754,Daniel,Rodriguez,Male,São Paulo,Brazil,São Paulo,Brazil,São Paulo,Brazil,2024-03-09 04:04:00,Purchase,322.75,CHF,Walmart,Shopping,Payment for travel,TRUE,8619126485,FXXZYTBR,5221927715,JGUMXQQF,14088.28,13818.78,1,
TXN00003911,CUST001980,Ava,Jackson,Female,New York,USA,New York,USA,New York,USA,2024-11-24 03:41:09,Purchase,304.31,CHF,Amazon,Food & Dining,Payment for electronics,FALSE,9110179544,RHFMHYMO,8717852813,KBXIOHQV,8055.87,7608.3,1,
TXN00001114,CUST009931,Isabella,Taylor,Male,Mumbai,India,Mumbai,India,Mumbai,India,2024-05-15 23:59:18,Purchase,200.39,INR,Shell Gas,Gas & Fuel,Payment for bills & utilities,FALSE,8303521251,FLBQKZME,6194800360,WNPYSZDZ,8485.07,8936.67,1,
TXN00002592,CUST004773,Michael,Lopez,Male,Rome,Italy,Rome,Italy,Rome,Italy,2025-07-12 08:30:44,Transfer,423.3,AUD,Whole Foods,Electronics,Payment for gas & fuel,FALSE,9629970646,JKLJMWUV,5511720823,NTQNSZLR,9084.95,9734.15,1,
TXN00004394,CUST009567,David,Jackson,Female,Mexico City,Mexico,Mexico City,Mexico,Mexico City,Mexico,2025-07-26 15:48:47,Purchase,15.68,INR,Walmart,Shopping,Payment for entertainment,FALSE,3653525201,EYALJEVL,5028429875,XHZTPRDC,12852.79,13361.65,1,
TXN00000254,CUST001478,Charlotte,Lee,Female,São Paulo,Brazil,São Paulo,Brazil,São Paulo,Brazil,2025-04-26 03:42:59,Purchase,390.66,GBP,Home Depot,Entertainment,Payment for groceries,TRUE,4640454650,UFPONCSY,6982985780,WWTWJCUP,5692.75,6162.35,1,
TXN00000317,CUST004536,Emma,Williams,Male,Toronto,Canada,Toronto,Canada,Toronto,Canada,2024-02-13 02:55:09,Purchase,140.71,CAD,Walmart,Home & Garden,Payment for gas & fuel,FALSE,8860013698,UUYTUGNS,6261967973,MUIPNNFV,12227.42,12487.65,1,
TXN00003985,CUST006201,Amelia,Williams,Male,Paris,France,Paris,France,Paris,France,2024-04-17 10:53:37,Transfer,363.49,EUR,Uber,Home & Garden,Payment for food & dining,TRUE,9602848952,MDJWXLGT,1109212031,PHACJUEQ,14528.58,13550.04,1,
TXN00001180,CUST000988,Michael,Anderson,Female,Shanghai,China,Shanghai,China,Shanghai,China,2024-04-07 16:48:16,Purchase,127.52,CAD,Starbucks,Travel,Payment for shopping,FALSE,6607913443,CRYDIASU,3240816407,IARZEZUL,7207.73,6846.45,1,
TXN00001924,CUST009029,Harper,Brown,Female,Rome,Italy,Rome,Italy,Rome,Italy,2025-08-09 17:07:23,Purchase,21.72,CAD,Target,Entertainment,Payment for electronics,FALSE,5314989141,NOAEUNKQ,7248940257,BMGDXVSC,12939.04,13354.88,1,
TXN00000603,CUST002335,Emma,Miller,Female,Sydney,Australia,Sydney,Australia,Sydney,Australia,2024-02-13 16:48:37,Transfer,500.53,AUD,Shell Gas,Shopping,Payment for gas & fuel,FALSE,4278458838,TIQBSIJP,6340971598,XTQKYDFD,6163.38,6682.9,1,
TXN00001701,CUST009247,Thomas,Johnson,Female,Sydney,Australia,Sydney,Australia,Sydney,Australia,2024-10-07 22:11:41,Purchase,250.56,EUR,Walmart,Home & Garden,Payment for health & fitness,FALSE,3917503649,XWJADQQG,7056557005,NSUCQIEM,6039.92,6021.35,1,
TXN00002688,CUST008418,Olivia,Rodriguez,Male,Paris,France,Paris,France,Paris,France,2024-09-30 22:10:03,Purchase,428.85,CNY,Airbnb,Groceries,Payment for shopping,FALSE,7223624442,OGVQVBFM,5120225156,QYFDEZVC,5982.54,6347.11,1,
TXN00000502,CUST004872,Ava,Jones,Female,São Paulo,Brazil,São Paulo,Brazil,São Paulo,Brazil,2024-09-30 20:17:57,Purchase,64.65,CAD,Amazon,Bills & Utilities,Payment for health & fitness,FALSE,4829089542,EHDCDISX,4723144553,IUYDWWQK,6078.26,6502.85,1,
TXN00003426,CUST005021,Harper,Garcia,Male,São Paulo,Brazil,São Paulo,Brazil,São Paulo,Brazil,2025-04-18 06:12:32,Purchase,218.08,CAD,Delta Airlines,Shopping,Payment for health & fitness,FALSE,8341555839,WUIEUUTJ,4349624961,DXSHJDYL,5975.78,5193.92,1,
TXN00004709,CUST006889,Harper,Anderson,Male,Toronto,Canada,Toronto,Canada,Toronto,Canada,2025-03-02 21:18:25,Transfer,193.93,EUR,Airbnb,Electronics,Payment for entertainment,FALSE,4119904684,JBGKHVUV,9153368158,WGZCGHYF,13525.86,12702.1,1,
TXN00000095,CUST000621,James,Garcia,Female,Shanghai,China,Shanghai,China,Shanghai,China,2024-02-28 18:45:14,Purchase,176.44,INR,Airbnb,Entertainment,Payment for travel,FALSE,5545887233,CNENRFVV,1233566770,EIEGFEIX,10295.47,11207.21,1,
TXN00002826,CUST009541,David,Williams,Female,Mumbai,India,Mumbai,India,Mumbai,India,2024-06-03 17:58:41,Purchase,116.07,CAD,Airbnb,Travel,Payment for entertainment,FALSE,3654643120,WNLKOTZB,5162976793,VTWUCXZJ,6169.57,6928.23,1,
TXN00000571,CUST006590,John,Garcia,Female,Madrid,Spain,Madrid,Spain,Madrid,Spain,2024-02-14 17:31:36,Purchase,258.33,USD,Shell Gas,Travel,Payment for entertainment,FALSE,3304805704,AECJMJOK,2712479778,DVYRANWH,11943.52,11147.33,1,
TXN00001660,CUST006109,Richard,Brown,Male,London,UK,London,UK,London,UK,2025-04-21 06:05:46,Purchase,205.89,CHF,Amazon,Food & Dining,Payment for shopping,FALSE,7492418272,GLEWMJAV,6421359457,SBAKVZZH,10780.49,11721.43,1,
TXN00000224,CUST003841,Amelia,Jones,Female,Berlin,Germany,Berlin,Germany,Berlin,Germany,2025-10-10 07:30:01,Purchase,32.32,EUR,Shell Gas,Groceries,Payment for home & garden,FALSE,6445692859,AFTFMGKK,4994408362,SWVRBKCA,10965.17,11676.22,1,
TXN00000989,CUST003965,Richard,Taylor,Male,London,UK,London,UK,London,UK,2025-08-06 18:29:09,Transfer,506.32,CAD,Best Buy,Shopping,Payment for travel,FALSE,3446512075,KWJBOIBB,1813889597,WLSIQLTH,10849.15,10160.73,1,
TXN00003841,CUST009174,Richard,Brown,Male,Tokyo,Japan,Tokyo,Japan,Tokyo,Japan,2024-03-17 05:15:57,Purchase,313.62,USD,McDonalds,Gas & Fuel,Payment for travel,FALSE,3816369419,XXLCOXJQ,6294921389,IAVVZCEC,6651.18,5995.02,1,
TXN00001593,CUST002243,Evelyn,Johnson,Male,Shanghai,China,Shanghai,China,Shanghai,China,2025-06-04 09:58:04,Purchase,226.08,EUR,Apple Store,Home & Garden,Payment for shopping,FALSE,3275815807,GLYUFQWN,2955066842,BBAQUNWU,10132.37,11095.84,1,
TXN00001819,CUST002125,Olivia,Martinez,Female,Sydney,Australia,Sydney,Australia,Sydney,Australia,2024-12-10 15:10:33,Purchase,163.56,INR,Netflix,Groceries,Payment for gas & fuel,FALSE,8781739408,BCMKBJRE,6633248522,WTZLQQTG,12046.67,12259.08,1,
TXN00003491,CUST000589,Michael,Garcia,Male,Mexico City,Mexico,Mexico City,Mexico,Mexico City,Mexico,2025-01-23 12:37:50,Transfer,192.34,JPY,Best Buy,Groceries,Payment for bills & utilities,FALSE,2032999004,OADEJUZV,1885619621,DWYEZZZP,9317.73,8989.68,1,
TXN00003126,CUST008180,Joseph,Wilson,Female,Shanghai,China,Shanghai,China,Shanghai,China,2025-05-23 23:47:44,Transfer,276.21,JPY,Home Depot,Travel,Payment for groceries,FALSE,7779524992,BIEHLPIY,7737268162,FTKFVJPL,6688.1,6137.2,1,
TXN00001298,CUST008681,Charlotte,Williams,Male,Mexico City,Mexico,Mexico City,Mexico,Mexico City,Mexico,2025-09-01 12:31:55,Purchase,475.58,CNY,Best Buy,Electronics,Payment for entertainment,TRUE,4657316463,XROCEWRN,9198038576,NNAZLCNH,8036.63,7245.14,1,
TXN00001649,CUST009502,John,Brown,Male,London,UK,London,UK,London,UK,2024-01-31 11:59:49,Purchase,183.14,AUD,Target,Bills & Utilities,Payment for health & fitness,FALSE,6433607000,VUSOBUVY,5208366950,ECBMNALX,9642.08,8793.21,1,
TXN00002267,CUST002511,Harper,Davis,Male,Singapore,Singapore,Singapore,Singapore,Singapore,Singapore,2024-07-07 17:12:09,Transfer,496.62,CNY,Delta Airlines,Travel,Payment for gas & fuel,FALSE,4135985570,UFXHJURD,5522771991,YOBBCNFM,6858.88,7838.5,1,
TXN00002815,CUST007708,Evelyn,Jackson,Male,São Paulo,Brazil,São Paulo,Brazil,São Paulo,Brazil,2024-05-24 22:21:19,Purchase,171.26,JPY,Target,Bills & Utilities,Payment for home & garden,FALSE,7580144580,TLTCXQJD,1322555262,RHNIMRUN,6276.71,6416.3,1,
TXN00001835,CUST008099,William,Garcia,Male,Mexico City,Mexico,Mexico City,Mexico,Mexico City,Mexico,2024-11-20 02:54:25,Purchase,376.49,CNY,Starbucks,Entertainment,Payment for health & fitness,FALSE,2032485589,MCTMNNYS,9518980927,CAJQRLLR,13281.83,13236.77,1,
TXN00001866,CUST005923,William,Lopez,Female,Rome,Italy,Rome,Italy,Rome,Italy,2024-04-15 21:56:58,Purchase,282.61,CAD,Apple Store,Health & Fitness,Payment for shopping,FALSE,6555632776,SPPVZRUT,2612120648,QUUBUDLR,12108.88,13051.38,1,
TXN00000971,CUST004213,Evelyn,Davis,Female,Madrid,Spain,Madrid,Spain,Madrid,Spain,2024-05-23 07:24:18,Purchase,403.99,EUR,Starbucks,Entertainment,Payment for food & dining,FALSE,5929091208,KUBXVYTM,3970950520,PWIXUNTW,8891.37,9111.68,1,
TXN00003561,CUST006472,Robert,Smith,Male,Berlin,Germany,Berlin,Germany,Berlin,Germany,2025-06-03 21:00:25,Purchase,157.81,GBP,Marriott Hotels,Shopping,Payment for food & dining,FALSE,2866101805,KBWDZCWQ,5408181787,UJWBRCMH,12126.27,12565.1,1,
TXN00001144,CUST006878,Ava,Brown,Male,Mexico City,Mexico,Mexico City,Mexico,Mexico City,Mexico,2025-01-30 19:09:51,Purchase,422.74,JPY,Uber,Health & Fitness,Payment for travel,FALSE,5945910149,MVPWDMCM,9058320964,PERWBABV,11818.16,12168.65,1,
TXN00002330,CUST000836,Daniel,Lopez,Female,London,UK,London,UK,London,UK,2024-11-09 16:56:23,Purchase,246.94,INR,Marriott Hotels,Home & Garden,Payment for home & garden,FALSE,8102922028,XWLRJUQP,4634099647,WCZNANUF,14448.35,14228.41,1,
TXN00004071,CUST003179,Charlotte,Hernandez,Male,Tokyo,Japan,Tokyo,Japan,Tokyo,Japan,2024-04-19 17:30:21,Purchase,385.17,CHF,Whole Foods,Travel,Payment for entertainment,FALSE,9783247203,BOYTDBWH,9094113191,QPQQQQSD,12825.05,13657.4,1,
TXN00004205,CUST000064,Daniel,Martin,Female,Berlin,Germany,Berlin,Germany,Berlin,Germany,2025-02-07 15:49:32,Purchase,66.73,USD,McDonalds,Bills & Utilities,Payment for gas & fuel,FALSE,1631908387,SYYVDFIA,2731446809,GKEGZBYJ,7031.02,7331.61,1,
TXN00001734,CUST008108,Ava,Davis,Female,Singapore,Singapore,Singapore,Singapore,Singapore,Singapore,2024-08-07 08:00:03,Transfer,211.14,EUR,Best Buy,Groceries,Payment for entertainment,FALSE,3046710233,VBKKILBQ,8650297895,UPDRSPGU,8681.3,7684.57,1,
TXN00000320,CUST006051,William,Jones,Female,Dubai,UAE,Dubai,UAE,Dubai,UAE,2024-01-13 23:45:58,Transfer,433.2,USD,Marriott Hotels,Home & Garden,Payment for travel,FALSE,3321387141,HPYAZTUY,1699139424,QGYJYIZZ,6730.74,7709.63,1,
TXN00004520,CUST000258,Evelyn,Jones,Female,Rome,Italy,Rome,Italy,Rome,Italy,2024-05-18 00:28:21,Transfer,80.53,GBP,Target,Home & Garden,Payment for health & fitness,FALSE,3358065952,KRHANEWZ,6846963018,KTTJXBSD,8405.24,8887.03,1,
TXN00003986,CUST009486,Olivia,Jones,Female,Toronto,Canada,Toronto,Canada,Toronto,Canada,2024-05-06 17:27:17,Purchase,389.22,CNY,Shell Gas,Groceries,Payment for entertainment,FALSE,2651069576,BEBLDXXD,7574975428,UMXIBBPJ,11013.6,10696.88,1,
TXN00004784,CUST002617,Amelia,Thomas,Male,Mexico City,Mexico,Mexico City,Mexico,New York,USA,2024-02-19 15:31:49,Purchase,5190.37,CHF,Airbnb,Gas & Fuel,Payment for entertainment,FALSE,3028209278,PGXLLFYX,5288634943,OLUUNUAF,6587.74,7403.24,0,Known fraudulent merchant
TXN00004203,CUST008788,Thomas,Williams,Male,New York,USA,New York,USA,New York,USA,2024-11-30 20:34:03,Purchase,125.82,AUD,Netflix,Bills & Utilities,Payment for health & fitness,FALSE,9996600062,OHUSTXCK,7261168223,VZKYOPEN,13769.03,14213.59,1,
TXN00004451,CUST006724,Harper,Williams,Female,London,UK,London,UK,London,UK,2024-10-04 09:16:16,Purchase,164.23,INR,Target,Bills & Utilities,Payment for groceries,FALSE,6704418893,BFFEOEXI,7042936652,CCSOXRDJ,6921.5,6261.64,1,
TXN00001081,CUST000060,Daniel,Brown,Female,Tokyo,Japan,Tokyo,Japan,Tokyo,Japan,2024-01-31 13:27:36,Purchase,213.5,GBP,Apple Store,Entertainment,Payment for food & dining,FALSE,9588578209,MIVDAFXC,8944684978,GXYQDFHR,6212.14,5633.58,1,
TXN00002211,CUST004722,Mia,Lee,Female,São Paulo,Brazil,São Paulo,Brazil,São Paulo,Brazil,2025-04-29 21:28:58,Purchase,25.74,EUR,Starbucks,Food & Dining,Payment for food & dining,FALSE,5089905677,DHGFAWRW,6098877207,DTVIHDMG,9071.87,9098.48,1,
TXN00004964,CUST005753,James,Hernandez,Male,Tokyo,Japan,Tokyo,Japan,Mexico City,Mexico,2024-04-11 08:27:27,Purchase,3479.76,USD,Amazon,Entertainment,Payment for shopping,FALSE,9722883261,VIBJGUCG,7770561699,AXFGBLFV,13718.22,13802.06,0,Login from different country than transaction
TXN00000002,CUST002304,Mia,Lopez,Female,Mumbai,India,Mumbai,India,Mumbai,India,2025-09-09 19:48:30,Transfer,459.84,AUD,Starbucks,Gas & Fuel,Payment for electronics,FALSE,6155989606,TTEOCHBZ,3204455279,HZDJVJUZ,12396.03,11444.85,1,
TXN00003742,CUST008574,Robert,Brown,Male,Berlin,Germany,Berlin,Germany,Berlin,Germany,2025-02-01 16:59:20,Purchase,373.93,EUR,Apple Store,Food & Dining,Payment for health & fitness,FALSE,5122513621,OWODSAAB,4447200150,IRVTDROJ,7115.66,7378.02,1,
TXN00002945,CUST006036,Sophia,Martinez,Female,Madrid,Spain,Madrid,Spain,Madrid,Spain,2024-10-21 19:39:05,Purchase,124.7,CHF,Marriott Hotels,Shopping,Payment for bills & utilities,FALSE,8060573699,VBXRXUWX,4434095880,YXFYHRBW,10935.43,10862.29,1,
TXN00004932,CUST008977,Amelia,Brown,Female,Madrid,Spain,New York,USA,Madrid,Spain,2025-06-24 18:49:14,Transfer,2195.1,AUD,Shell Gas,Groceries,Payment for groceries,FALSE,6921390102,CXWNQKXR,5294251487,EUVBCAGS,4414.43,5393.94,0,Login from different country than transaction
TXN00002748,CUST002328,William,Moore,Female,São Paulo,Brazil,São Paulo,Brazil,São Paulo,Brazil,2024-08-15 23:59:57,Transfer,159.46,AUD,Airbnb,Travel,Payment for shopping,FALSE,8701758325,AKUMFCVI,6879653453,DODVNWWD,10001.65,10113.09,1,
TXN00000813,CUST002496,James,Rodriguez,Male,Shanghai,China,Shanghai,China,Shanghai,China,2024-09-13 20:39:08,Purchase,382.43,GBP,Whole Foods,Entertainment,Payment for food & dining,FALSE,2210883724,ZVBILSZV,3662855722,LLIYDRHX,14425.07,13762.58,1,
TXN00002941,CUST009311,David,Anderson,Male,Dubai,UAE,Dubai,UAE,Dubai,UAE,2025-08-31 13:09:01,Transfer,213.61,CHF,Apple Store,Gas & Fuel,Payment for electronics,FALSE,5755072520,GOERFCDV,2716195211,SQQNGNZK,14190.28,13994.53,1,
TXN00004156,CUST003527,Thomas,Smith,Female,Madrid,Spain,Madrid,Spain,Madrid,Spain,2025-03-06 12:02:29,Transfer,290.53,CAD,Uber,Groceries,Payment for electronics,FALSE,7699305498,TVIOPLVI,9879927644,QXQTBPAO,14060.98,14544.32,1,
TXN00000300,CUST005782,Isabella,Wilson,Male,Tokyo,Japan,Tokyo,Japan,Tokyo,Japan,2024-05-10 19:52:20,Transfer,442.38,GBP,Best Buy,Entertainment,Payment for groceries,FALSE,8795314153,QNBCGIAS,6812575564,MOGZZBND,7519.64,7563.89,1,
TXN00000521,CUST003385,Ava,Thomas,Male,New York,USA,New York,USA,New York,USA,2025-03-28 14:47:11,Purchase,269.54,CNY,Starbucks,Electronics,Payment for groceries,FALSE,9805360213,VDHRHDWJ,6680637745,WTUDMBQH,6108.9,6550.33,1,
TXN00002037,CUST008546,Olivia,Hernandez,Male,Tokyo,Japan,Tokyo,Japan,Tokyo,Japan,2025-01-15 02:23:53,Purchase,296.47,GBP,Walmart,Entertainment,Payment for health & fitness,FALSE,1357532598,HKECNISZ,8776075402,LEUXLZKL,10115.46,10427.83,1,
TXN00003376,CUST008338,Harper,Jackson,Female,Toronto,Canada,Toronto,Canada,Toronto,Canada,2024-09-19 13:03:30,Transfer,459.13,JPY,Airbnb,Travel,Payment for shopping,TRUE,1228843807,FDRJKLXB,7628396554,GGMYDOQS,8176.01,7553.02,1,
TXN00001685,CUST002399,Mia,Hernandez,Female,Dubai,UAE,Dubai,UAE,Dubai,UAE,2025-02-08 22:06:12,Purchase,191.85,CHF,Best Buy,Groceries,Payment for electronics,FALSE,9897423367,GPQGEDMI,7089421850,CEYISUZX,9936.25,9712.63,1,
TXN00002924,CUST007033,Evelyn,Anderson,Male,Tokyo,Japan,Tokyo,Japan,Tokyo,Japan,2024-01-03 12:56:49,Transfer,401.03,USD,Target,Entertainment,Payment for travel,TRUE,4060144227,ZMYRNVPX,7318140480,GPIBOWYH,7793.21,8473.94,1,
TXN00002424,CUST005246,David,Williams,Male,Rome,Italy,Rome,Italy,Rome,Italy,2025-02-15 12:35:37,Purchase,309.6,EUR,Starbucks,Shopping,Payment for shopping,FALSE,8372519974,JMQVYVKL,4715758023,XRMIGPJV,8306.87,8818.17,1,
TXN00001998,CUST003556,Emma,Anderson,Male,Tokyo,Japan,Tokyo,Japan,Tokyo,Japan,2024-09-06 03:29:43,Purchase,461.97,CNY,Best Buy,Home & Garden,Payment for travel,FALSE,9142025165,TZJXMQID,2910464807,TISQENHJ,9001.02,9223.03,1,
TXN00001864,CUST005593,James,Miller,Female,London,UK,London,UK,London,UK,2025-09-13 10:19:51,Purchase,270.3,CNY,Delta Airlines,Travel,Payment for groceries,TRUE,4459869008,JIFPUQMP,2589842686,EUFGRQLT,9073.55,8883.3,1,
TXN00002593,CUST004048,Amelia,Garcia,Male,Shanghai,China,Shanghai,China,Shanghai,China,2025-03-21 02:57:11,Purchase,207.81,CNY,Uber,Electronics,Payment for shopping,FALSE,6695939969,GMUYRYOW,1513130578,OMIXPQJZ,15128.49,14726.7,1,
TXN00003773,CUST003308,Michael,Brown,Female,Rome,Italy,Rome,Italy,Rome,Italy,2024-03-17 12:27:54,Purchase,61.25,GBP,Apple Store,Gas & Fuel,Payment for bills & utilities,TRUE,9804727405,LUFIYARD,4093672606,XAWJADIK,6219.31,5313.1,1,
TXN00002235,CUST009473,Charlotte,Williams,Male,London,UK,London,UK,London,UK,2025-08-25 05:44:44,Transfer,341.07,INR,Walmart,Gas & Fuel,Payment for groceries,FALSE,3240975486,PSGCVIFV,6731182509,VYCIKRER,9705.88,9723.37,1,
TXN00001025,CUST009458,Thomas,Moore,Male,Singapore,Singapore,Singapore,Singapore,Singapore,Singapore,2025-07-27 08:48:55,Purchase,278.83,EUR,Marriott Hotels,Entertainment,Payment for groceries,FALSE,5149442461,RBRJWUER,1106810404,IUJPKMON,6538.54,6802.67,1,
TXN00003774,CUST000703,Evelyn,Rodriguez,Female,Sydney,Australia,Sydney,Australia,Sydney,Australia,2025-09-27 02:09:38,Purchase,360.96,EUR,Apple Store,Electronics,Payment for electronics,FALSE,5303462775,YIXTHCQK,2488552909,LNUKWVVS,11554.76,12101.38,1,
TXN00003284,CUST008174,William,Miller,Male,Rome,Italy,Rome,Italy,Rome,Italy,2024-10-24 01:01:51,Transfer,500.49,CHF,Amazon,Groceries,Payment for gas & fuel,FALSE,9208797846,ELRMJBEL,6522690655,OOYMPZJB,8727.85,8998.12,1,
TXN00000264,CUST001987,Harper,Wilson,Female,Singapore,Singapore,Singapore,Singapore,Singapore,Singapore,2024-10-02 11:38:17,Transfer,105.34,EUR,Uber,Health & Fitness,Payment for shopping,TRUE,5516861928,VBHZLVZZ,9525789699,TZOTSERD,6254.49,7226.66,1,
TXN00003541,CUST006296,John,Williams,Male,London,UK,London,UK,London,UK,2024-11-27 09:57:46,Transfer,442.45,CNY,Whole Foods,Electronics,Payment for food & dining,FALSE,9470959652,MEGXPPZP,7635704439,AYVFIMAB,6173.99,7130.93,1,
TXN00004782,CUST002553,John,Garcia,Female,Toronto,Canada,Toronto,Canada,Toronto,Canada,2024-02-04 04:13:21,Purchase,3808.86,INR,Apple Store,Food & Dining,Payment for food & dining,FALSE,4696926866,WTAPRKFS,4186733425,WTBFPUXS,11735.77,11279.47,0,Account takeover suspected
TXN00002182,CUST005923,Thomas,Garcia,Male,São Paulo,Brazil,São Paulo,Brazil,São Paulo,Brazil,2025-01-25 13:47:01,Purchase,374.08,CAD,Best Buy,Electronics,Payment for home & garden,FALSE,3959944453,CACIUAHQ,5636821979,NYKNDHIN,9278.87,9066.79,1,
TXN00002835,CUST002203,Amelia,Hernandez,Male,London,UK,London,UK,London,UK,2025-02-03 08:36:12,Transfer,483,USD,Marriott Hotels,Shopping,Payment for home & garden,FALSE,3244921079,NTOCSPFD,6031083460,HRUDCTKE,11352.56,10833.95,1,
TXN00002626,CUST008688,Richard,Anderson,Female,Mumbai,India,Mumbai,India,Mumbai,India,2024-09-16 04:42:46,Purchase,231.51,CHF,Amazon,Travel,Payment for groceries,FALSE,4438634664,GFGYPYHF,5959657319,OJIQFLOY,5910.6,5327.22,1,
TXN00003200,CUST004988,Amelia,Hernandez,Male,Tokyo,Japan,Tokyo,Japan,Tokyo,Japan,2024-09-30 16:03:11,Purchase,400.95,CHF,Shell Gas,Shopping,Payment for entertainment,FALSE,6255982820,QYSTMLZB,3464473359,MYNWICQK,9351.74,9205.17,1,
TXN00003763,CUST005781,William,Brown,Male,Madrid,Spain,Madrid,Spain,Madrid,Spain,2024-07-10 09:29:02,Purchase,16.32,CHF,Home Depot,Shopping,Payment for shopping,FALSE,8034946060,RRVKKSYT,6517077203,ABKTCTIO,11884.51,11525.32,1,
TXN00002089,CUST003757,William,Lee,Female,Shanghai,China,Shanghai,China,Shanghai,China,2024-03-14 13:20:58,Transfer,435.49,CNY,Best Buy,Shopping,Payment for gas & fuel,FALSE,9317028876,DROJAFDZ,8891235966,KLKYOTMW,12927.98,13373.06,1,
TXN00002590,CUST001939,David,Garcia,Female,Paris,France,Paris,France,Paris,France,2024-01-10 14:14:35,Purchase,119.94,GBP,Amazon,Electronics,Payment for shopping,FALSE,2546694964,ODWDNCCC,7308445846,ZKMCJHVU,8774.64,9282.18,1,
TXN00004865,CUST008703,Daniel,Taylor,Female,São Paulo,Brazil,Berlin,Germany,London,UK,2025-10-01 01:10:19,Purchase,2929.09,INR,Target,Electronics,Payment for shopping,FALSE,8170038549,OYVSDKUG,5150264089,IIZGVVZC,7597.14,6664.56,0,Multiple transactions in short time
TXN00001054,CUST009878,Robert,Hernandez,Male,Singapore,Singapore,Singapore,Singapore,Singapore,Singapore,2024-03-26 19:12:32,Transfer,265.74,AUD,Starbucks,Gas & Fuel,Payment for bills & utilities,FALSE,2393974536,YLYXOFNS,4881506599,QCYBKLBH,14603.03,13785.09,1,
TXN00002560,CUST007497,William,Moore,Female,Madrid,Spain,Madrid,Spain,Madrid,Spain,2024-12-13 04:02:06,Purchase,266.67,AUD,Starbucks,Travel,Payment for groceries,FALSE,9531174222,TNWLSXUD,6178738877,GDGXKBQD,6243.63,6297.87,1,
TXN00002106,CUST002072,Harper,Jackson,Male,Toronto,Canada,Toronto,Canada,Toronto,Canada,2024-12-30 20:39:53,Purchase,321.46,EUR,Airbnb,Entertainment,Payment for shopping,FALSE,4246583143,COKZPKZI,9340769109,TPLWABJO,8976.27,8804.1,1,
TXN00003471,CUST001584,Thomas,Miller,Male,Berlin,Germany,Berlin,Germany,Berlin,Germany,2024-07-14 15:50:56,Purchase,202.24,CAD,Apple Store,Shopping,Payment for bills & utilities,FALSE,9552017180,CUMQPBQP,2428149830,PCGABOGR,8768.85,9136.82,1,
TXN00001188,CUST002324,Emma,Martin,Female,New York,USA,New York,USA,New York,USA,2025-02-12 01:31:37,Purchase,333.73,AUD,Amazon,Groceries,Payment for travel,FALSE,9177102926,JWSFKFXV,1156327930,TLWKQNAI,14737.16,14360.43,1,
TXN00002938,CUST008428,James,Smith,Female,Paris,France,Paris,France,Paris,France,2024-10-01 07:49:43,Transfer,295.58,AUD,Amazon,Travel,Payment for bills & utilities,FALSE,8045153179,LMGEUIWX,4742900733,SJSFRGWI,8779.47,8888.59,1,
TXN00003894,CUST008517,Harper,Smith,Male,Dubai,UAE,Dubai,UAE,Dubai,UAE,2024-11-14 16:31:51,Purchase,478.64,JPY,Best Buy,Groceries,Payment for electronics,FALSE,8134310737,KFVSSORF,5242777137,PCNHMTCE,8669.91,7918.45,1,
TXN00000424,CUST007655,Amelia,Taylor,Male,Berlin,Germany,Berlin,Germany,Berlin,Germany,2025-05-16 19:07:36,Purchase,55.36,CAD,Whole Foods,Food & Dining,Payment for health & fitness,FALSE,5488986907,VHVYWDIG,9375329090,FESETVPT,11495.95,11202.65,1,
TXN00002785,CUST006818,John,Johnson,Female,Dubai,UAE,Dubai,UAE,Dubai,UAE,2024-07-24 19:26:55,Purchase,427.12,CHF,Best Buy,Food & Dining,Payment for home & garden,FALSE,4720293425,HKFLLCKP,7198078960,QEXMXTZK,12618.08,13571.75,1,
TXN00003087,CUST004259,John,Garcia,Male,São Paulo,Brazil,São Paulo,Brazil,São Paulo,Brazil,2025-01-28 03:22:02,Purchase,22.49,CAD,Target,Travel,Payment for home & garden,TRUE,4315910219,UAIVEVZF,4910646422,SHGHIGDG,8685.03,8735.52,1,
TXN00004708,CUST008266,Richard,Martinez,Male,Paris,France,Paris,France,Paris,France,2025-02-03 01:15:59,Transfer,199.65,CAD,Home Depot,Food & Dining,Payment for groceries,FALSE,7050902091,OSWXHJWV,1274200315,BLOUXJEN,5308.77,5966.27,1,
TXN00001104,CUST009496,Robert,Lopez,Female,Dubai,UAE,Dubai,UAE,Dubai,UAE,2024-10-29 19:02:59,Purchase,53.83,CNY,Delta Airlines,Entertainment,Payment for bills & utilities,FALSE,8310529909,AXFLXVPU,2747911304,WZUHICPD,9157.48,10070,1,
TXN00001149,CUST009634,Emma,Lopez,Female,Singapore,Singapore,Singapore,Singapore,Singapore,Singapore,2024-09-27 21:32:21,Purchase,259.06,JPY,Starbucks,Travel,Payment for gas & fuel,FALSE,7312134433,PARJJHYT,7509755515,CHZDGHTH,10111.49,9513.02,1,
TXN00000221,CUST002553,Robert,Jones,Male,Singapore,Singapore,Singapore,Singapore,Singapore,Singapore,2025-09-08 00:15:34,Purchase,427.62,CAD,McDonalds,Food & Dining,Payment for health & fitness,FALSE,3467829110,ENXSLHOF,5108506709,RWTVVDOF,14116.49,14221.97,1,
TXN00004500,CUST002616,Olivia,Anderson,Female,Paris,France,Paris,France,Paris,France,2024-05-19 21:26:22,Purchase,51.73,CHF,Airbnb,Food & Dining,Payment for home & garden,FALSE,9696099892,QXSBBRYM,1067191022,KVPFECXE,12723.11,13088.07,1,
TXN00002289,CUST001473,Richard,Garcia,Female,Singapore,Singapore,Singapore,Singapore,Singapore,Singapore,2024-11-07 19:34:16,Purchase,285.66,USD,Starbucks,Shopping,Payment for travel,FALSE,4851632397,MHWBFTQU,9199562867,WFTMLFRS,13649.98,13435.77,1,
TXN00004405,CUST001610,David,Anderson,Male,Sydney,Australia,Sydney,Australia,Sydney,Australia,2025-08-30 03:16:52,Transfer,228.85,GBP,Marriott Hotels,Electronics,Payment for electronics,FALSE,9225497860,DAZAAJTI,5268729867,HJKEPXVW,13956.87,13374.78,1,
TXN00004207,CUST002015,Robert,Anderson,Female,Madrid,Spain,Madrid,Spain,Madrid,Spain,2024-03-26 21:40:39,Purchase,402.32,GBP,Best Buy,Bills & Utilities,Payment for groceries,FALSE,5555740867,WRIYVOOV,5959870980,UNLAKLIH,7323.9,7176.53,1,
TXN00001814,CUST008564,Harper,Thomas,Male,Singapore,Singapore,Singapore,Singapore,Singapore,Singapore,2024-01-30 08:19:49,Purchase,285.4,EUR,Apple Store,Bills & Utilities,Payment for electronics,FALSE,7309175549,GHVHQUKC,8743219462,XRMGITKQ,5735.56,5009.48,1,
TXN00003449,CUST006404,John,Taylor,Male,Mexico City,Mexico,Mexico City,Mexico,Mexico City,Mexico,2024-02-03 19:52:50,Transfer,65.52,EUR,Best Buy,Shopping,Payment for food & dining,FALSE,1280158609,HXDUXVTY,4130071458,BZLHNTKV,9762.77,9355.89,1,
TXN00001854,CUST004785,Ava,Johnson,Male,Tokyo,Japan,Tokyo,Japan,Tokyo,Japan,2025-07-04 09:25:41,Purchase,116.82,EUR,Apple Store,Groceries,Payment for home & garden,FALSE,1257399222,NHTFIONM,5331040713,CUGSSZUD,4219.16,5091.26,1,
TXN00002980,CUST001861,Michael,Martinez,Female,Singapore,Singapore,Singapore,Singapore,Singapore,Singapore,2024-07-21 11:50:45,Purchase,78.95,JPY,Delta Airlines,Home & Garden,Payment for food & dining,FALSE,3865033338,CAWAMEAD,8016411885,ZZABCMQB,6481.96,6464.86,1,
TXN00000162,CUST005371,Mia,Jackson,Male,Toronto,Canada,Toronto,Canada,Toronto,Canada,2024-03-22 00:33:32,Purchase,261.43,GBP,Apple Store,Shopping,Payment for health & fitness,TRUE,4162398781,CPYJEVVZ,8067092777,BOHEVQJG,5047.63,5638.26,1,
TXN00004596,CUST008772,Thomas,Williams,Female,Toronto,Canada,Toronto,Canada,Toronto,Canada,2024-10-18 05:47:00,Purchase,153.54,AUD,Whole Foods,Home & Garden,Payment for health & fitness,FALSE,7984180436,WUWJRVUD,9391360697,FIZBCIHV,8572.14,9482.63,1,
TXN00004149,CUST004354,Sophia,Rodriguez,Male,Sydney,Australia,Sydney,Australia,Sydney,Australia,2024-04-27 09:19:03,Purchase,54.98,CHF,Best Buy,Entertainment,Payment for travel,FALSE,8420869526,XYHSYLAG,2676398959,EHKGZBVY,15031.4,14523.98,1,
TXN00003680,CUST002769,Amelia,Jones,Female,Sydney,Australia,Sydney,Australia,Sydney,Australia,2024-04-13 12:24:26,Purchase,257.58,CNY,Marriott Hotels,Entertainment,Payment for bills & utilities,FALSE,5470146209,HJPDEGPS,8452511257,ISAJEFHO,12195.9,12078.26,1,
TXN00004929,CUST001419,Thomas,Anderson,Female,Dubai,UAE,Mumbai,India,New York,USA,2024-11-16 16:05:33,Purchase,4628.52,CAD,Whole Foods,Bills & Utilities,Payment for travel,FALSE,2225930534,XKCBNKLQ,4629677557,MRBVESSN,13704.58,14487.99,0,Login from different country than transaction
TXN00004657,CUST006126,Emma,Jones,Male,Paris,France,Paris,France,Paris,France,2024-02-14 23:59:04,Purchase,272.23,CHF,Starbucks,Health & Fitness,Payment for travel,FALSE,3666771733,RMFKCDFG,3535531114,VJFWPUPJ,11165.89,10490.21,1,
TXN00002477,CUST002576,William,Smith,Female,Shanghai,China,Shanghai,China,Shanghai,China,2024-10-30 01:07:00,Purchase,158.58,CAD,Netflix,Food & Dining,Payment for groceries,FALSE,3986248931,DUYAWMGD,9000459790,XUEVTRTG,8214.43,8555.48,1,
TXN00003448,CUST003569,Daniel,Williams,Female,Madrid,Spain,Madrid,Spain,Madrid,Spain,2024-11-27 11:44:59,Transfer,398.25,EUR,Apple Store,Bills & Utilities,Payment for entertainment,FALSE,7889267048,VKMWYFSY,9272357074,HBIOLAYR,6173.71,6849.17,1,
TXN00000015,CUST001771,Mia,Hernandez,Male,New York,USA,New York,USA,New York,USA,2025-02-18 04:35:14,Transfer,415.77,CNY,Uber,Groceries,Payment for electronics,FALSE,3487747562,XCFLBFIQ,8877198385,RBUQQKSV,6349.98,5635.1,1,
TXN00003643,CUST009408,David,Martin,Female,Singapore,Singapore,Singapore,Singapore,Singapore,Singapore,2025-08-16 23:52:45,Purchase,194.15,GBP,Uber,Travel,Payment for gas & fuel,FALSE,3013597698,YKUHGDVR,3200425544,CBCMVOTZ,14209.56,14499.01,1,
TXN00003803,CUST006762,Ava,Lee,Female,Dubai,UAE,Dubai,UAE,Dubai,UAE,2025-06-29 14:41:40,Purchase,444.53,CHF,Uber,Travel,Payment for groceries,FALSE,4476817964,QLMGLLJV,1438523596,QIWVMBDW,7223.13,6859.23,1,
TXN00004544,CUST004526,Emma,Brown,Female,Rome,Italy,Rome,Italy,Rome,Italy,2025-06-08 00:47:11,Purchase,307,USD,Starbucks,Food & Dining,Payment for shopping,FALSE,9671434047,RBJCDWWK,6677591804,QKYVRDAK,4642.62,5456.03,1,
TXN00001471,CUST005732,Evelyn,Williams,Female,Paris,France,Paris,France,Paris,France,2024-12-25 19:25:18,Purchase,235.71,CNY,Walmart,Gas & Fuel,Payment for entertainment,FALSE,4654721663,VZQJXTQE,1777907683,CXDEYEVB,9065.68,9279.92,1,
TXN00001429,CUST002995,Daniel,Thomas,Female,Mexico City,Mexico,Mexico City,Mexico,Mexico City,Mexico,2024-12-11 23:50:25,Transfer,149.36,USD,Target,Entertainment,Payment for shopping,FALSE,3767134106,BEDBLNDO,5524623978,QDUJWHQS,6988.77,6278.87,1,
TXN00003111,CUST005139,Amelia,Thomas,Male,Rome,Italy,Rome,Italy,Rome,Italy,2025-09-13 01:02:42,Transfer,142.11,USD,Apple Store,Shopping,Payment for electronics,FALSE,6972505408,MIBKXRWA,7838629963,RHHHDUQI,9599.11,9788.2,1,
TXN00001616,CUST002374,Thomas,Anderson,Male,Singapore,Singapore,Singapore,Singapore,Singapore,Singapore,2024-05-25 13:21:23,Purchase,177.56,GBP,Best Buy,Electronics,Payment for travel,FALSE,9032834213,YFFKGNIR,4198592869,AJIDKPGC,6126.49,6904.22,1,
TXN00001095,CUST002385,Mia,Hernandez,Male,Berlin,Germany,Berlin,Germany,Berlin,Germany,2025-10-12 14:53:09,Purchase,373.92,CAD,Target,Health & Fitness,Payment for shopping,FALSE,2683765435,YPNGPVXF,6803526177,ZBCMRGQU,6150.95,6326.47,1,
TXN00003156,CUST004914,David,Lopez,Female,New York,USA,New York,USA,New York,USA,2025-08-01 20:16:14,Purchase,336.91,AUD,Airbnb,Electronics,Payment for health & fitness,FALSE,5046968331,NNHFCXLO,6891777185,TCNBKNVN,8580.56,8741.64,1,
TXN00002994,CUST004727,John,Rodriguez,Female,Rome,Italy,Rome,Italy,Rome,Italy,2025-07-23 23:35:13,Purchase,463.11,INR,Netflix,Shopping,Payment for home & garden,FALSE,8119541233,NNLDRBAN,4628904222,DJZCGRQX,9350.09,9123.61,1,
TXN00002008,CUST004500,Thomas,Brown,Male,Berlin,Germany,Berlin,Germany,Berlin,Germany,2025-08-10 06:35:10,Purchase,240,JPY,Target,Health & Fitness,Payment for travel,TRUE,3078303672,ISBCIQZM,2409821262,EIMVMFHW,9052.48,8265.79,1,
TXN00002100,CUST009754,Mia,Smith,Male,Dubai,UAE,Dubai,UAE,Dubai,UAE,2025-03-27 04:35:02,Transfer,90,INR,Airbnb,Shopping,Payment for food & dining,FALSE,8887520456,UMBHXCAN,6824609114,UXWACUIY,10779.68,10017.25,1,
TXN00004482,CUST008302,William,Moore,Male,Mumbai,India,Mumbai,India,Mumbai,India,2025-09-24 00:35:23,Purchase,278.98,USD,Starbucks,Health & Fitness,Payment for bills & utilities,FALSE,6910860216,ARVAXFIV,1374247174,FXVZCZZF,7373.84,6542.71,1,
TXN00000553,CUST003751,Emma,Lee,Female,New York,USA,New York,USA,New York,USA,2025-01-28 05:05:11,Transfer,78.02,CHF,Delta Airlines,Bills & Utilities,Payment for bills & utilities,FALSE,4341653351,XMPACALD,8436213910,WEVBZQJX,7899.64,7840.21,1,
TXN00000022,CUST001087,Mia,Lee,Female,Dubai,UAE,Dubai,UAE,Dubai,UAE,2024-09-05 07:30:17,Transfer,98.25,CAD,Amazon,Health & Fitness,Payment for groceries,FALSE,5009170662,YUDEVMYI,4570750697,PIMBVJGF,13387.94,13508.34,1,
TXN00004896,CUST002461,Thomas,Anderson,Male,Tokyo,Japan,Tokyo,Japan,Shanghai,China,2024-09-29 03:52:05,Purchase,3678.65,AUD,Walmart,Travel,Payment for entertainment,FALSE,7276663133,HVYXWXUL,9770715453,BATLTXUR,6043.73,5958.43,0,Unusual location pattern
TXN00002019,CUST000750,Ava,Martinez,Female,Dubai,UAE,Dubai,UAE,Dubai,UAE,2025-04-21 01:48:22,Purchase,503.7,GBP,Apple Store,Bills & Utilities,Payment for electronics,FALSE,3681248551,OBNUIEGW,8403808100,GWGYXWDU,5445.69,5647.08,1,
TXN00004812,CUST007187,Thomas,Anderson,Female,New York,USA,Shanghai,China,Paris,France,2025-05-17 09:39:56,Purchase,4280.6,AUD,Starbucks,Travel,Payment for gas & fuel,FALSE,3514014279,VVLXIJQV,8846763477,KMXHCHJC,5372.47,6148.17,0,High amount compared to usual
TXN00000754,CUST003903,Ava,Johnson,Female,Tokyo,Japan,Tokyo,Japan,Tokyo,Japan,2025-04-25 10:25:09,Purchase,392.51,CHF,Target,Electronics,Payment for electronics,FALSE,3294938944,MNHPSILA,8471429143,QICROLHJ,6192.91,6737.89,1,
TXN00003591,CUST007347,Robert,Jackson,Female,Madrid,Spain,Madrid,Spain,Madrid,Spain,2025-02-02 04:03:45,Purchase,339.15,AUD,McDonalds,Groceries,Payment for groceries,FALSE,4046702831,UQLZOIIJ,9306793701,SUEURJCN,11188.72,12012.18,1,
TXN00000798,CUST007800,Olivia,Jones,Female,São Paulo,Brazil,São Paulo,Brazil,São Paulo,Brazil,2024-04-12 12:43:38,Purchase,314.12,GBP,Marriott Hotels,Home & Garden,Payment for home & garden,FALSE,2183897569,FFMXMPOR,1303522205,JGOAZVNZ,12373.3,13368.05,1,
TXN00000036,CUST002748,James,Rodriguez,Male,Tokyo,Japan,Tokyo,Japan,Tokyo,Japan,2025-03-26 10:46:26,Transfer,487.83,INR,Apple Store,Groceries,Payment for electronics,FALSE,9930266989,RLMIXSTD,3008384365,RBDSPPNG,8016.07,7697.77,1,
TXN00000073,CUST001271,David,Moore,Male,London,UK,London,UK,London,UK,2024-02-27 18:55:28,Purchase,395.61,JPY,Home Depot,Health & Fitness,Payment for entertainment,FALSE,7797045119,LYESOKWJ,7508406180,DYUKQTMI,11618.19,11037.35,1,
TXN00000288,CUST004487,Robert,Lee,Female,Singapore,Singapore,Singapore,Singapore,Singapore,Singapore,2024-02-24 20:55:38,Purchase,103.9,USD,Home Depot,Shopping,Payment for groceries,FALSE,9863223767,WZXUALNS,4937129182,MPWKBQTH,9221.14,8911.91,1,
TXN00001379,CUST007729,Thomas,Lopez,Female,Madrid,Spain,Madrid,Spain,Madrid,Spain,2025-03-25 09:37:10,Purchase,202.15,CAD,Airbnb,Gas & Fuel,Payment for bills & utilities,FALSE,8482104072,DCFZZSBL,9314107171,DNRPLWXO,7423.73,8199.11,1,
TXN00004198,CUST009860,Richard,Jones,Female,London,UK,London,UK,London,UK,2025-04-22 18:37:54,Transfer,119.04,EUR,Whole Foods,Shopping,Payment for shopping,TRUE,4869678272,VHXVVKTX,4186848405,GLLPAFYA,14768.34,14359.99,1,
TXN00001291,CUST009748,Thomas,Lopez,Female,London,UK,London,UK,London,UK,2024-03-09 22:13:38,Purchase,504.82,INR,Shell Gas,Electronics,Payment for groceries,TRUE,2444591617,OACANTXX,1516245907,YYFWBJHO,5203.81,6129.94,1,
TXN00001456,CUST001436,Evelyn,Brown,Male,Rome,Italy,Rome,Italy,Rome,Italy,2024-04-19 18:19:02,Purchase,58.7,INR,Target,Food & Dining,Payment for health & fitness,FALSE,3068613562,DYOKYOTM,8609111657,VGERVSFO,8178.49,8577.12,1,
TXN00004595,CUST003201,Isabella,Lopez,Female,Shanghai,China,Shanghai,China,Shanghai,China,2024-03-01 12:24:49,Purchase,53.55,GBP,Delta Airlines,Food & Dining,Payment for entertainment,FALSE,6935045763,YFUFWKWS,1227902391,TQPAHKAX,7721.76,8143.55,1,
TXN00004150,CUST003180,David,Wilson,Female,São Paulo,Brazil,São Paulo,Brazil,São Paulo,Brazil,2024-06-14 08:02:33,Purchase,294.64,AUD,Home Depot,Shopping,Payment for food & dining,FALSE,9798397312,VPNADVMC,2330139914,XUACTKAQ,5536.97,6511.08,1,
TXN00002470,CUST008187,Harper,Moore,Female,London,UK,London,UK,London,UK,2024-03-01 23:53:57,Purchase,181.65,USD,Marriott Hotels,Entertainment,Payment for groceries,FALSE,2472568769,ZLHGAHZS,7169073092,JRQXPVJE,9460.64,9167.82,1,
TXN00002205,CUST008445,John,Johnson,Male,Madrid,Spain,Madrid,Spain,Madrid,Spain,2024-05-24 07:40:57,Purchase,136.67,CAD,Shell Gas,Shopping,Payment for travel,FALSE,7104466120,JBMCHIZS,9725158040,WCQRLNOY,14274.92,13773.7,1,
TXN00002586,CUST000471,James,Lee,Female,New York,USA,New York,USA,New York,USA,2025-07-30 03:50:20,Purchase,263.77,INR,Starbucks,Bills & Utilities,Payment for food & dining,FALSE,5969692200,WRDOVMFF,9572147947,PEKOLURO,13555.55,13501.02,1,
TXN00003897,CUST005928,Daniel,Jackson,Male,Tokyo,Japan,Tokyo,Japan,Tokyo,Japan,2025-01-02 13:47:34,Transfer,375.14,EUR,Starbucks,Electronics,Payment for shopping,FALSE,9031426813,JPLKYEWQ,7199427210,YPAXXXAT,12450.36,12085.14,1,
TXN00000817,CUST005784,Daniel,Martin,Male,São Paulo,Brazil,São Paulo,Brazil,São Paulo,Brazil,2024-01-03 23:57:08,Purchase,229.11,CHF,Delta Airlines,Gas & Fuel,Payment for gas & fuel,FALSE,8732081854,RESTTSCY,1192626539,BJGBFUMD,15351.16,14712.12,1,
TXN00004940,CUST004176,Thomas,Moore,Male,Sydney,Australia,Paris,France,Singapore,Singapore,2025-03-07 21:11:50,Transfer,1721.7,JPY,Best Buy,Electronics,Payment for home & garden,FALSE,9083856954,XEKHKEPD,4459206186,GELAJLMD,11303.69,11096.28,0,Multiple transactions in short time
TXN00003956,CUST003198,Ava,Martinez,Female,Rome,Italy,Rome,Italy,Rome,Italy,2025-04-24 07:52:49,Purchase,358.8,CNY,Marriott Hotels,Food & Dining,Payment for entertainment,FALSE,2087509847,GKTPCEPO,8616424128,OIJEUCRV,13088.5,13952.41,1,
TXN00004789,CUST008596,Olivia,Martinez,Male,Toronto,Canada,Toronto,Canada,London,UK,2024-08-26 07:32:21,Transfer,1658.68,USD,Walmart,Home & Garden,Payment for entertainment,FALSE,5956043843,RLPCWWAI,9664471349,SZKPIBVU,8853,8211.45,0,Login from different country than transaction
TXN00003646,CUST008973,Mia,Miller,Male,Shanghai,China,Shanghai,China,Shanghai,China,2025-07-09 12:32:43,Purchase,331.57,EUR,Apple Store,Entertainment,Payment for bills & utilities,FALSE,2891909653,ZZAFNYSN,7868063303,VEGUXMEF,10563.28,10040.87,1,
TXN00000169,CUST007507,Daniel,Thomas,Male,Toronto,Canada,Toronto,Canada,Toronto,Canada,2025-10-08 17:54:07,Purchase,34.53,INR,Starbucks,Travel,Payment for bills & utilities,FALSE,9877613117,YSZKGLOV,2061056425,KTRGDUVX,5962.7,5364.21,1,
TXN00002065,CUST008730,Ava,Jones,Female,New York,USA,New York,USA,New York,USA,2025-04-08 07:59:38,Transfer,123.83,AUD,Uber,Bills & Utilities,Payment for gas & fuel,FALSE,4744598474,RPGWEPWM,9011094518,WKPLBLLQ,5827.1,5808.8,1,
TXN00003453,CUST008757,Emma,Martin,Female,New York,USA,New York,USA,New York,USA,2024-03-01 22:16:37,Purchase,314.48,JPY,Target,Shopping,Payment for gas & fuel,FALSE,8584521709,XLFMUMIC,1352879245,QWMRWWJG,11580.76,12461.43,1,
TXN00003074,CUST002709,Richard,Thomas,Male,Shanghai,China,Shanghai,China,Shanghai,China,2024-12-21 08:34:44,Purchase,416.23,CNY,Delta Airlines,Entertainment,Payment for electronics,FALSE,9836809465,PHDOLYYA,5608198908,HAYHJJCE,10942.29,10641.12,1,
TXN00004959,CUST007994,Mia,Taylor,Female,Mexico City,Mexico,Shanghai,China,Toronto,Canada,2024-01-07 06:12:39,Purchase,1156,EUR,Apple Store,Entertainment,Payment for gas & fuel,FALSE,8847808909,QEUJIZDL,7679423512,IWLCWUWR,6426.68,6751.92,0,Known fraudulent merchant
TXN00003931,CUST009625,Olivia,Lopez,Female,São Paulo,Brazil,São Paulo,Brazil,São Paulo,Brazil,2024-08-18 08:25:56,Transfer,398.77,CAD,Netflix,Health & Fitness,Payment for home & garden,FALSE,2354483080,CMNZXADU,1326272370,GGTDSXDT,6364.43,7312.05,1,
TXN00003031,CUST009042,Thomas,Smith,Male,Shanghai,China,Shanghai,China,Shanghai,China,2025-03-25 22:22:13,Purchase,362.71,CNY,Uber,Groceries,Payment for electronics,FALSE,9794441651,RWLHMDKQ,2660019004,LDDQLHPZ,7461.51,7197.84,1,
TXN00002753,CUST005433,Harper,Lee,Male,Mumbai,India,Mumbai,India,Mumbai,India,2024-09-20 21:26:17,Purchase,212.89,EUR,Home Depot,Electronics,Payment for home & garden,FALSE,2300464176,UBFSTYKH,8302212042,FHXBCQOA,13756.64,14551.83,1,
TXN00000252,CUST001310,Harper,Jones,Male,São Paulo,Brazil,São Paulo,Brazil,São Paulo,Brazil,2024-02-11 03:51:35,Purchase,424.62,CAD,Apple Store,Electronics,Payment for groceries,FALSE,8283490770,PARVBPBN,8450762910,NHMGCXIO,8708.25,9502.51,1,
TXN00002619,CUST009974,James,Martin,Female,Dubai,UAE,Dubai,UAE,Dubai,UAE,2024-06-17 20:30:03,Transfer,322.62,GBP,Whole Foods,Groceries,Payment for travel,FALSE,8265147505,MPGQFGLK,5615151093,DYGVBLPH,9020.96,9665.84,1,
TXN00002640,CUST004862,Sophia,Williams,Female,Mexico City,Mexico,Mexico City,Mexico,Mexico City,Mexico,2025-01-29 18:30:05,Transfer,94.3,GBP,Target,Health & Fitness,Payment for gas & fuel,FALSE,2587806553,IUMBJIWG,3757646311,HRSEGWKA,12320.16,12226.83,1,
TXN00004455,CUST007391,Isabella,Miller,Female,São Paulo,Brazil,São Paulo,Brazil,São Paulo,Brazil,2025-08-20 16:29:10,Purchase,184.34,AUD,Airbnb,Entertainment,Payment for health & fitness,FALSE,2011126301,ABUCGOCN,9069672041,HTYLTXYW,12722.82,12128.03,1,
TXN00004108,CUST007520,Ava,Lopez,Male,London,UK,London,UK,London,UK,2024-10-03 17:04:25,Purchase,188.76,JPY,McDonalds,Shopping,Payment for health & fitness,FALSE,5852310632,FGZJQZDA,6975410984,CMCQBZRV,8280.04,7309.93,1,
TXN00002169,CUST007280,David,Lopez,Male,Mumbai,India,Mumbai,India,Mumbai,India,2024-08-21 08:37:24,Transfer,166.26,CAD,Starbucks,Gas & Fuel,Payment for home & garden,FALSE,9526742548,TZPFMELK,4785862312,BLVCDMET,5593.47,5030,1,
TXN00000347,CUST007887,Amelia,Thomas,Female,Sydney,Australia,Sydney,Australia,Sydney,Australia,2024-10-16 19:27:11,Purchase,306.23,AUD,Marriott Hotels,Home & Garden,Payment for home & garden,FALSE,2406341892,ZAEKJNYM,6352162549,UJCASXSH,9855.74,9654.14,1,
TXN00004391,CUST004431,William,Anderson,Male,Toronto,Canada,Toronto,Canada,Toronto,Canada,2025-02-15 21:41:56,Purchase,267.35,EUR,Apple Store,Groceries,Payment for groceries,FALSE,4771016711,YBRJSKVC,9277697399,CJVKKJFF,13356.65,12492.35,1,
TXN00003405,CUST002874,Sophia,Martinez,Female,Paris,France,Paris,France,Paris,France,2025-04-02 04:04:32,Transfer,374.24,AUD,Starbucks,Groceries,Payment for shopping,FALSE,2524803504,IQSGUUMT,9608706789,DNFQDQHG,5895.07,5245.01,1,
TXN00001413,CUST004443,Richard,Garcia,Female,Mumbai,India,Mumbai,India,Mumbai,India,2024-03-28 11:07:48,Purchase,113.7,CNY,Airbnb,Entertainment,Payment for travel,TRUE,6726344459,PWRLIYON,9363399038,CGLOYZSM,7004.1,7313.98,1,
TXN00003757,CUST007858,Amelia,Lopez,Male,Dubai,UAE,Dubai,UAE,Dubai,UAE,2025-09-23 01:44:59,Transfer,97.47,CAD,Marriott Hotels,Food & Dining,Payment for bills & utilities,FALSE,3255299310,SXCRVGNC,7888135223,OJKPLNOH,9109.84,10033.29,1,
TXN00001105,CUST000917,Joseph,Moore,Female,New York,USA,New York,USA,New York,USA,2024-03-01 05:20:50,Purchase,422.96,CNY,Home Depot,Electronics,Payment for food & dining,FALSE,2512446682,HTHDFJRI,8571012565,BNPRUZBQ,9396.32,9733.11,1,
TXN00000613,CUST005807,Olivia,Brown,Male,São Paulo,Brazil,São Paulo,Brazil,São Paulo,Brazil,2024-04-20 09:21:02,Purchase,441.27,JPY,Best Buy,Electronics,Payment for electronics,FALSE,2308142653,WLVEZTLB,7087320395,SEZVQZCS,11089.02,11541.2,1,
TXN00000121,CUST000799,Robert,Garcia,Male,Singapore,Singapore,Singapore,Singapore,Singapore,Singapore,2024-05-15 17:27:15,Purchase,21.44,CNY,Starbucks,Electronics,Payment for health & fitness,FALSE,6308017067,ARAWILLE,3095390364,EAPRFDIX,10349.83,10644.19,1,
TXN00000847,CUST003279,Richard,Anderson,Male,New York,USA,New York,USA,New York,USA,2025-08-02 00:17:05,Purchase,429.42,JPY,Netflix,Gas & Fuel,Payment for bills & utilities,FALSE,1100421319,CXKSKXTR,8724735960,BYQYFPTA,10490.92,10174.34,1,
TXN00003438,CUST007900,Harper,Smith,Male,Tokyo,Japan,Tokyo,Japan,Tokyo,Japan,2024-03-15 22:39:44,Purchase,163.27,CAD,Netflix,Food & Dining,Payment for home & garden,FALSE,2320936207,PGDKSFWA,3236501943,JQTNCGWO,10111.44,9882.99,1,
TXN00002108,CUST000583,Harper,Davis,Female,Singapore,Singapore,Singapore,Singapore,Singapore,Singapore,2025-03-02 10:12:31,Purchase,144.47,GBP,Apple Store,Bills & Utilities,Payment for home & garden,TRUE,7602476077,YGWAICDK,1696784695,KLNIKGLU,11598.45,12376.13,1,
TXN00000739,CUST003602,Emma,Jones,Female,Madrid,Spain,Madrid,Spain,Madrid,Spain,2025-03-09 05:16:11,Purchase,181.74,EUR,Best Buy,Shopping,Payment for bills & utilities,FALSE,1295531325,RPDQFRSC,4586205140,FMLWTIHU,13941.52,13489.76,1,
TXN00004816,CUST006268,Charlotte,Wilson,Male,Tokyo,Japan,Paris,France,Toronto,Canada,2024-12-02 16:34:40,Transfer,739.21,CAD,Shell Gas,Groceries,Payment for gas & fuel,FALSE,9851869916,KQZZKLOM,2635327675,WJPKPWLW,6200.89,5623.66,0,Unusual location pattern
TXN00001553,CUST006296,Isabella,Jackson,Female,São Paulo,Brazil,São Paulo,Brazil,São Paulo,Brazil,2024-07-05 11:26:38,Transfer,246.88,CHF,Shell Gas,Shopping,Payment for travel,FALSE,6547334580,UHHQLEOE,8780332389,VVUPOBYE,11035.52,11144.51,1,
TXN00001908,CUST004441,Joseph,Williams,Female,Rome,Italy,Rome,Italy,Rome,Italy,2024-08-28 04:30:34,Transfer,145.76,USD,Delta Airlines,Entertainment,Payment for gas & fuel,FALSE,3555745071,GRHJFHXI,2762883484,NFIXLOPJ,6152.6,6382.23,1,
TXN00000171,CUST004088,Amelia,Davis,Female,Shanghai,China,Shanghai,China,Shanghai,China,2024-01-25 17:32:00,Purchase,29.47,CNY,Uber,Entertainment,Payment for gas & fuel,FALSE,2596058322,KCLRXPMM,5434039651,SPZZGCAA,10688.61,10462.83,1,
TXN00002075,CUST002493,Isabella,Moore,Female,Rome,Italy,Rome,Italy,Rome,Italy,2024-12-18 19:48:35,Purchase,451.21,CAD,Shell Gas,Shopping,Payment for home & garden,FALSE,1805818124,OZKXWDVE,6874676477,ZITCAWTR,12643.97,13099.11,1,
TXN00000163,CUST005969,Ava,Jones,Male,Paris,France,Paris,France,Paris,France,2025-04-03 00:42:09,Purchase,103.54,AUD,Delta Airlines,Food & Dining,Payment for groceries,FALSE,7311131381,KVBESTKJ,6447200242,NILIVVSV,6714.89,5774.46,1,
TXN00000648,CUST008119,Charlotte,Jackson,Male,Madrid,Spain,Madrid,Spain,Madrid,Spain,2024-03-06 19:01:22,Purchase,128.17,INR,Target,Travel,Payment for home & garden,FALSE,9565394762,LKWBKFMC,2693293944,DOKXAGAK,9764.54,8784.63,1,
TXN00000376,CUST000640,Olivia,Lee,Male,Singapore,Singapore,Singapore,Singapore,Singapore,Singapore,2025-04-24 17:42:23,Transfer,317.54,CAD,Best Buy,Bills & Utilities,Payment for electronics,FALSE,2053937521,FLAIBERT,4172762739,UZNZSURO,9958.5,10439.69,1,
TXN00002098,CUST001197,Robert,Anderson,Female,New York,USA,New York,USA,New York,USA,2024-12-31 04:21:41,Transfer,196.67,GBP,Best Buy,Shopping,Payment for gas & fuel,FALSE,3006064295,GYDYWKQC,3652346367,INPWNKFD,5243.66,5388.39,1,
TXN00000539,CUST009708,Emma,Martinez,Male,Tokyo,Japan,Tokyo,Japan,Tokyo,Japan,2025-09-19 22:46:13,Purchase,32.16,USD,Shell Gas,Shopping,Payment for entertainment,FALSE,6286803030,HHIHEENT,1783154793,KEGUIWRK,11604.94,11911.44,1,
TXN00001627,CUST006821,Richard,Wilson,Female,Tokyo,Japan,Tokyo,Japan,Tokyo,Japan,2025-03-30 09:52:25,Purchase,252.66,INR,Starbucks,Food & Dining,Payment for travel,FALSE,4810341530,OYXARSKU,9145983873,ZYXWJLWP,13441.46,12990.17,1,
TXN00004518,CUST004579,Sophia,Wilson,Female,Mexico City,Mexico,Mexico City,Mexico,Mexico City,Mexico,2024-02-14 00:45:28,Transfer,433.37,USD,Uber,Groceries,Payment for health & fitness,FALSE,1551460678,FTQZRHSR,1525404026,NPYHAOCP,13233.2,13016.65,1,
TXN00003422,CUST000767,Amelia,Anderson,Female,Singapore,Singapore,Singapore,Singapore,Singapore,Singapore,2024-09-23 12:19:37,Purchase,227.23,CAD,Amazon,Travel,Payment for electronics,FALSE,9813492122,FMTRGANL,3317048454,ZBUIAYUA,12162.31,13000.17,1,
TXN00002282,CUST006014,John,Williams,Female,London,UK,London,UK,London,UK,2024-03-18 23:58:39,Purchase,138.6,CNY,Uber,Home & Garden,Payment for home & garden,FALSE,9086435763,FVIFXZXM,4078832396,PMDXHTAQ,14518.78,14702.95,1,
TXN00003784,CUST006486,William,Garcia,Female,New York,USA,New York,USA,New York,USA,2025-06-17 18:53:01,Purchase,461.55,CNY,Delta Airlines,Groceries,Payment for electronics,FALSE,7089508378,FRRYDMBH,2379458472,HQNWCYSP,5814.2,6063.16,1,
TXN00003402,CUST004609,Michael,Thomas,Male,Sydney,Australia,Sydney,Australia,Sydney,Australia,2024-11-26 05:19:17,Purchase,65.42,INR,Walmart,Entertainment,Payment for bills & utilities,FALSE,5573395688,PSZDVSST,4094547287,BCNICEKS,6265.17,6898.8,1,
TXN00003758,CUST005393,William,Johnson,Male,Toronto,Canada,Toronto,Canada,Toronto,Canada,2025-03-10 22:36:30,Purchase,279.98,EUR,Best Buy,Shopping,Payment for groceries,FALSE,9970857758,FDSJMIDN,7116420619,CETYPNWE,14707.9,14636.24,1,
TXN00001419,CUST006606,Robert,Martinez,Female,São Paulo,Brazil,São Paulo,Brazil,São Paulo,Brazil,2025-03-16 21:10:37,Purchase,370.3,USD,Home Depot,Groceries,Payment for shopping,FALSE,5817185068,RYGSQLFE,7682206275,MNNIFZDH,11766.9,12310.71,1,
TXN00003004,CUST004073,Isabella,Jackson,Male,Singapore,Singapore,Singapore,Singapore,Singapore,Singapore,2025-02-20 14:39:58,Purchase,110.08,INR,Shell Gas,Travel,Payment for gas & fuel,FALSE,8691503148,XAOFMIDC,7688201419,AHRKTGIT,9200.06,8423.37,1,
TXN00002185,CUST009514,Emma,Hernandez,Female,Dubai,UAE,Dubai,UAE,Dubai,UAE,2025-08-09 11:28:52,Purchase,306.17,CNY,Uber,Entertainment,Payment for electronics,FALSE,6713886402,DWYWATVD,3206790471,XPETGSKQ,14155.13,13900.94,1,
TXN00004692,CUST000310,Evelyn,Johnson,Male,São Paulo,Brazil,São Paulo,Brazil,São Paulo,Brazil,2024-04-13 21:00:11,Transfer,93.06,CHF,Apple Store,Bills & Utilities,Payment for home & garden,FALSE,7497342952,VDIDPJBH,2643017636,HUEKCCFQ,13014.34,12997.85,1,
TXN00000655,CUST002169,Richard,Moore,Female,Singapore,Singapore,Singapore,Singapore,Singapore,Singapore,2024-10-14 04:13:00,Purchase,304.86,GBP,Delta Airlines,Bills & Utilities,Payment for food & dining,FALSE,5419702843,ROZWISLX,6108594407,DVOMLWAB,10728.61,10154.56,1,
TXN00004265,CUST003110,Joseph,Brown,Male,Rome,Italy,Rome,Italy,Rome,Italy,2025-04-05 08:09:40,Purchase,425.16,EUR,Whole Foods,Health & Fitness,Payment for bills & utilities,FALSE,3474045486,RNTEXDNP,4243028106,UFQABFIG,10584.38,9799.26,1,
TXN00002716,CUST006459,Joseph,Johnson,Male,Dubai,UAE,Dubai,UAE,Dubai,UAE,2024-04-05 23:13:20,Transfer,195.58,GBP,Walmart,Groceries,Payment for travel,FALSE,6511838686,TOQETSIH,3391778741,SAGNOPDM,13648.07,14594.07,1,
TXN00000470,CUST004209,William,Smith,Female,New York,USA,New York,USA,New York,USA,2024-07-18 23:52:08,Transfer,15.96,AUD,Best Buy,Home & Garden,Payment for groceries,FALSE,2496223117,AUSKFZNJ,1926800590,IXMBIOMI,8352.93,8773.34,1,
TXN00002239,CUST001548,Charlotte,Martin,Male,Berlin,Germany,Berlin,Germany,Berlin,Germany,2025-09-21 00:25:44,Transfer,359.43,GBP,Shell Gas,Health & Fitness,Payment for entertainment,FALSE,3629976792,TDJTCTBF,3774394918,OGVYTAFS,4651.3,5071.06,1,
TXN00004502,CUST001356,Harper,Davis,Male,Paris,France,Paris,France,Paris,France,2024-11-11 04:05:53,Transfer,370.61,EUR,Best Buy,Shopping,Payment for health & fitness,FALSE,8453027418,WBHGTQNJ,3003900773,UZVQDRWE,14278.24,13517.81,1,
TXN00001377,CUST009363,James,Rodriguez,Male,São Paulo,Brazil,São Paulo,Brazil,São Paulo,Brazil,2025-06-10 15:22:45,Purchase,385.53,INR,Delta Airlines,Electronics,Payment for food & dining,FALSE,7997319734,QINDPUKL,2340042597,IEQWMRBO,14813.73,13870.9,1,
TXN00002530,CUST008486,Sophia,Martinez,Male,Mexico City,Mexico,Mexico City,Mexico,Mexico City,Mexico,2024-06-08 16:25:33,Transfer,130.27,AUD,Airbnb,Electronics,Payment for gas & fuel,FALSE,4844093123,YQZEVMRF,2122552240,XBYDGIYS,9845.7,9999.44,1,
TXN00004559,CUST006638,Thomas,Jones,Female,Sydney,Australia,Sydney,Australia,Sydney,Australia,2025-04-23 00:16:25,Transfer,68.3,CNY,Shell Gas,Groceries,Payment for travel,FALSE,2459355450,TQIMDBPO,4114422647,OODTZEKO,13736.34,14622.26,1,
TXN00003622,CUST001735,Thomas,Lopez,Male,Mexico City,Mexico,Mexico City,Mexico,Mexico City,Mexico,2025-05-09 07:53:35,Purchase,197.83,GBP,Best Buy,Groceries,Payment for health & fitness,TRUE,3958179755,IUYXMJYN,9271297050,VOFNZDQC,9650.84,10256.87,1,
TXN00004874,CUST009478,Ava,Lopez,Female,Toronto,Canada,Toronto,Canada,Berlin,Germany,2025-03-17 12:53:07,Purchase,4665.67,INR,Whole Foods,Home & Garden,Payment for travel,FALSE,9385575572,WIMQAGZZ,3207455036,TIRBQQHA,13498.18,13297.71,0,Login from different country than transaction
TXN00003362,CUST007299,James,Jackson,Female,Shanghai,China,Shanghai,China,Shanghai,China,2024-03-19 22:06:12,Purchase,470.57,GBP,Best Buy,Entertainment,Payment for bills & utilities,FALSE,1279983650,ORUYQNHK,3782640995,EAMPBKOK,10889.55,11745.25,1,
TXN00001519,CUST008310,Ava,Miller,Female,Toronto,Canada,Toronto,Canada,Toronto,Canada,2024-10-16 17:09:52,Transfer,337.84,GBP,Walmart,Home & Garden,Payment for home & garden,FALSE,9058507584,ULSPKPLS,8659222782,CDXIFAMU,5910.86,6344.03,1,
TXN00000730,CUST007559,Thomas,Hernandez,Male,Mumbai,India,Mumbai,India,Mumbai,India,2024-07-25 10:46:47,Transfer,148.05,INR,Apple Store,Gas & Fuel,Payment for travel,FALSE,9883337668,EMYHKNSX,7672649264,MQOUOAQG,8497.34,7931.71,1,
TXN00000729,CUST004199,Thomas,Rodriguez,Female,Mumbai,India,Mumbai,India,Mumbai,India,2025-03-24 09:07:00,Transfer,38.82,CAD,Shell Gas,Electronics,Payment for electronics,FALSE,9499228781,YGETVFDY,8537830346,GKKEKVJC,13462.17,13290.21,1,
TXN00000370,CUST001298,Isabella,Lopez,Female,Shanghai,China,Shanghai,China,Shanghai,China,2025-03-30 22:20:20,Purchase,359.13,CAD,Walmart,Travel,Payment for food & dining,TRUE,6837873149,ROVANGCJ,4507592486,MFQGYEOV,10238.69,9454.29,1,
TXN00000071,CUST006159,Charlotte,Lopez,Male,Dubai,UAE,Dubai,UAE,Dubai,UAE,2025-05-23 09:51:42,Transfer,410.4,CNY,Marriott Hotels,Food & Dining,Payment for home & garden,FALSE,1099181347,PBYKJMBT,8076877029,GPGBXPLG,8156.83,9153.18,1,
TXN00001725,CUST003138,Emma,Lopez,Female,Tokyo,Japan,Tokyo,Japan,Tokyo,Japan,2024-05-08 11:37:01,Transfer,440.32,EUR,Netflix,Gas & Fuel,Payment for bills & utilities,FALSE,7042036675,EIRIIWZK,4814160195,LSKVKPJI,11584.54,11286.08,1,
TXN00003632,CUST005914,Evelyn,Smith,Female,Rome,Italy,Rome,Italy,Rome,Italy,2024-10-06 02:24:02,Transfer,151.27,CAD,Home Depot,Health & Fitness,Payment for health & fitness,TRUE,8669807559,FSQAHYXI,3294847559,WZTYVGBE,13822.19,14713.8,1,
TXN00004089,CUST007518,Ava,Davis,Female,Dubai,UAE,Dubai,UAE,Dubai,UAE,2024-12-08 07:05:37,Purchase,210.64,JPY,Delta Airlines,Bills & Utilities,Payment for shopping,FALSE,7374339009,VCWBXVLB,5087229549,FRCDRMEJ,14584.34,13759.98,1,
TXN00000383,CUST006508,Ava,Hernandez,Female,Paris,France,Paris,France,Paris,France,2025-05-11 14:59:42,Purchase,74.53,INR,Airbnb,Travel,Payment for groceries,FALSE,6888563928,BRCHUZSX,4283990551,GEOWKQYC,13305.98,14063.24,1,
TXN00002971,CUST003285,Mia,Rodriguez,Female,Mumbai,India,Mumbai,India,Mumbai,India,2025-07-12 22:27:15,Purchase,294.48,CHF,Walmart,Gas & Fuel,Payment for bills & utilities,FALSE,5938423801,RYCQUFSW,1404743576,EPKVHLJB,4773.73,5751.58,1,
TXN00002790,CUST000750,Amelia,Lee,Female,Mexico City,Mexico,Mexico City,Mexico,Mexico City,Mexico,2024-03-11 22:37:08,Purchase,367.73,AUD,Uber,Travel,Payment for health & fitness,FALSE,2120702605,ZZYWHPYM,3954692330,YPLUBHLM,4591.59,5440.22,1,
TXN00003280,CUST008995,Sophia,Taylor,Male,Berlin,Germany,Berlin,Germany,Berlin,Germany,2025-05-02 05:08:30,Purchase,164.74,CNY,Target,Groceries,Payment for food & dining,FALSE,8881989560,USGCEHNY,4432302806,SQMBFKEN,6487.34,5924.94,1,
TXN00000676,CUST008159,Harper,Wilson,Female,Mexico City,Mexico,Mexico City,Mexico,Mexico City,Mexico,2024-02-29 23:25:44,Purchase,383.66,JPY,McDonalds,Bills & Utilities,Payment for gas & fuel,FALSE,2719168936,QJGRVMFY,2757977608,YUVHOSZB,12708.04,12021.59,1,
TXN00003881,CUST005933,Robert,Anderson,Female,São Paulo,Brazil,São Paulo,Brazil,São Paulo,Brazil,2024-10-19 17:05:31,Transfer,79.65,CHF,Delta Airlines,Travel,Payment for gas & fuel,FALSE,2127555087,MPQKUPNW,1600397756,TSMUUUFE,9683.81,10030.16,1,
TXN00002661,CUST004042,Thomas,Miller,Female,Sydney,Australia,Sydney,Australia,Sydney,Australia,2024-06-20 15:36:15,Transfer,121.14,JPY,McDonalds,Shopping,Payment for gas & fuel,FALSE,9804272876,SZNSLFSR,5731119087,NTVCJPOQ,11235.73,11427.34,1,
TXN00001676,CUST006769,Harper,Smith,Male,Sydney,Australia,Sydney,Australia,Sydney,Australia,2024-03-19 03:29:47,Purchase,444.1,CNY,Airbnb,Groceries,Payment for bills & utilities,TRUE,8675290055,CMGMIPFX,5667562282,HWTQXAKH,8529.22,8634.84,1,
TXN00001549,CUST004802,Evelyn,Brown,Female,New York,USA,New York,USA,New York,USA,2024-02-19 01:50:58,Transfer,312.68,CHF,Netflix,Electronics,Payment for travel,FALSE,4675975932,DXOPZGTW,2492481096,HRJVCAAZ,10892.23,10427.36,1,
TXN00003374,CUST004567,Olivia,Lee,Female,Mumbai,India,Mumbai,India,Mumbai,India,2024-05-15 13:24:25,Purchase,104.23,INR,Starbucks,Groceries,Payment for home & garden,TRUE,9215035422,RHFGRWSL,5049514139,HLIYPDFZ,12854.71,11989.46,1,
TXN00001411,CUST002435,Ava,Anderson,Male,Dubai,UAE,Dubai,UAE,Dubai,UAE,2024-05-25 02:10:29,Purchase,329.68,CHF,Netflix,Home & Garden,Payment for electronics,FALSE,4942501802,VNKACRPZ,5615860627,WIITOUZN,15745.63,14907.1,1,
TXN00000677,CUST003817,Evelyn,Jones,Male,Shanghai,China,Shanghai,China,Shanghai,China,2024-08-06 08:25:54,Transfer,47.74,CAD,Airbnb,Food & Dining,Payment for electronics,FALSE,5468876225,DLNJPMWD,3158640503,LVAUJMPZ,9343.09,9417.15,1,
TXN00000166,CUST002442,Isabella,Lee,Male,New York,USA,New York,USA,New York,USA,2024-03-12 19:56:39,Purchase,317.61,JPY,Marriott Hotels,Home & Garden,Payment for shopping,FALSE,1452247696,NCIIWXNO,6610044636,TBJERMSQ,5503.68,5714.78,1,
TXN00000601,CUST006403,Ava,Martin,Male,Singapore,Singapore,Singapore,Singapore,Singapore,Singapore,2024-09-29 01:27:55,Purchase,490.04,CAD,Whole Foods,Entertainment,Payment for health & fitness,FALSE,3726408480,FDEKIPLW,7118373050,TXPVOZEA,11694.38,11624.2,1,
TXN00002543,CUST005625,Joseph,Wilson,Female,São Paulo,Brazil,São Paulo,Brazil,São Paulo,Brazil,2024-07-10 17:41:40,Transfer,190.79,JPY,Whole Foods,Food & Dining,Payment for food & dining,FALSE,8841342080,GHKJTQRS,9020233031,KCVKHTPG,13936.32,14404.85,1,
TXN00000327,CUST009252,Ava,Wilson,Male,Rome,Italy,Rome,Italy,Rome,Italy,2024-08-10 06:39:45,Purchase,340.77,GBP,Uber,Health & Fitness,Payment for gas & fuel,FALSE,1304884283,INGLFKKU,8721687600,BGXLHTQW,12227,13037.89,1,
TXN00003030,CUST009898,Thomas,Brown,Female,Tokyo,Japan,Tokyo,Japan,Tokyo,Japan,2025-02-17 17:49:00,Purchase,420.66,JPY,Shell Gas,Bills & Utilities,Payment for food & dining,FALSE,1201926472,KCCCNKGY,5751870363,XSEVBAOV,12156.74,11336.33,1,
TXN00002807,CUST003431,Evelyn,Hernandez,Female,Shanghai,China,Shanghai,China,Shanghai,China,2025-07-16 02:03:02,Transfer,330.23,CAD,Shell Gas,Home & Garden,Payment for food & dining,FALSE,1792168421,IIKDRXQT,2938292084,OOTYFYAB,7053.73,7371.83,1,
TXN00000851,CUST008992,Richard,Garcia,Female,Berlin,Germany,Berlin,Germany,Berlin,Germany,2025-01-18 15:05:36,Purchase,74.07,CNY,Best Buy,Entertainment,Payment for groceries,FALSE,3255591956,SDXCQOZA,4121741191,XXHADBFM,12790.24,13053.32,1,
TXN00002110,CUST004059,Evelyn,Brown,Female,New York,USA,New York,USA,New York,USA,2024-07-24 21:26:09,Purchase,453.22,AUD,Delta Airlines,Food & Dining,Payment for health & fitness,FALSE,7692514909,WWDEHAPM,7647381172,MOJGOOEF,10792.25,11198.38,1,
TXN00001509,CUST001228,Amelia,Rodriguez,Female,Mexico City,Mexico,Mexico City,Mexico,Mexico City,Mexico,2025-07-01 17:09:42,Purchase,432.75,GBP,Starbucks,Home & Garden,Payment for health & fitness,FALSE,5805530786,RACXPVKW,8679464095,PSLLDVBU,11668.43,11330.88,1,
TXN00002348,CUST001433,Robert,Hernandez,Female,Dubai,UAE,Dubai,UAE,Dubai,UAE,2024-01-09 14:36:10,Purchase,345.27,GBP,Delta Airlines,Entertainment,Payment for food & dining,TRUE,5056836704,JJZHEAJW,7460501903,ZKQKZHXJ,12148.65,12093.72,1,
TXN00002794,CUST006695,Amelia,Davis,Female,Singapore,Singapore,Singapore,Singapore,Singapore,Singapore,2024-07-26 22:28:36,Purchase,135.7,AUD,Target,Groceries,Payment for electronics,FALSE,7072043784,IQQIXUAM,6687548958,YCNEVMPT,13108.66,13350.39,1,
TXN00003393,CUST000659,Harper,Johnson,Male,Berlin,Germany,Berlin,Germany,Berlin,Germany,2024-08-19 19:52:47,Purchase,290.53,CAD,Airbnb,Home & Garden,Payment for food & dining,FALSE,2440515357,DNOFNHHA,8121982159,ZDDJVCBP,14800.14,14856.99,1,
TXN00000498,CUST001084,Harper,Jones,Female,Rome,Italy,Rome,Italy,Rome,Italy,2025-05-26 20:34:18,Purchase,215.31,EUR,Airbnb,Home & Garden,Payment for food & dining,FALSE,1676429718,RPHOEAQB,2173667660,CKFVNEAB,11912.52,12405.62,1,
TXN00001682,CUST001779,Thomas,Garcia,Female,Mexico City,Mexico,Mexico City,Mexico,Mexico City,Mexico,2024-12-09 19:31:21,Purchase,382.28,EUR,Airbnb,Health & Fitness,Payment for entertainment,TRUE,8041579454,CMIFJYGG,5539713854,GJVIBIQI,11385.29,11183.7,1,
TXN00004257,CUST001506,John,Smith,Male,Sydney,Australia,Sydney,Australia,Sydney,Australia,2024-12-11 03:10:44,Purchase,180.33,INR,Whole Foods,Health & Fitness,Payment for health & fitness,FALSE,8713574372,MBDHDLXT,8491218779,TLQTMJHW,10026.69,9280.41,1,
TXN00004802,CUST007921,Thomas,Johnson,Male,New York,USA,Berlin,Germany,Tokyo,Japan,2025-05-02 04:42:32,Purchase,2637.73,CAD,Amazon,Bills & Utilities,Payment for shopping,FALSE,3864445041,WBEHAMKG,8478326538,BNNZGZYE,12572.65,12928.38,0,Unusual location pattern
TXN00002295,CUST007225,Sophia,Johnson,Male,Mumbai,India,Mumbai,India,Mumbai,India,2025-02-06 14:33:11,Transfer,301.88,AUD,Marriott Hotels,Food & Dining,Payment for food & dining,TRUE,4750211931,PIWLGZMJ,8131302748,CEOKZJYR,5807.65,6549.07,1,
TXN00004549,CUST006664,Harper,Miller,Female,Sydney,Australia,Sydney,Australia,Sydney,Australia,2025-06-24 02:05:46,Purchase,358.36,CNY,Shell Gas,Travel,Payment for shopping,FALSE,8465176499,ZNROYLBN,2839246233,ZVDFWZBL,5591.43,5102.06,1,
TXN00004830,CUST003592,Amelia,Martin,Male,Tokyo,Japan,Tokyo,Japan,Mumbai,India,2025-07-04 10:35:38,Transfer,597.73,EUR,Amazon,Bills & Utilities,Payment for home & garden,TRUE,2991260387,WKISLWNU,3968640071,ZQQNWITK,6368.21,6917.18,0,Known fraudulent merchant
TXN00003884,CUST005791,Mia,Thomas,Female,London,UK,London,UK,London,UK,2024-02-11 14:03:38,Purchase,112.55,INR,Uber,Food & Dining,Payment for electronics,FALSE,3595769712,ERMRDJGA,9968108267,HIPUGRTH,14833.43,14914.09,1,
TXN00001111,CUST007040,John,Garcia,Male,Berlin,Germany,Berlin,Germany,Berlin,Germany,2024-03-04 21:29:36,Transfer,416.76,USD,Amazon,Groceries,Payment for travel,FALSE,7821185251,GIYAXROQ,4705129793,DMVROMUJ,13754.14,13646.23,1,
TXN00000631,CUST007281,William,Thomas,Female,Tokyo,Japan,Tokyo,Japan,Tokyo,Japan,2024-12-13 14:52:59,Transfer,58.98,USD,Uber,Bills & Utilities,Payment for food & dining,FALSE,4681686242,MGVTXSRB,1552654856,KNAWFYPO,12721.13,13177.22,1,
TXN00000575,CUST007725,Ava,Taylor,Female,Tokyo,Japan,Tokyo,Japan,Tokyo,Japan,2024-02-18 18:37:11,Transfer,480.08,INR,Target,Food & Dining,Payment for food & dining,FALSE,6930952900,ITVBPRKY,1078185947,BKOIMAUB,9620.8,10123.12,1,
TXN00000471,CUST006468,John,Jackson,Female,Shanghai,China,Shanghai,China,Shanghai,China,2024-04-08 22:46:54,Transfer,406.72,EUR,Starbucks,Home & Garden,Payment for food & dining,TRUE,6536844602,OJVQJLCF,7925054791,DANWTMUS,8164.15,7894.54,1,
TXN00000041,CUST002211,Richard,Jones,Male,Rome,Italy,Rome,Italy,Rome,Italy,2025-03-10 19:57:59,Transfer,171.28,GBP,Starbucks,Health & Fitness,Payment for food & dining,FALSE,7006633270,SGIFEAMV,9731195803,OWFDVNHQ,12950.7,13219.44,1,
TXN00002070,CUST009308,Mia,Brown,Male,Mexico City,Mexico,Mexico City,Mexico,Mexico City,Mexico,2024-10-08 16:46:06,Purchase,353.53,EUR,Starbucks,Health & Fitness,Payment for shopping,FALSE,8305295877,ENQQBQUF,7903446163,NQCPTLCJ,14668.67,14806.08,1,
TXN00001241,CUST009547,Mia,Davis,Male,São Paulo,Brazil,São Paulo,Brazil,São Paulo,Brazil,2024-05-25 22:35:04,Transfer,119.67,USD,Starbucks,Food & Dining,Payment for health & fitness,FALSE,1078201079,NXBZJBNK,5549649215,SOWNWDVR,14781.96,14107.88,1,
TXN00001163,CUST002254,Olivia,Williams,Male,Shanghai,China,Shanghai,China,Shanghai,China,2024-05-19 15:36:22,Transfer,58.79,GBP,McDonalds,Entertainment,Payment for groceries,FALSE,2522242855,EKLQCLYE,6891738697,ZHHZMTIC,12776.73,12398.57,1,
TXN00001418,CUST006174,David,Brown,Male,Berlin,Germany,Berlin,Germany,Berlin,Germany,2024-06-28 16:14:50,Purchase,191.78,EUR,Home Depot,Travel,Payment for food & dining,FALSE,1822626348,YSOUCPSE,3701285784,FTBHKUXY,13989.59,14266.63,1,
TXN00003994,CUST008312,Olivia,Wilson,Female,Shanghai,China,Shanghai,China,Shanghai,China,2024-02-29 00:32:22,Purchase,275.59,EUR,Uber,Home & Garden,Payment for food & dining,FALSE,8051275025,OEENFWUN,4908516200,HOJBOPJL,15396.31,14435.12,1,
TXN00001285,CUST007165,Joseph,Lopez,Female,Toronto,Canada,Toronto,Canada,Toronto,Canada,2025-07-31 16:29:35,Transfer,483.53,INR,Airbnb,Shopping,Payment for travel,FALSE,2754803031,WWYUFPAG,1583803377,NSELLBVH,9059.33,9376.63,1,
TXN00003458,CUST000427,James,Martin,Male,London,UK,London,UK,London,UK,2024-08-23 18:35:09,Transfer,145.49,JPY,Marriott Hotels,Food & Dining,Payment for travel,TRUE,7764613225,XNXVNYPL,1871509320,ADRFUTAX,8967.17,8623.98,1,
TXN00000807,CUST005267,David,Williams,Female,Mumbai,India,Mumbai,India,Mumbai,India,2024-05-09 07:59:13,Transfer,206.37,INR,Target,Home & Garden,Payment for entertainment,FALSE,6455654500,MFEMODIS,5649357620,UXLBDXPC,9821.09,8841.25,1,
TXN00001847,CUST008436,David,Davis,Male,Rome,Italy,Rome,Italy,Rome,Italy,2024-06-15 13:56:57,Purchase,34.59,INR,Best Buy,Entertainment,Payment for bills & utilities,TRUE,7642608114,UBQTAKDT,5101062079,TLAUGFSN,11447.22,10966.41,1,
TXN00002377,CUST004988,Thomas,Davis,Male,Rome,Italy,Rome,Italy,Rome,Italy,2025-07-12 20:10:25,Purchase,259.46,CNY,Target,Electronics,Payment for groceries,FALSE,4275511321,APWAREZR,3649709332,BLCUFVGH,5414.43,5295.44,1,
TXN00002411,CUST004463,Emma,Moore,Male,São Paulo,Brazil,São Paulo,Brazil,São Paulo,Brazil,2024-08-02 07:54:59,Purchase,89.31,CHF,Walmart,Health & Fitness,Payment for health & fitness,FALSE,1709267669,EEUUUYZY,1817936527,HGCVDKAS,13782.35,13251.81,1,
TXN00003326,CUST005619,Joseph,Hernandez,Male,Madrid,Spain,Madrid,Spain,Madrid,Spain,2025-09-07 02:02:29,Transfer,451.83,INR,Starbucks,Bills & Utilities,Payment for bills & utilities,FALSE,6108923836,JFUYRARQ,7967546403,CSOTQELX,14629.53,14849.18,1,
TXN00003092,CUST008426,James,Davis,Female,Sydney,Australia,Sydney,Australia,Sydney,Australia,2025-06-13 11:24:16,Purchase,60.67,INR,Starbucks,Shopping,Payment for groceries,TRUE,8143849370,AGHRNHRW,5778882105,FOTPXXUL,9430.04,8447.45,1,
TXN00004282,CUST004257,James,Martinez,Female,Berlin,Germany,Berlin,Germany,Berlin,Germany,2024-08-30 11:23:55,Purchase,287.78,CNY,Best Buy,Travel,Payment for bills & utilities,FALSE,9523449365,VFVCDEGN,2758304916,WCZOMISR,12267.09,12564.82,1,
TXN00002562,CUST006365,James,Lee,Male,Rome,Italy,Rome,Italy,Rome,Italy,2024-12-22 18:28:11,Transfer,18.07,JPY,Airbnb,Shopping,Payment for gas & fuel,FALSE,3658666582,YKTIFKFF,2738044426,NHZXNURS,11922.24,12266,1,
TXN00003002,CUST007449,Amelia,Davis,Female,Paris,France,Paris,France,Paris,France,2025-09-11 01:02:09,Purchase,232.4,CHF,Shell Gas,Home & Garden,Payment for entertainment,FALSE,1764039343,MSRFLNYF,7080113376,IMWJIDRP,8097.25,8246.35,1,
TXN00000249,CUST005000,Richard,Lee,Female,Mexico City,Mexico,Mexico City,Mexico,Mexico City,Mexico,2025-03-04 06:37:13,Purchase,54.02,JPY,Walmart,Food & Dining,Payment for health & fitness,FALSE,8716555938,EHQCEEYC,4082836237,AYKMLKQA,10912.3,10115.66,1,
TXN00002481,CUST008525,Amelia,Brown,Female,Shanghai,China,Shanghai,China,Shanghai,China,2025-08-10 19:40:26,Purchase,481.7,INR,Netflix,Groceries,Payment for groceries,FALSE,7885931640,WLNSATWZ,7716803526,PPIVBWXA,14888.88,14136.07,1,
TXN00002196,CUST004484,Isabella,Jones,Female,Paris,France,Paris,France,Paris,France,2024-05-22 03:07:07,Purchase,169.86,AUD,Whole Foods,Food & Dining,Payment for travel,FALSE,8726651062,KNUQPRPT,6770857390,BQWJPRNQ,6488.82,5816.56,1,
TXN00001336,CUST001026,Ava,Lee,Male,Mumbai,India,Mumbai,India,Mumbai,India,2024-10-11 06:50:02,Transfer,116.77,CHF,Delta Airlines,Home & Garden,Payment for home & garden,FALSE,6137399128,VKSIEAWE,8405435478,HROKPLRG,10309.95,11112.37,1,
TXN00003719,CUST008287,Joseph,Thomas,Female,London,UK,London,UK,London,UK,2025-02-11 01:00:01,Purchase,401.81,JPY,Apple Store,Entertainment,Payment for shopping,FALSE,6875286072,YOYKMQMU,5216430208,TDHFYJVK,4567.46,5448.06,1,
TXN00002953,CUST001951,Thomas,Lee,Male,Toronto,Canada,Toronto,Canada,Toronto,Canada,2024-02-06 19:08:49,Transfer,387.1,USD,Shell Gas,Entertainment,Payment for electronics,FALSE,7874209484,HXHEFIMC,8066009964,GFOVTPJP,13793.5,14397.41,1,
TXN00000035,CUST004240,Michael,Miller,Female,Tokyo,Japan,Tokyo,Japan,Tokyo,Japan,2024-09-19 09:31:18,Purchase,152.08,CHF,Target,Food & Dining,Payment for food & dining,FALSE,2828694930,BKARVWBE,4250520151,QWSTEROV,7509.85,7421.86,1,
TXN00001001,CUST000231,James,Taylor,Female,Madrid,Spain,Madrid,Spain,Madrid,Spain,2025-06-29 12:05:08,Transfer,225.7,CAD,Marriott Hotels,Electronics,Payment for food & dining,FALSE,8163674823,KFEHMNBG,5783700305,RGEGLTEK,12160.81,11528.61,1,
TXN00003567,CUST006384,Michael,Hernandez,Male,Mumbai,India,Mumbai,India,Mumbai,India,2024-01-13 20:37:09,Purchase,270.19,JPY,Best Buy,Groceries,Payment for bills & utilities,FALSE,3989198723,IDGHSCPK,2165069868,QFFKUIZF,9174.62,8777.15,1,
TXN00004558,CUST003473,Charlotte,Miller,Male,Rome,Italy,Rome,Italy,Rome,Italy,2024-05-07 02:09:05,Purchase,423.51,GBP,Home Depot,Food & Dining,Payment for travel,FALSE,4266431142,HLZHLAII,3620454140,HDDZRQLG,10605.43,11122.75,1,
TXN00004404,CUST008082,Thomas,Moore,Male,Berlin,Germany,Berlin,Germany,Berlin,Germany,2025-03-19 10:43:39,Purchase,312.16,JPY,Apple Store,Health & Fitness,Payment for entertainment,FALSE,6005843167,JIMJRPFC,6178819601,YOVQKHMY,13564.71,12710.57,1,
TXN00000486,CUST003580,Daniel,Moore,Male,Mexico City,Mexico,Mexico City,Mexico,Mexico City,Mexico,2025-03-03 10:34:56,Transfer,367.41,GBP,McDonalds,Electronics,Payment for gas & fuel,FALSE,5034600592,CAJNJJIZ,5236494196,FUQZIGHI,13404.32,12787,1,
TXN00000731,CUST000462,Mia,Hernandez,Male,Sydney,Australia,Sydney,Australia,Sydney,Australia,2025-02-19 06:42:35,Purchase,296.46,INR,Marriott Hotels,Travel,Payment for entertainment,FALSE,8203398201,XYVAUIZF,7664395103,YBLUVVPD,10663.93,10077.54,1,
TXN00002840,CUST001137,Richard,Smith,Female,Rome,Italy,Rome,Italy,Rome,Italy,2024-10-25 12:50:12,Purchase,235.86,CHF,Home Depot,Bills & Utilities,Payment for shopping,FALSE,8353431214,NLJQNSSP,3155377145,KHSXGXUS,8585.4,9249.02,1,
TXN00003893,CUST005424,William,Thomas,Male,Berlin,Germany,Berlin,Germany,Berlin,Germany,2024-09-14 11:21:34,Purchase,301.54,GBP,Apple Store,Electronics,Payment for shopping,FALSE,3291729122,RKEVEKNW,2912093604,RYXGZEUL,8563.21,8705.87,1,
TXN00003958,CUST008178,Ava,Anderson,Female,Tokyo,Japan,Tokyo,Japan,Tokyo,Japan,2024-08-16 06:11:51,Purchase,190.58,CHF,Starbucks,Health & Fitness,Payment for travel,FALSE,2000982288,DESQGZRR,4408966956,SWUZEJJE,9806.76,9963.79,1,
TXN00002847,CUST006610,James,Martin,Male,Berlin,Germany,Berlin,Germany,Berlin,Germany,2024-09-07 15:45:16,Purchase,397.86,AUD,McDonalds,Home & Garden,Payment for health & fitness,FALSE,6079510782,ZVBWLWYL,9953523212,GSDPJWYN,13427.4,13358.53,1,
TXN00002283,CUST005900,John,Brown,Male,Tokyo,Japan,Tokyo,Japan,Tokyo,Japan,2025-09-18 09:25:37,Purchase,36.78,USD,Target,Groceries,Payment for shopping,FALSE,6242962497,PKCOOGMN,9335871205,WEBXGASY,11374.28,11480.5,1,
TXN00002524,CUST009487,Thomas,Lopez,Male,Sydney,Australia,Sydney,Australia,Sydney,Australia,2025-03-03 03:20:34,Purchase,118.46,GBP,McDonalds,Health & Fitness,Payment for entertainment,FALSE,1861886378,ZTVYMEIX,7278451596,TSTHFKTB,10654.2,10621.13,1,
TXN00001600,CUST006303,Ava,Jones,Male,Tokyo,Japan,Tokyo,Japan,Tokyo,Japan,2024-04-15 23:43:26,Purchase,238.08,CNY,Starbucks,Entertainment,Payment for home & garden,FALSE,6585198908,IOFRUHCU,2450598708,FAFMPTQC,14353.35,13789.29,1,
TXN00002010,CUST000691,Ava,Moore,Female,Tokyo,Japan,Tokyo,Japan,Tokyo,Japan,2024-12-12 10:23:05,Purchase,397.95,GBP,Starbucks,Entertainment,Payment for entertainment,FALSE,3248699824,LYDVSCSL,7896985087,HOHIRSTD,9047.7,9689.79,1,
TXN00000494,CUST003729,Thomas,Garcia,Male,Paris,France,Paris,France,Paris,France,2024-12-09 11:41:55,Purchase,117,GBP,McDonalds,Health & Fitness,Payment for shopping,TRUE,1796122427,RAJXMVTW,5015577401,KVFPKCDA,9911.21,10060.38,1,
TXN00000683,CUST003747,Michael,Garcia,Female,Mexico City,Mexico,Mexico City,Mexico,Mexico City,Mexico,2024-10-22 08:33:29,Purchase,164.86,CNY,Delta Airlines,Entertainment,Payment for gas & fuel,TRUE,7164898723,CJDNNURS,1101484145,CGKYBBCN,8793.43,7858.41,1,
TXN00002280,CUST008973,Joseph,Johnson,Male,Shanghai,China,Shanghai,China,Shanghai,China,2025-06-01 10:04:43,Purchase,298.2,EUR,Starbucks,Bills & Utilities,Payment for gas & fuel,FALSE,2302564466,WZQDFXDQ,8976083215,MQBXTYRH,10178.75,9370.79,1,
TXN00000621,CUST001773,Amelia,Smith,Male,London,UK,London,UK,London,UK,2024-05-16 01:51:07,Transfer,27.49,CNY,Airbnb,Gas & Fuel,Payment for home & garden,FALSE,7380285566,VOUHFTHI,1621268322,EQLIWFAG,11868.83,12314.72,1,
TXN00000396,CUST007433,Emma,Williams,Male,Rome,Italy,Rome,Italy,Rome,Italy,2025-07-19 06:45:54,Purchase,110.7,CHF,Airbnb,Groceries,Payment for bills & utilities,FALSE,5354079279,LCSCSCON,9611457333,EFDRQJEC,7446.02,7430.75,1,
TXN00000338,CUST004808,Mia,Brown,Male,London,UK,London,UK,London,UK,2024-11-19 10:51:01,Transfer,461.39,INR,Target,Groceries,Payment for entertainment,FALSE,9366073924,YJYUYBTO,2542897255,ILXBIYAQ,12973.39,12999.14,1,
TXN00003436,CUST003761,Daniel,Jones,Female,Toronto,Canada,Toronto,Canada,Toronto,Canada,2024-08-24 07:08:10,Purchase,462,USD,Whole Foods,Gas & Fuel,Payment for gas & fuel,FALSE,1428597429,JXRTOWAL,7888954211,FJOZEEWA,11260.93,11499.51,1,
TXN00001637,CUST009654,Joseph,Brown,Female,Paris,France,Paris,France,Paris,France,2025-06-24 15:01:44,Purchase,42.59,JPY,Netflix,Gas & Fuel,Payment for gas & fuel,FALSE,4683003571,TPYMCEMK,1705420980,EIOPOUSS,5760.18,5032.25,1,
TXN00003748,CUST003704,Daniel,Taylor,Male,São Paulo,Brazil,São Paulo,Brazil,São Paulo,Brazil,2025-09-26 18:26:00,Purchase,357.76,CHF,Delta Airlines,Home & Garden,Payment for shopping,FALSE,3701632989,PAITWAKO,5646204527,ZFGPIJEB,10423.65,10227.77,1,
TXN00002154,CUST002095,Sophia,Martin,Male,São Paulo,Brazil,São Paulo,Brazil,São Paulo,Brazil,2024-09-06 00:51:36,Purchase,453.18,CNY,Uber,Bills & Utilities,Payment for health & fitness,TRUE,6265069724,WLFFHDMX,9857672795,HONBGTEP,10079.81,10379.71,1,
TXN00003701,CUST008550,Thomas,Anderson,Male,Sydney,Australia,Sydney,Australia,Sydney,Australia,2024-05-13 22:04:21,Purchase,384.12,AUD,Uber,Gas & Fuel,Payment for bills & utilities,FALSE,9348984548,RZTOFRXF,4088264914,WXSPNRCH,11278.71,10606.18,1,
TXN00003875,CUST007143,Michael,Brown,Male,São Paulo,Brazil,São Paulo,Brazil,São Paulo,Brazil,2024-12-01 19:16:13,Purchase,467.23,USD,Target,Groceries,Payment for groceries,FALSE,1409383488,OMQKPKHW,4271742983,LBGNGWUU,8064.96,7450.12,1,
TXN00002136,CUST001017,Sophia,Lee,Male,Mexico City,Mexico,Mexico City,Mexico,Mexico City,Mexico,2024-07-09 17:47:23,Purchase,293.57,CAD,Delta Airlines,Food & Dining,Payment for shopping,FALSE,1038337131,RCHMFDHB,9205613016,PZFWAKYG,8316.52,8866.12,1,
TXN00004979,CUST008121,Richard,Thomas,Female,Madrid,Spain,Singapore,Singapore,Madrid,Spain,2024-01-03 03:23:32,Transfer,3567.2,AUD,McDonalds,Travel,Payment for health & fitness,TRUE,6298384735,FCJGKUHD,6541422334,APOBAIIR,14820.81,14744.59,0,Login from different country than transaction
TXN00000419,CUST001128,William,Johnson,Female,Tokyo,Japan,Tokyo,Japan,Tokyo,Japan,2024-05-27 20:59:27,Transfer,398.88,USD,Whole Foods,Health & Fitness,Payment for home & garden,FALSE,8548539126,UUGRNPJR,6560258424,OYIYTLHF,7235.46,7803.02,1,
TXN00004017,CUST006729,Ava,Anderson,Male,São Paulo,Brazil,São Paulo,Brazil,São Paulo,Brazil,2024-06-04 20:45:33,Purchase,171.84,CNY,Apple Store,Groceries,Payment for entertainment,FALSE,3753383712,XHILXYAU,6755195939,DKQTSVFB,10389.31,11178.34,1,
TXN00004924,CUST009675,Harper,Martinez,Female,Mexico City,Mexico,Paris,France,Mexico City,Mexico,2025-01-08 15:33:54,Transfer,4936.98,CAD,Marriott Hotels,Home & Garden,Payment for food & dining,FALSE,7120297699,IPFWDGZW,4585042996,MFVDQWGT,13942.38,14416.74,0,Card not present fraud
TXN00004185,CUST003719,Thomas,Brown,Male,Shanghai,China,Shanghai,China,Shanghai,China,2024-01-12 17:39:09,Transfer,127.77,INR,Delta Airlines,Shopping,Payment for gas & fuel,FALSE,8945245791,OWOEVZUE,2889758764,KNEYSPFV,5972.39,5052.52,1,
TXN00002345,CUST002642,Joseph,Smith,Male,Rome,Italy,Rome,Italy,Rome,Italy,2024-12-26 16:40:34,Transfer,495.34,CAD,Netflix,Gas & Fuel,Payment for entertainment,FALSE,8796308655,VNEOOMEU,1658565926,GPKQGFFI,6881.8,6728.36,1,
TXN00004642,CUST006549,John,Rodriguez,Male,London,UK,London,UK,London,UK,2024-10-25 17:04:55,Purchase,191.45,USD,Whole Foods,Home & Garden,Payment for groceries,FALSE,9836053519,AJMWMOBN,9750734224,JGDSJIUR,9780,9288.56,1,
TXN00001160,CUST005329,Harper,Miller,Female,London,UK,London,UK,London,UK,2025-05-15 07:27:36,Transfer,247.78,CHF,Apple Store,Gas & Fuel,Payment for travel,FALSE,4797900163,YYRWPMLE,9728464577,PCXSYGAC,6673.47,7092.49,1,
TXN00002257,CUST003658,Mia,Wilson,Male,Dubai,UAE,Dubai,UAE,Dubai,UAE,2025-07-29 00:13:20,Purchase,375.96,CHF,McDonalds,Entertainment,Payment for electronics,FALSE,2452049374,MAYHHJTB,2183496371,ZMSUGDNU,7449.13,7799.16,1,
TXN00002664,CUST005624,Robert,Smith,Female,Paris,France,Paris,France,Paris,France,2024-09-18 02:19:39,Purchase,362.4,EUR,Apple Store,Electronics,Payment for health & fitness,FALSE,3790475742,JSWAJMBV,5756420537,KFGVXOOS,10807.99,11162.53,1,
TXN00003313,CUST008767,Daniel,Moore,Female,Madrid,Spain,Madrid,Spain,Madrid,Spain,2025-02-12 23:29:18,Transfer,346.17,INR,Netflix,Groceries,Payment for electronics,FALSE,9273291575,ZDZKGHTN,9905464715,WPDKZFPM,7451.26,8031.73,1,
TXN00002004,CUST000660,Charlotte,Jackson,Female,Mexico City,Mexico,Mexico City,Mexico,Mexico City,Mexico,2024-11-15 04:06:00,Purchase,82.07,USD,Starbucks,Gas & Fuel,Payment for travel,FALSE,7652821718,ZVZCFDIE,4156544968,GNFTPXEZ,12505.42,13356.83,1,
TXN00004336,CUST008225,Evelyn,Wilson,Female,Shanghai,China,Shanghai,China,Shanghai,China,2024-03-30 20:54:02,Purchase,465.58,GBP,Home Depot,Home & Garden,Payment for bills & utilities,FALSE,3838619171,RRCUZWSG,5373674992,NNEWGWYH,7912.47,7526.2,1,
TXN00001139,CUST001132,Sophia,Martin,Male,São Paulo,Brazil,São Paulo,Brazil,São Paulo,Brazil,2024-08-03 22:36:53,Purchase,418.62,USD,Best Buy,Health & Fitness,Payment for health & fitness,TRUE,9206749290,HSIEQSOP,9844278334,YFJOWYRV,6492.15,7142.78,1,
TXN00003468,CUST008402,Charlotte,Smith,Male,Shanghai,China,Shanghai,China,Shanghai,China,2024-09-19 01:42:07,Purchase,470.04,CHF,Uber,Food & Dining,Payment for gas & fuel,FALSE,7104390244,JKGIPYOU,1503308298,TZNMFZID,13357.96,13013.19,1,
TXN00003322,CUST004727,Richard,Williams,Male,Singapore,Singapore,Singapore,Singapore,Singapore,Singapore,2024-09-19 13:37:49,Transfer,506.17,CNY,Walmart,Electronics,Payment for food & dining,FALSE,7091143392,BQAUUPKS,2607038020,ZRAPCOMW,7672.48,6746.22,1,
TXN00001936,CUST001415,Charlotte,Smith,Male,Berlin,Germany,Berlin,Germany,Berlin,Germany,2024-05-13 07:37:16,Purchase,349.02,CAD,Marriott Hotels,Electronics,Payment for electronics,FALSE,2132880202,MVKKYECL,2397936513,RKVRXIZH,8167.72,8686.13,1,
TXN00001586,CUST006417,Emma,Anderson,Female,Shanghai,China,Shanghai,China,Shanghai,China,2024-03-15 05:27:35,Purchase,296.21,GBP,Starbucks,Shopping,Payment for travel,FALSE,9135462858,GSSFSJGD,4081278043,WAKEYWHK,5225.21,5236,1,
TXN00000697,CUST006928,Olivia,Wilson,Male,Mexico City,Mexico,Mexico City,Mexico,Mexico City,Mexico,2024-08-07 00:28:36,Purchase,506.38,CNY,Best Buy,Bills & Utilities,Payment for health & fitness,FALSE,9193194689,VFCSTQTB,7995927893,KRDMZSRZ,10562.29,10221.54,1,
TXN00001953,CUST005684,Mia,Johnson,Female,São Paulo,Brazil,São Paulo,Brazil,São Paulo,Brazil,2025-03-20 17:02:25,Purchase,104.88,EUR,Airbnb,Groceries,Payment for travel,FALSE,9022991957,QKKGEZAL,9467426498,RDHLGUMM,11674.81,11715.3,1,
TXN00003035,CUST008910,Joseph,Johnson,Female,Shanghai,China,Shanghai,China,Shanghai,China,2025-06-19 03:44:26,Purchase,130.37,INR,Marriott Hotels,Food & Dining,Payment for shopping,FALSE,1224570621,LADZCPFW,2283314650,LZHEKAHE,7552.23,7884.65,1,
TXN00004864,CUST005506,Robert,Brown,Female,Madrid,Spain,Madrid,Spain,London,UK,2024-09-03 16:59:41,Purchase,2305.89,CNY,Uber,Electronics,Payment for shopping,TRUE,3703975316,QBBUEFNZ,3970637858,DZRDSKKE,10935.9,11087.9,0,Unusual location pattern
TXN00002582,CUST002692,David,Taylor,Female,Toronto,Canada,Toronto,Canada,Toronto,Canada,2025-02-19 23:46:45,Purchase,342.32,INR,Best Buy,Gas & Fuel,Payment for entertainment,TRUE,5411196402,LMNTOFFH,4256531309,SMYBNNII,8539.14,8110.4,1,
TXN00004824,CUST002985,Charlotte,Martin,Female,New York,USA,New York,USA,Dubai,UAE,2024-07-20 05:08:14,Purchase,4185.94,GBP,Airbnb,Shopping,Payment for entertainment,FALSE,5347485620,KXDMJICN,8692061836,NOUIEVKX,5578.1,5408.96,0,Known fraudulent merchant
TXN00001564,CUST005775,Isabella,Davis,Female,New York,USA,New York,USA,New York,USA,2025-10-10 21:02:23,Transfer,386.47,USD,Shell Gas,Electronics,Payment for shopping,FALSE,2033938037,ZUUHLYZJ,2681739375,GGSDNHWF,9667.72,8756.31,1,
TXN00002574,CUST000315,Isabella,Martin,Female,Sydney,Australia,Sydney,Australia,Sydney,Australia,2025-03-22 09:18:10,Purchase,290.51,CAD,Home Depot,Electronics,Payment for food & dining,TRUE,3191362273,TPUSMIBD,6150169193,UTXFGWET,7809.48,6975.38,1,
TXN00001589,CUST008103,William,Brown,Male,Paris,France,Paris,France,Paris,France,2025-02-23 23:49:19,Purchase,117.38,INR,Marriott Hotels,Home & Garden,Payment for home & garden,FALSE,8114659411,HAVOTTXT,2160153066,AODJUUTT,7084.82,6154.98,1,
TXN00000614,CUST008597,Olivia,Lee,Female,Sydney,Australia,Sydney,Australia,Sydney,Australia,2024-03-02 04:11:30,Transfer,479.36,GBP,Uber,Bills & Utilities,Payment for electronics,FALSE,7385514086,UWWREKXV,9655050492,GIRSYCBN,7117.14,6863.51,1,
TXN00001689,CUST007599,John,Smith,Female,Mumbai,India,Mumbai,India,Mumbai,India,2025-05-02 17:42:21,Purchase,47.12,AUD,Starbucks,Entertainment,Payment for travel,FALSE,9685364049,CYMIMEYW,2851298329,XMZWYLCB,9067.46,9169.35,1,
TXN00002521,CUST006649,Thomas,Moore,Male,Paris,France,Paris,France,Paris,France,2024-02-15 02:50:39,Purchase,212.6,USD,Best Buy,Shopping,Payment for travel,FALSE,9870004955,RSDWGFPE,7782213816,PCTFLFQK,13342.31,12598.33,1,
TXN00004702,CUST004909,Daniel,Jones,Male,Shanghai,China,Shanghai,China,Shanghai,China,2024-04-17 11:31:02,Purchase,384.2,JPY,Airbnb,Entertainment,Payment for food & dining,TRUE,9730172238,DDDSXXHO,6899005249,EALPVYLY,13220.18,13974.85,1,
TXN00003321,CUST003237,Robert,Smith,Female,Mumbai,India,Mumbai,India,Mumbai,India,2025-05-03 23:20:13,Purchase,96.5,AUD,Apple Store,Food & Dining,Payment for bills & utilities,FALSE,6021882161,EQAPECDD,6205881850,JYRVGARP,10373.64,10987.47,1,
TXN00002153,CUST004737,Charlotte,Brown,Male,London,UK,London,UK,London,UK,2024-04-19 06:00:52,Purchase,65.22,CAD,Marriott Hotels,Travel,Payment for entertainment,FALSE,9073265456,WCVDFEWG,6179367130,PCJLAOMJ,13721.58,14372.48,1,
TXN00003728,CUST002378,Harper,Wilson,Female,Rome,Italy,Rome,Italy,Rome,Italy,2024-04-19 00:58:07,Purchase,18.56,CAD,Uber,Health & Fitness,Payment for shopping,FALSE,5946490634,HSBTPKCD,1804234761,JDNMRKHF,4769.33,5758.62,1,
TXN00002725,CUST003479,Daniel,Williams,Male,New York,USA,New York,USA,New York,USA,2024-04-24 20:39:44,Purchase,490.35,AUD,Airbnb,Groceries,Payment for groceries,TRUE,2915994008,ETLNDKFK,1286534288,QXETJHVY,11298.18,10503.35,1,
TXN00002078,CUST000170,Robert,Brown,Male,Shanghai,China,Shanghai,China,Shanghai,China,2025-05-25 05:25:35,Transfer,430.3,CNY,Netflix,Home & Garden,Payment for electronics,FALSE,1735821169,VAAYWKID,2530299347,YHHVOWEA,6140.86,7083.17,1,
TXN00003879,CUST002408,Robert,Brown,Male,Shanghai,China,Shanghai,China,Shanghai,China,2025-02-23 11:36:49,Purchase,354.39,GBP,Whole Foods,Gas & Fuel,Payment for groceries,FALSE,2068525160,XFZEHXNN,7106029136,DDHBCZBD,13035.67,13794.31,1,
TXN00002689,CUST009996,Emma,Rodriguez,Male,Tokyo,Japan,Tokyo,Japan,Tokyo,Japan,2025-07-29 14:45:06,Purchase,468.66,CAD,McDonalds,Home & Garden,Payment for health & fitness,FALSE,9215526273,QFCNJSTC,1854579365,XXOOBTOQ,10740.66,9821.4,1,
TXN00001615,CUST003218,Sophia,Thomas,Male,Madrid,Spain,Madrid,Spain,Madrid,Spain,2025-03-08 19:11:25,Transfer,212.29,GBP,Airbnb,Groceries,Payment for electronics,FALSE,3006481894,MFRBCEGM,8558178455,QROESSTS,12361.6,11400.79,1,
TXN00002527,CUST001753,Mia,Martin,Female,Toronto,Canada,Toronto,Canada,Toronto,Canada,2024-04-22 21:38:39,Transfer,401.48,AUD,Airbnb,Travel,Payment for home & garden,FALSE,9444268648,GDXUXNAB,2898932362,HDOALZFR,9087.96,9183.37,1,
TXN00003252,CUST007327,Amelia,Hernandez,Male,Singapore,Singapore,Singapore,Singapore,Singapore,Singapore,2024-02-19 19:49:50,Purchase,444.6,CAD,Starbucks,Shopping,Payment for electronics,FALSE,2861138208,UDNAPJBF,7652612771,PAKUODFO,5891.4,6370.72,1,
TXN00000366,CUST000046,Michael,Thomas,Female,New York,USA,New York,USA,New York,USA,2025-02-12 08:35:54,Purchase,367.01,CHF,Shell Gas,Shopping,Payment for health & fitness,FALSE,9431617077,TOPPRUTO,9676840739,OSFUFCDY,9894.58,9703.88,1,
TXN00000630,CUST004964,Isabella,Moore,Male,Mexico City,Mexico,Mexico City,Mexico,Mexico City,Mexico,2024-06-08 03:15:28,Transfer,452.66,JPY,Best Buy,Bills & Utilities,Payment for entertainment,FALSE,4839457177,FPBBKFAW,7311627624,GENZQDLM,10224.68,11120.01,1,
TXN00001903,CUST000822,Isabella,Lee,Male,Dubai,UAE,Dubai,UAE,Dubai,UAE,2024-08-24 20:49:15,Transfer,429.86,EUR,Amazon,Entertainment,Payment for health & fitness,FALSE,6712055343,ODSATIVU,5640652408,HJMEJSZY,4722.55,5636.84,1,
TXN00002355,CUST008138,Thomas,Lee,Male,Madrid,Spain,Madrid,Spain,Madrid,Spain,2024-04-24 18:42:25,Purchase,315.8,AUD,McDonalds,Health & Fitness,Payment for entertainment,FALSE,9703357006,GZDVXZMW,6808602595,JLBOFMQP,8693.23,7784.32,1,
TXN00001269,CUST009092,Olivia,Lee,Female,Mumbai,India,Mumbai,India,Mumbai,India,2024-03-08 10:16:52,Purchase,466.46,CNY,Home Depot,Gas & Fuel,Payment for groceries,FALSE,3624908181,YBIHNHQV,8130610533,KECRHTDX,9670.68,10131.56,1,
TXN00002401,CUST005326,Emma,Miller,Female,New York,USA,New York,USA,New York,USA,2025-05-11 12:14:20,Purchase,373.78,EUR,Netflix,Electronics,Payment for entertainment,FALSE,6138652075,NWUHUZIC,9996319706,HJWOTXKH,6930.19,7221.62,1,
TXN00003921,CUST000230,Sophia,Johnson,Male,Madrid,Spain,Madrid,Spain,Madrid,Spain,2024-07-16 02:44:20,Transfer,423.43,EUR,Walmart,Electronics,Payment for shopping,FALSE,3589013585,UJLIKQFW,2244953732,SVWRAUGG,13333.69,14206.2,1,
TXN00003981,CUST000846,Harper,Hernandez,Female,Toronto,Canada,Toronto,Canada,Toronto,Canada,2024-12-26 14:36:14,Purchase,288.83,EUR,Walmart,Electronics,Payment for shopping,FALSE,1947594031,AZFWNNXQ,7475562793,NAVNGERF,11171.52,11917.86,1,
TXN00001975,CUST004332,Sophia,Thomas,Male,Singapore,Singapore,Singapore,Singapore,Singapore,Singapore,2025-07-16 03:51:43,Purchase,384,CAD,Delta Airlines,Home & Garden,Payment for home & garden,FALSE,9417822775,OEGMBQDZ,4770255377,MKVVQBKE,15313.5,14815.6,1,
TXN00001283,CUST002085,Isabella,Hernandez,Male,Sydney,Australia,Sydney,Australia,Sydney,Australia,2024-03-02 16:19:41,Purchase,417.14,INR,Shell Gas,Food & Dining,Payment for electronics,FALSE,4982332222,ZOPNCWAP,3539612961,QWHHYYJB,11158.83,12138.18,1,
TXN00000472,CUST005719,Daniel,Miller,Female,Shanghai,China,Shanghai,China,Shanghai,China,2024-03-10 17:22:46,Purchase,332.77,JPY,Delta Airlines,Food & Dining,Payment for bills & utilities,FALSE,1529170962,NGCFIJSC,4950164143,ZHTYPOAH,10360.76,10771.45,1,
TXN00001478,CUST004134,Amelia,Martinez,Female,London,UK,London,UK,London,UK,2024-11-24 21:19:04,Purchase,279.4,JPY,Marriott Hotels,Travel,Payment for health & fitness,TRUE,5881635113,PRCRHSBX,2826530507,OAFGZJPG,7693.13,8413.58,1,
TXN00002361,CUST004146,David,Miller,Female,Toronto,Canada,Toronto,Canada,Toronto,Canada,2024-11-06 01:11:25,Purchase,343.24,CNY,Uber,Travel,Payment for home & garden,FALSE,8075453573,LLQNCNRC,7094048732,CJMJMYAT,7976.61,8784.57,1,
TXN00001013,CUST007336,Mia,Jackson,Female,Singapore,Singapore,Singapore,Singapore,Singapore,Singapore,2025-08-18 13:01:38,Purchase,466.02,CHF,Marriott Hotels,Food & Dining,Payment for bills & utilities,FALSE,1587036274,OQWJAIOS,2840081262,ZZALLZDS,7225.38,6419.55,1,
TXN00001631,CUST000119,Thomas,Jones,Male,Berlin,Germany,Berlin,Germany,Berlin,Germany,2024-11-09 21:04:20,Purchase,315.89,JPY,Starbucks,Food & Dining,Payment for gas & fuel,FALSE,2809109839,KQRBKFQY,8891300015,VDIDUJMS,11254.97,11584.76,1,
TXN00004001,CUST007330,Harper,Moore,Male,Madrid,Spain,Madrid,Spain,Madrid,Spain,2025-07-17 10:13:34,Purchase,365.05,INR,Marriott Hotels,Health & Fitness,Payment for groceries,FALSE,4202959641,YFBGCBZW,7312140748,NEVVQNGR,5687.84,6154.6,1,
TXN00003172,CUST002595,Olivia,Davis,Male,Rome,Italy,Rome,Italy,Rome,Italy,2025-01-20 17:04:39,Purchase,378.49,INR,Target,Shopping,Payment for bills & utilities,FALSE,9603035199,UBHSWSWJ,1281277582,HRABWVVU,8167.87,8335.63,1,
TXN00001522,CUST007069,Olivia,Johnson,Female,Rome,Italy,Rome,Italy,Rome,Italy,2024-01-25 22:22:53,Transfer,458.1,CHF,Target,Home & Garden,Payment for health & fitness,FALSE,8216739142,AREURZKG,9915747187,SDTTWVUW,6387.92,5640.32,1,
TXN00001927,CUST004531,James,Thomas,Male,São Paulo,Brazil,São Paulo,Brazil,São Paulo,Brazil,2024-02-23 20:53:03,Purchase,121.03,CHF,Uber,Gas & Fuel,Payment for health & fitness,FALSE,1069981491,JHIXOAAG,6897583909,MDUVGCPN,9505.74,10365.07,1,
TXN00001982,CUST002348,John,Brown,Male,Mexico City,Mexico,Mexico City,Mexico,Mexico City,Mexico,2024-12-19 15:52:10,Purchase,436.03,INR,Netflix,Shopping,Payment for groceries,FALSE,6040040150,MQRUVKSN,1498887908,HXDQIPYP,8491.19,8342.42,1,
TXN00003306,CUST008610,Sophia,Brown,Female,London,UK,London,UK,London,UK,2024-07-27 14:13:59,Transfer,69.1,JPY,Uber,Health & Fitness,Payment for shopping,TRUE,8925578952,ZTZCSMCZ,8338222624,FCJNPRNU,15490.25,14626.05,1,
TXN00004285,CUST005196,David,Wilson,Female,Tokyo,Japan,Tokyo,Japan,Tokyo,Japan,2024-12-27 05:57:32,Purchase,98.13,CHF,Airbnb,Food & Dining,Payment for shopping,TRUE,8645834372,WBDJCONW,8618253078,ITGJLCIX,7674.31,6766.12,1,
TXN00002030,CUST009705,William,Williams,Male,London,UK,London,UK,London,UK,2024-10-31 00:28:13,Purchase,343.8,CNY,Shell Gas,Groceries,Payment for gas & fuel,FALSE,2542411158,EOEOBNUE,2698579482,CPVDJGPC,14421.23,14982.59,1,
TXN00000043,CUST001531,Ava,Jones,Female,Tokyo,Japan,Tokyo,Japan,Tokyo,Japan,2025-07-07 06:42:28,Transfer,260.45,CAD,Best Buy,Health & Fitness,Payment for entertainment,FALSE,6279563283,AZVGMIXR,1670376639,JXMJMSJP,13862.4,13390.9,1,
TXN00003040,CUST004371,Richard,Taylor,Female,Mexico City,Mexico,Mexico City,Mexico,Mexico City,Mexico,2024-04-05 08:52:49,Purchase,502.42,JPY,Delta Airlines,Home & Garden,Payment for bills & utilities,TRUE,5787541059,RIZJGFDL,4071689469,QCKMJKNR,6947.85,6284.77,1,
TXN00004290,CUST006361,Daniel,Jones,Female,Tokyo,Japan,Tokyo,Japan,Tokyo,Japan,2024-09-26 12:59:03,Purchase,179.55,EUR,Amazon,Food & Dining,Payment for travel,FALSE,9479173905,MAARXRYU,4181581980,LZDTWPJL,8183.09,8873.43,1,
TXN00004357,CUST001716,Joseph,Wilson,Female,Shanghai,China,Shanghai,China,Shanghai,China,2024-05-15 04:54:20,Purchase,402.22,CNY,Best Buy,Entertainment,Payment for health & fitness,FALSE,6360181420,DMGKQWBB,6908745169,YGSKNNVP,5848.03,5477.1,1,
TXN00000119,CUST001940,Sophia,Lopez,Female,Madrid,Spain,Madrid,Spain,Madrid,Spain,2025-06-23 13:48:40,Purchase,183.51,JPY,Best Buy,Travel,Payment for groceries,FALSE,2819809485,OIQVTJPV,9234412399,WPJEDERB,7152.22,7943.05,1,
TXN00002482,CUST006414,Richard,Garcia,Female,Madrid,Spain,Madrid,Spain,Madrid,Spain,2024-07-05 12:20:01,Purchase,320.55,CAD,Walmart,Entertainment,Payment for bills & utilities,FALSE,3595166207,WKNXMTWI,6779126350,LANJRFTL,9864.68,10040.1,1,
TXN00001423,CUST006705,William,Taylor,Male,Berlin,Germany,Berlin,Germany,Berlin,Germany,2024-06-10 10:21:05,Purchase,309.2,CNY,Uber,Bills & Utilities,Payment for home & garden,FALSE,5692154761,DUVAXBRH,9811769066,VMMFRLIB,12781.26,12460.36,1,
TXN00004582,CUST000155,Daniel,Martinez,Female,Mumbai,India,Mumbai,India,Mumbai,India,2024-10-27 19:14:43,Purchase,60.75,GBP,Uber,Shopping,Payment for health & fitness,FALSE,4719645497,XFKWWWTP,2188595224,VBZBQBLD,13745.78,14719.17,1,
TXN00001157,CUST000645,Evelyn,Martin,Male,Shanghai,China,Shanghai,China,Shanghai,China,2025-07-23 09:47:18,Purchase,314.6,EUR,Best Buy,Gas & Fuel,Payment for groceries,FALSE,9632380342,NBWXVERI,2476842354,LMBXHVGQ,10013.59,10647.95,1,
TXN00003543,CUST009448,James,Wilson,Female,Paris,France,Paris,France,Paris,France,2025-03-12 00:16:29,Purchase,291.74,JPY,Best Buy,Health & Fitness,Payment for shopping,FALSE,1763364256,DCZIEWOU,6820762551,WRXPCBUH,11961.94,12467.47,1,
TXN00002646,CUST003059,Michael,Brown,Female,Mumbai,India,Mumbai,India,Mumbai,India,2024-08-26 00:28:52,Purchase,243.63,CNY,Airbnb,Bills & Utilities,Payment for home & garden,FALSE,2132697316,WYUKRRJT,2877084776,RYMVLMYZ,6486.39,5758.08,1,
TXN00004532,CUST009959,David,Moore,Female,Mexico City,Mexico,Mexico City,Mexico,Mexico City,Mexico,2025-07-08 05:02:27,Purchase,247.28,CNY,Home Depot,Home & Garden,Payment for home & garden,FALSE,8664586411,QNQMVKXC,2689317212,LLAPFQNE,14253.72,14406.76,1,
TXN00001841,CUST001696,Evelyn,Martinez,Male,Berlin,Germany,Berlin,Germany,Berlin,Germany,2024-12-22 22:04:46,Purchase,381.08,JPY,Marriott Hotels,Electronics,Payment for home & garden,FALSE,2461535670,KFLLYMZV,1756683494,MPGUMHKJ,14210.31,14441.56,1,
TXN00000510,CUST001037,John,Williams,Female,Sydney,Australia,Sydney,Australia,Sydney,Australia,2024-03-30 10:11:32,Transfer,31.66,AUD,Delta Airlines,Groceries,Payment for shopping,FALSE,8515930581,SMNODRMH,9620630240,QVBWORKY,13749.95,13044.98,1,
TXN00001644,CUST004878,Thomas,Moore,Male,London,UK,London,UK,London,UK,2024-09-24 16:14:36,Purchase,157.52,AUD,Home Depot,Home & Garden,Payment for bills & utilities,FALSE,5188214302,ESAJPBSZ,5647998721,JDXDSLBP,7798.66,8331.49,1,
TXN00001891,CUST006773,James,Brown,Female,Toronto,Canada,Toronto,Canada,Toronto,Canada,2025-08-19 10:12:05,Purchase,85.74,EUR,Target,Shopping,Payment for bills & utilities,FALSE,1338433463,HEUQSUPQ,3073222019,GJQZLCZF,8955.08,8633.66,1,
TXN00000900,CUST000352,Joseph,Wilson,Male,Mexico City,Mexico,Mexico City,Mexico,Mexico City,Mexico,2024-01-24 15:40:01,Transfer,315.4,AUD,Apple Store,Electronics,Payment for groceries,FALSE,8558342278,ZFGLJUZZ,5514158324,HSTQDWVP,9587.57,9196.48,1,
TXN00004416,CUST004464,Thomas,Moore,Male,Berlin,Germany,Berlin,Germany,Berlin,Germany,2025-09-24 13:06:19,Transfer,138.67,EUR,Home Depot,Groceries,Payment for food & dining,FALSE,9943301921,JKBHRTRK,9985224419,YLWFHSDG,6363.1,6876.73,1,
TXN00003734,CUST003341,Isabella,Williams,Male,Toronto,Canada,Toronto,Canada,Toronto,Canada,2024-01-10 05:11:57,Purchase,416.28,GBP,Target,Home & Garden,Payment for shopping,FALSE,9989866576,TUCNRTDL,3080142592,AASSHQFI,7394.65,7248.12,1,
TXN00000390,CUST009632,James,Martinez,Female,Sydney,Australia,Sydney,Australia,Sydney,Australia,2025-06-24 16:04:26,Transfer,259.28,CAD,Home Depot,Entertainment,Payment for food & dining,FALSE,9062824607,TFZZMRQV,7702017203,XTVTIXLO,13609.27,13131.11,1,
TXN00003969,CUST006956,Olivia,Jones,Female,Toronto,Canada,Toronto,Canada,Toronto,Canada,2025-09-20 16:06:02,Transfer,352.5,CAD,McDonalds,Groceries,Payment for entertainment,TRUE,5825278948,FAGJSXLK,6582736529,KQDDLWVF,14977.4,14242.34,1,
TXN00004697,CUST000645,Michael,Jackson,Female,Dubai,UAE,Dubai,UAE,Dubai,UAE,2025-01-02 15:22:29,Purchase,12.63,CHF,Starbucks,Travel,Payment for entertainment,FALSE,8136979920,VUMAIFRL,8261944715,MISHHZPI,14395.2,14312.95,1,
TXN00002066,CUST004426,Joseph,Johnson,Male,London,UK,London,UK,London,UK,2024-12-24 11:37:39,Purchase,497.97,JPY,Shell Gas,Home & Garden,Payment for entertainment,FALSE,1206452691,TKBCGBKP,2936186703,UXDTMMOY,10614.95,10540.19,1,
TXN00000115,CUST000834,William,Jackson,Male,Madrid,Spain,Madrid,Spain,Madrid,Spain,2024-01-06 08:05:15,Purchase,21.28,AUD,Whole Foods,Shopping,Payment for food & dining,FALSE,9856813531,CLUAVFBJ,8227588257,TQWAAKYC,14093.15,14913.71,1,
TXN00002001,CUST001437,James,Davis,Female,Mumbai,India,Mumbai,India,Mumbai,India,2024-12-22 05:56:54,Transfer,91.7,INR,Amazon,Shopping,Payment for electronics,FALSE,7796257190,DQXLKDYJ,1316512183,DDLDRASS,8601.57,9182.32,1,
TXN00003919,CUST005921,Thomas,Garcia,Male,Mumbai,India,Mumbai,India,Mumbai,India,2024-08-30 09:10:32,Transfer,238.01,EUR,Airbnb,Groceries,Payment for bills & utilities,FALSE,3634638147,SHINNZSU,1211454067,UNBOOGDI,15324.93,14517.52,1,
TXN00003310,CUST006583,Thomas,Wilson,Female,Shanghai,China,Shanghai,China,Shanghai,China,2024-01-02 22:14:18,Purchase,250.05,CNY,Whole Foods,Gas & Fuel,Payment for bills & utilities,FALSE,2033488270,CMXHBEUJ,9500497944,MVKHKFTO,13928.95,13502.91,1,
TXN00002242,CUST000405,David,Garcia,Female,Berlin,Germany,Berlin,Germany,Berlin,Germany,2024-08-21 11:48:58,Purchase,390.47,CNY,Starbucks,Groceries,Payment for bills & utilities,FALSE,4115068495,NLKYHIWG,3509182246,AIOPIRQR,8677.31,7722.5,1,
TXN00001843,CUST002022,Emma,Johnson,Male,New York,USA,New York,USA,New York,USA,2025-02-13 10:51:55,Purchase,497.5,GBP,Best Buy,Electronics,Payment for food & dining,FALSE,4609669131,DNCRYJLY,2767652623,JSFWNMRL,14865.17,14974.51,1,
TXN00001745,CUST005663,James,Rodriguez,Male,Madrid,Spain,Madrid,Spain,Madrid,Spain,2025-04-18 07:11:21,Transfer,134.1,GBP,Starbucks,Gas & Fuel,Payment for shopping,FALSE,4326245411,CQXWQIRA,8117551063,MZILNEVM,9935.14,10260.64,1,
TXN00001151,CUST000687,Joseph,Jackson,Male,Mexico City,Mexico,Mexico City,Mexico,Mexico City,Mexico,2025-09-08 11:53:39,Purchase,83.69,JPY,Amazon,Travel,Payment for gas & fuel,FALSE,9611149649,QEQMIOSQ,2215438977,PQIRLXCZ,10940.23,11408.78,1,
TXN00001101,CUST001118,John,Jones,Female,São Paulo,Brazil,São Paulo,Brazil,São Paulo,Brazil,2024-04-29 14:10:38,Transfer,381.85,CAD,Best Buy,Food & Dining,Payment for electronics,FALSE,8624084527,JXPQIDXR,3293710402,QMQUTYWH,9523.2,8606.66,1,
TXN00001773,CUST003751,Olivia,Rodriguez,Male,Paris,France,Paris,France,Paris,France,2024-03-02 15:40:43,Transfer,38.71,USD,Best Buy,Gas & Fuel,Payment for food & dining,TRUE,6796044587,MRSZVSIM,5126928722,KERQEWRG,14591.31,13708.72,1,
TXN00004438,CUST008936,James,Lee,Female,Dubai,UAE,Dubai,UAE,Dubai,UAE,2024-11-30 18:53:56,Transfer,472.32,AUD,Apple Store,Food & Dining,Payment for bills & utilities,FALSE,7398255370,NXRPUFTI,2318259341,WXDRECMW,5832.53,6657.39,1,
TXN00001355,CUST009702,David,Williams,Male,Paris,France,Paris,France,Paris,France,2024-10-14 10:23:32,Purchase,19.52,CNY,Delta Airlines,Home & Garden,Payment for bills & utilities,FALSE,2969397239,NJJCOPDP,2936655225,XXOCQJYV,5797.44,6796.27,1,
TXN00001992,CUST003256,Olivia,Jackson,Male,Dubai,UAE,Dubai,UAE,Dubai,UAE,2025-06-12 23:49:33,Transfer,235.97,CAD,Apple Store,Shopping,Payment for food & dining,FALSE,7595655266,PJCLFPRX,5996891872,RJRHAFSR,5475.89,5145.49,1,
TXN00001381,CUST003471,Joseph,Martin,Female,Madrid,Spain,Madrid,Spain,Madrid,Spain,2025-01-06 11:40:52,Purchase,52.21,CNY,Amazon,Travel,Payment for gas & fuel,FALSE,7215815010,XEGEHOMR,2215037432,JPLYNVMT,4747.69,5641.67,1,
TXN00000475,CUST008843,Ava,Wilson,Male,New York,USA,New York,USA,New York,USA,2025-06-08 10:08:36,Transfer,144.77,EUR,Airbnb,Bills & Utilities,Payment for bills & utilities,FALSE,8521735049,TDMJSJQH,7068787859,PYIPZTHL,9589.88,9340.06,1,
TXN00002834,CUST007782,John,Miller,Male,Tokyo,Japan,Tokyo,Japan,Tokyo,Japan,2024-10-30 17:07:50,Purchase,113.13,CAD,Shell Gas,Food & Dining,Payment for gas & fuel,FALSE,5052342096,TFNQFFFZ,7480014728,FSYHQUID,8700.13,9088.16,1,
TXN00002663,CUST001724,Emma,Rodriguez,Male,Sydney,Australia,Sydney,Australia,Sydney,Australia,2025-03-28 09:28:05,Purchase,173.41,JPY,Best Buy,Shopping,Payment for shopping,FALSE,5623806420,SDRXMXMK,2911103041,XWFEKHNF,6717.11,6058.78,1,
TXN00001422,CUST008967,Harper,Martin,Male,Sydney,Australia,Sydney,Australia,Sydney,Australia,2024-05-07 03:20:40,Purchase,356.52,INR,Walmart,Home & Garden,Payment for health & fitness,FALSE,6342205347,GUYVNKOP,7504192371,WGGCTBNQ,9607.69,9904.89,1,
TXN00004350,CUST000378,John,Williams,Female,Shanghai,China,Shanghai,China,Shanghai,China,2025-03-03 19:02:19,Transfer,426.41,USD,Amazon,Bills & Utilities,Payment for shopping,TRUE,2998390404,LBIAOGME,5043783240,WWFXRKYV,6106.51,7043.76,1,
TXN00000304,CUST003662,Sophia,Taylor,Male,Mexico City,Mexico,Mexico City,Mexico,Mexico City,Mexico,2024-10-25 02:14:22,Transfer,181.13,CHF,Walmart,Entertainment,Payment for entertainment,FALSE,1772911587,ZKHLKNVJ,4955361345,YXOTRIEY,5779.04,5776.47,1,
TXN00003531,CUST004467,Robert,Rodriguez,Female,Toronto,Canada,Toronto,Canada,Toronto,Canada,2025-01-30 11:15:07,Purchase,268.76,JPY,Uber,Home & Garden,Payment for electronics,FALSE,1414254361,KEHGBTWD,7734264317,YPURUGNU,7161.22,7882.74,1,
TXN00000159,CUST001256,William,Johnson,Female,São Paulo,Brazil,São Paulo,Brazil,São Paulo,Brazil,2025-06-03 05:38:55,Purchase,394.14,JPY,Netflix,Health & Fitness,Payment for bills & utilities,FALSE,3699527801,FIUIWCAY,8233390102,IKPUYBNR,11030.48,11521.2,1,
TXN00000421,CUST009305,Thomas,Moore,Male,Berlin,Germany,Berlin,Germany,Berlin,Germany,2025-04-21 17:39:32,Purchase,323.23,INR,Whole Foods,Home & Garden,Payment for groceries,FALSE,5115558909,LSXSVRZC,9250992079,TRTYOWPZ,6004.59,6214.86,1,
TXN00003620,CUST004650,Daniel,Jackson,Male,London,UK,London,UK,London,UK,2024-04-27 16:32:59,Transfer,209.77,JPY,Walmart,Health & Fitness,Payment for health & fitness,FALSE,9886387351,UYSCZJOG,6441491137,LWJHERQZ,14600.4,14659.4,1,
TXN00002821,CUST000108,Robert,Hernandez,Male,Mumbai,India,Mumbai,India,Mumbai,India,2025-07-22 02:44:30,Purchase,456.24,CNY,Amazon,Health & Fitness,Payment for entertainment,FALSE,3845903680,RUWYWXND,4081292712,GJGPCVEV,12307.22,12005.55,1,
TXN00002535,CUST007111,Amelia,Martin,Male,Paris,France,Paris,France,Paris,France,2025-10-01 17:47:16,Transfer,187.98,AUD,Netflix,Electronics,Payment for electronics,FALSE,8107982482,BRZJGXHF,6766785662,FNJPYGLA,12278.61,12645.84,1,
TXN00004139,CUST002064,Amelia,Williams,Female,Toronto,Canada,Toronto,Canada,Toronto,Canada,2024-09-06 08:54:20,Purchase,447.08,CNY,Whole Foods,Electronics,Payment for bills & utilities,TRUE,4362236213,TMNLLQSC,5514354298,RNLRYDHE,5006.2,5130.53,1,
TXN00001282,CUST008551,Joseph,Jackson,Female,Berlin,Germany,Berlin,Germany,Berlin,Germany,2024-08-15 08:45:19,Purchase,454.95,GBP,Best Buy,Groceries,Payment for travel,TRUE,5303360013,VGBCCNZH,4704076050,DQKVXFHE,10406.84,11099.85,1,
TXN00000072,CUST005455,Emma,Rodriguez,Female,Paris,France,Paris,France,Paris,France,2024-04-01 15:35:17,Purchase,33.59,CAD,Whole Foods,Home & Garden,Payment for health & fitness,FALSE,9571656733,XUGETQQO,5198254029,CBRCKWJP,6309.3,5990.28,1,
TXN00003314,CUST002454,Charlotte,Rodriguez,Male,Mumbai,India,Mumbai,India,Mumbai,India,2025-02-27 01:35:15,Purchase,301.78,JPY,Airbnb,Home & Garden,Payment for home & garden,FALSE,5425248119,JJNTGQTR,8560376623,KNITTVWU,13020.67,12371.52,1,
TXN00000568,CUST005959,David,Williams,Male,Singapore,Singapore,Singapore,Singapore,Singapore,Singapore,2024-03-25 10:46:54,Purchase,156.88,GBP,Home Depot,Home & Garden,Payment for health & fitness,FALSE,3159204631,UDBEVGLT,8094968010,JHQVDRKW,7785.77,7313.44,1,
TXN00003165,CUST001580,James,Smith,Male,Rome,Italy,Rome,Italy,Rome,Italy,2024-10-10 03:21:17,Purchase,21.65,EUR,Home Depot,Home & Garden,Payment for entertainment,FALSE,5150684638,LCSRSQMX,7795465936,MIKHZJNH,9207.05,9651.38,1,
TXN00001357,CUST002725,Harper,Johnson,Female,Madrid,Spain,Madrid,Spain,Madrid,Spain,2024-02-25 01:54:50,Purchase,178.58,JPY,Starbucks,Entertainment,Payment for travel,FALSE,1670667566,ZNALUJKA,1546722636,NKSPEAJW,5315.12,6163.4,1,
TXN00001399,CUST006816,Joseph,Lopez,Female,Shanghai,China,Shanghai,China,Shanghai,China,2024-11-02 01:14:43,Purchase,12.78,INR,Marriott Hotels,Food & Dining,Payment for health & fitness,FALSE,8727762649,REOCGWVH,6341286722,PPJNIFOW,5259.49,5291.44,1,
TXN00002202,CUST004361,Charlotte,Hernandez,Female,Rome,Italy,Rome,Italy,Rome,Italy,2024-11-15 01:05:13,Transfer,69.9,CNY,McDonalds,Food & Dining,Payment for home & garden,FALSE,7966732450,DIFQDLSQ,6856695333,CTAFJJFT,14455.01,13978.82,1,
TXN00003878,CUST008360,Sophia,Davis,Female,Mexico City,Mexico,Mexico City,Mexico,Mexico City,Mexico,2025-03-14 07:18:28,Transfer,324.34,EUR,Shell Gas,Electronics,Payment for entertainment,FALSE,6281861533,VXDIPSGX,8965289925,ATEMSETF,14137.43,13774.45,1,
TXN00003220,CUST008648,Olivia,Martin,Female,Shanghai,China,Shanghai,China,Shanghai,China,2024-01-07 14:03:40,Purchase,43.2,JPY,Marriott Hotels,Gas & Fuel,Payment for electronics,FALSE,5137150884,VGMGPJBP,4616913700,BCKLMKWB,4137.9,5010.67,1,
TXN00004923,CUST007979,Joseph,Hernandez,Female,Toronto,Canada,Toronto,Canada,Toronto,Canada,2024-07-31 04:24:12,Transfer,915.88,INR,Marriott Hotels,Groceries,Payment for travel,TRUE,6018183209,KQXMPLGJ,8504229451,LXDQJEST,7814.67,8210.38,0,Multiple transactions in short time
TXN00003943,CUST002993,Amelia,Martinez,Female,Rome,Italy,Rome,Italy,Rome,Italy,2025-01-19 11:47:57,Transfer,55.22,USD,Walmart,Gas & Fuel,Payment for gas & fuel,FALSE,7714162337,UEIQOPIP,7167229431,MYVXEDIO,12461.56,11631.23,1,
TXN00001994,CUST006269,Thomas,Martinez,Female,Tokyo,Japan,Tokyo,Japan,Tokyo,Japan,2024-12-24 22:13:00,Purchase,51.17,CNY,Delta Airlines,Bills & Utilities,Payment for bills & utilities,FALSE,6549862713,ACGRZXSO,3239849547,TLSGQWDG,11591.94,11190.65,1,
TXN00001839,CUST006556,Joseph,Anderson,Female,Berlin,Germany,Berlin,Germany,Berlin,Germany,2024-05-20 16:23:01,Transfer,329.35,GBP,Shell Gas,Health & Fitness,Payment for travel,FALSE,7375955350,WJLFZYET,2756778102,IZFIHUXV,10531.83,11450.66,1,
TXN00001251,CUST004290,Michael,Rodriguez,Male,Rome,Italy,Rome,Italy,Rome,Italy,2024-01-14 14:22:15,Purchase,507.56,USD,Apple Store,Groceries,Payment for entertainment,FALSE,2520428534,OSOCXCAM,7341387724,WMHFJBTB,15465.99,14952.28,1,
TXN00001999,CUST005136,Olivia,Jackson,Male,Shanghai,China,Shanghai,China,Shanghai,China,2024-04-16 17:41:32,Purchase,86.32,INR,Best Buy,Gas & Fuel,Payment for health & fitness,FALSE,2459640520,MBMZRQFV,4759995217,VYFETMME,12011.33,11784.7,1,
TXN00000942,CUST005560,Michael,Williams,Female,Singapore,Singapore,Singapore,Singapore,Singapore,Singapore,2025-04-22 05:36:17,Transfer,331.03,GBP,Uber,Travel,Payment for gas & fuel,TRUE,6450962309,UQSWPBZP,7307593063,GCSKHCVN,9970.41,10737.39,1,
TXN00004354,CUST006028,Mia,Lopez,Female,New York,USA,New York,USA,New York,USA,2024-02-09 14:17:15,Purchase,131.28,CAD,Shell Gas,Health & Fitness,Payment for home & garden,FALSE,9799058168,NDYTYZQW,8739996920,BUDOCWNC,11095.75,11738.05,1,
TXN00000325,CUST004626,Thomas,Lee,Female,Madrid,Spain,Madrid,Spain,Madrid,Spain,2024-12-18 18:05:07,Transfer,276.32,CHF,Marriott Hotels,Health & Fitness,Payment for food & dining,TRUE,8869159688,QWEPGWSO,7567947327,NIPRQTBU,10023.25,10233.32,1,
TXN00001135,CUST005569,Charlotte,Miller,Male,Mexico City,Mexico,Mexico City,Mexico,Mexico City,Mexico,2025-05-25 18:28:27,Purchase,190,CAD,Airbnb,Health & Fitness,Payment for home & garden,FALSE,9802488916,HGPSEJCC,8211329016,ODGJMUIL,7554.85,7694.52,1,
TXN00003285,CUST008488,James,Hernandez,Male,Mumbai,India,Mumbai,India,Mumbai,India,2024-09-24 04:27:14,Transfer,108.21,CNY,Home Depot,Electronics,Payment for travel,FALSE,2465948674,IPTTQAUJ,5245620235,KYLHAFND,8199.76,9147.77,1,
TXN00002777,CUST009948,James,Wilson,Female,London,UK,London,UK,London,UK,2024-12-09 19:12:04,Purchase,503.76,CNY,Best Buy,Shopping,Payment for travel,FALSE,2317088079,DCCRTLGE,7181599927,GBZAONZQ,9323.22,9589.74,1,
TXN00000983,CUST007327,Joseph,Taylor,Female,Mexico City,Mexico,Mexico City,Mexico,Mexico City,Mexico,2024-08-04 19:08:44,Purchase,140.56,AUD,Home Depot,Shopping,Payment for electronics,FALSE,7806993655,FCQJMSPB,8287400205,NPQLYINP,13017.27,13755.18,1,
TXN00004270,CUST001948,Isabella,Rodriguez,Female,Paris,France,Paris,France,Paris,France,2025-05-07 09:13:07,Transfer,163.36,CNY,Target,Health & Fitness,Payment for travel,FALSE,3388710431,PEZZJGGN,4523107987,XNLTTMWR,13429.42,14103.95,1,
TXN00004322,CUST001499,Sophia,Thomas,Female,Dubai,UAE,Dubai,UAE,Dubai,UAE,2024-04-04 21:59:44,Transfer,377.31,EUR,Whole Foods,Bills & Utilities,Payment for gas & fuel,FALSE,1970098594,SPJBLSOX,1411653088,DFVUXJFZ,10791.05,10614.09,1,
TXN00003934,CUST007506,Sophia,Brown,Female,Mumbai,India,Mumbai,India,Mumbai,India,2025-02-24 15:53:49,Transfer,173.88,GBP,Airbnb,Bills & Utilities,Payment for entertainment,FALSE,4334864227,MRCIBIXT,6505188611,UDZUWOXA,4949.95,5908.62,1,
TXN00002016,CUST004903,Evelyn,Lee,Female,Dubai,UAE,Dubai,UAE,Dubai,UAE,2024-04-25 14:06:34,Purchase,202.86,GBP,Airbnb,Food & Dining,Payment for health & fitness,FALSE,8674778339,VFBTITFX,5073562749,ERXBOCOZ,10395.17,10188.09,1,
TXN00000053,CUST001646,Isabella,Moore,Male,Dubai,UAE,Dubai,UAE,Dubai,UAE,2024-06-16 05:50:17,Purchase,253.87,CHF,Uber,Entertainment,Payment for electronics,FALSE,4171921829,ZWBCPDHQ,2054509336,ICAWYVEW,6219.94,5599.8,1,
TXN00003269,CUST000662,David,Hernandez,Male,Berlin,Germany,Berlin,Germany,Berlin,Germany,2024-05-16 06:38:13,Purchase,59.45,USD,Marriott Hotels,Food & Dining,Payment for electronics,FALSE,5567045686,DXNCROTP,2501453409,ZVFEZNFG,13360.74,13820.61,1,
TXN00003608,CUST009541,John,Anderson,Female,London,UK,London,UK,London,UK,2024-05-16 13:37:13,Transfer,29.36,CNY,Whole Foods,Health & Fitness,Payment for food & dining,FALSE,9856946394,AYWYGMGR,7932747849,APZBPMRH,6795.74,5807.85,1,
TXN00002146,CUST008408,Thomas,Martin,Male,Rome,Italy,Rome,Italy,Rome,Italy,2024-02-12 04:24:20,Purchase,387.84,USD,McDonalds,Food & Dining,Payment for home & garden,FALSE,6338917690,EHZFNHEI,6476228479,DIADOCTG,14024.17,14739.01,1,
TXN00001034,CUST004852,Michael,Martin,Female,Singapore,Singapore,Singapore,Singapore,Singapore,Singapore,2025-04-22 12:22:05,Transfer,424.12,INR,Walmart,Groceries,Payment for entertainment,TRUE,5390072399,PPYYSDAF,3508380902,UWCQGNMV,13467.56,13663.27,1,
TXN00000724,CUST000399,Joseph,Garcia,Female,Tokyo,Japan,Tokyo,Japan,Tokyo,Japan,2024-07-22 09:09:13,Transfer,345.51,USD,Delta Airlines,Gas & Fuel,Payment for home & garden,FALSE,2998979930,MJHNDFHV,9567675522,ICSHXSRI,14902.19,14443.05,1,
TXN00004135,CUST004459,James,Lopez,Male,Mexico City,Mexico,Mexico City,Mexico,Mexico City,Mexico,2024-05-30 04:51:25,Purchase,202.91,EUR,Marriott Hotels,Health & Fitness,Payment for entertainment,FALSE,7101603352,TQQPAUNK,7867262032,PVFDZUZB,13594.31,14365.14,1,
TXN00000547,CUST003231,William,Williams,Female,Toronto,Canada,Toronto,Canada,Toronto,Canada,2025-09-30 03:36:31,Transfer,378.22,AUD,Target,Food & Dining,Payment for bills & utilities,FALSE,2256375631,CATUIKWT,4833219291,OOSMZSEC,12124.83,11855.43,1,
TXN00003388,CUST002454,Emma,Moore,Male,Shanghai,China,Shanghai,China,Shanghai,China,2025-06-05 03:26:59,Purchase,216.45,INR,Starbucks,Travel,Payment for shopping,FALSE,1210738741,UCNEALJF,7120549652,DYBALPCM,7057.13,6860.12,1,
TXN00004478,CUST001557,Thomas,Miller,Male,Sydney,Australia,Sydney,Australia,Sydney,Australia,2024-02-23 04:46:52,Transfer,45.38,GBP,Target,Travel,Payment for health & fitness,FALSE,4988842554,OVGPWWED,7002874581,XBGIXRVL,11227.55,10255.82,1,
TXN00001647,CUST002044,Daniel,Martin,Female,São Paulo,Brazil,São Paulo,Brazil,São Paulo,Brazil,2025-09-22 20:31:29,Transfer,278.91,JPY,Amazon,Groceries,Payment for groceries,FALSE,2913192602,QCWAXJYL,7057231719,SMXYZSIW,8788.65,8103.02,1,
TXN00004955,CUST001668,James,Lee,Male,Mexico City,Mexico,Mexico City,Mexico,Rome,Italy,2025-10-02 14:09:51,Purchase,4195.08,JPY,Amazon,Travel,Payment for food & dining,FALSE,5151365496,KBMXOEBE,3945376024,CMGXPXTW,6380.6,7105.48,0,Multiple transactions in short time
TXN00003638,CUST003324,Joseph,Johnson,Male,Mexico City,Mexico,Mexico City,Mexico,Mexico City,Mexico,2024-08-05 11:12:08,Transfer,206.47,CNY,Target,Bills & Utilities,Payment for health & fitness,FALSE,1524195941,DVRTFDMO,2255938799,JOHYNJHQ,6591.26,7214.87,1,
TXN00004000,CUST007899,Sophia,Garcia,Female,Paris,France,Paris,France,Paris,France,2024-10-17 21:22:49,Purchase,252.57,JPY,Starbucks,Health & Fitness,Payment for travel,FALSE,9400726385,AZGRGEXD,1700709752,EDTEVKUJ,6237.98,6378.47,1,
TXN00000305,CUST009841,Richard,Johnson,Male,Shanghai,China,Shanghai,China,Shanghai,China,2025-06-19 02:49:57,Transfer,34.77,USD,Amazon,Electronics,Payment for shopping,FALSE,6943449002,YUSORRZZ,2993759162,JZHPVTPA,15843.04,14990.38,1,
TXN00001629,CUST001296,Mia,Rodriguez,Male,Sydney,Australia,Sydney,Australia,Sydney,Australia,2025-09-10 03:50:41,Transfer,427.25,CHF,Uber,Entertainment,Payment for shopping,FALSE,1571127919,DRMIBWGT,5691363829,VSBAOKLB,9185.99,8211.48,1,
TXN00001979,CUST008735,Amelia,Moore,Female,New York,USA,New York,USA,New York,USA,2024-09-26 07:12:54,Transfer,238.07,CNY,Amazon,Travel,Payment for health & fitness,FALSE,2182197380,KQNGOIWQ,5800712065,GICOBTBZ,6573.85,5867.37,1,
TXN00004306,CUST004526,Daniel,Williams,Male,New York,USA,New York,USA,New York,USA,2024-08-03 16:41:55,Purchase,180.41,CHF,Apple Store,Travel,Payment for travel,FALSE,5461793477,ROZBKYCC,5721254925,HZMZVVMQ,4691.42,5497.35,1,
TXN00002901,CUST008665,Harper,Smith,Male,Berlin,Germany,Berlin,Germany,Berlin,Germany,2024-07-29 02:10:00,Transfer,305.1,USD,McDonalds,Entertainment,Payment for entertainment,FALSE,1591812587,QNXPRBYP,3461111489,SKDQYVOQ,14314.05,13785.18,1,
TXN00000690,CUST004784,Sophia,Lee,Male,London,UK,London,UK,London,UK,2024-04-25 22:32:08,Purchase,142.95,INR,Shell Gas,Shopping,Payment for health & fitness,FALSE,8108170568,ULBPLFEF,6157234085,RTFBEEMB,5548.41,5814.83,1,
TXN00002484,CUST004533,David,Anderson,Female,Mumbai,India,Mumbai,India,Mumbai,India,2024-03-27 20:35:45,Transfer,426.73,GBP,Best Buy,Gas & Fuel,Payment for gas & fuel,FALSE,1596471860,AKVGNXAR,7077231207,LRZVXEWD,14312.99,13813.68,1,
TXN00000468,CUST002140,Evelyn,Wilson,Female,Sydney,Australia,Sydney,Australia,Sydney,Australia,2024-07-04 15:43:50,Purchase,39.16,CAD,Whole Foods,Travel,Payment for shopping,FALSE,6112532375,WRBNYENL,3444192727,QCCDRGZO,10190.85,10382.39,1,
TXN00003299,CUST006847,Ava,Thomas,Female,Paris,France,Paris,France,Paris,France,2024-06-03 08:11:50,Purchase,269.94,AUD,Whole Foods,Entertainment,Payment for travel,TRUE,7029702179,QAOODPSJ,5443448818,ZESJPNLU,10982.49,10001.15,1,
TXN00002773,CUST004195,Mia,Hernandez,Male,Sydney,Australia,Sydney,Australia,Sydney,Australia,2025-10-03 15:21:14,Purchase,121.57,CNY,Apple Store,Food & Dining,Payment for food & dining,FALSE,8281297933,EASZIHTO,9802249141,HJXFEGZZ,7878.85,8688.69,1,
TXN00004948,CUST009674,Joseph,Wilson,Female,Madrid,Spain,Mumbai,India,Singapore,Singapore,2025-02-04 17:18:43,Transfer,3137.45,EUR,Starbucks,Gas & Fuel,Payment for electronics,FALSE,7838851457,BBEXNSTA,9322948386,YMLBSEVL,7162.9,6524.74,0,High amount compared to usual
TXN00002167,CUST002604,Evelyn,Smith,Male,Shanghai,China,Shanghai,China,Shanghai,China,2024-12-06 20:32:21,Purchase,164.91,AUD,Marriott Hotels,Entertainment,Payment for health & fitness,FALSE,3951923222,VACMPCYB,6016234512,TOXYIHQV,14414.97,13782.98,1,
TXN00003447,CUST009593,Thomas,Lopez,Male,Paris,France,Paris,France,Paris,France,2024-12-22 02:11:46,Purchase,297.68,EUR,Best Buy,Bills & Utilities,Payment for travel,TRUE,9397696794,PSOBTNUE,3449950783,IBATLRBC,9207.09,9254.7,1,
TXN00002605,CUST006546,Mia,Williams,Male,Singapore,Singapore,Singapore,Singapore,Singapore,Singapore,2024-08-19 18:34:39,Transfer,128.99,EUR,Best Buy,Gas & Fuel,Payment for travel,FALSE,7268552257,VCZCYEJU,2942938175,YSLRJNKS,14701.35,14770.05,1,
TXN00002556,CUST009529,Joseph,Lopez,Male,Dubai,UAE,Dubai,UAE,Dubai,UAE,2024-05-01 07:22:19,Purchase,129.56,EUR,Walmart,Food & Dining,Payment for home & garden,FALSE,4609978573,OHTFTGVK,8481707054,YTKBBQRM,8494.66,7802.65,1,
TXN00000811,CUST005485,Robert,Wilson,Female,Madrid,Spain,Madrid,Spain,Madrid,Spain,2024-12-03 00:20:35,Purchase,222.65,CHF,Starbucks,Gas & Fuel,Payment for travel,FALSE,7333431932,NLRTKNNZ,3829557964,MORAWIDS,13854.52,13669.33,1,
TXN00003009,CUST001899,Michael,Smith,Male,Berlin,Germany,Berlin,Germany,Berlin,Germany,2024-02-20 20:35:18,Transfer,490.04,JPY,Whole Foods,Travel,Payment for bills & utilities,FALSE,8077226977,COVNQQDC,5316983494,YYWYJHYV,6946.87,7014.62,1,
TXN00004759,CUST007235,Thomas,Hernandez,Male,Singapore,Singapore,Singapore,Singapore,São Paulo,Brazil,2024-05-03 01:07:36,Transfer,3645.42,JPY,Shell Gas,Electronics,Payment for gas & fuel,FALSE,1363198299,YADXALBF,6623740131,KNGIXIAB,4920.59,5638.95,0,Known fraudulent merchant
TXN00001566,CUST008998,Thomas,Rodriguez,Male,Singapore,Singapore,Singapore,Singapore,Singapore,Singapore,2024-11-19 16:23:16,Transfer,13.48,EUR,Apple Store,Health & Fitness,Payment for home & garden,FALSE,4184514954,UFYBLPRD,3233732578,FMNXIIYI,8367.39,7807.94,1,
TXN00004042,CUST000433,Sophia,Moore,Female,Berlin,Germany,Berlin,Germany,Berlin,Germany,2024-11-03 17:54:04,Purchase,316.22,CHF,Netflix,Bills & Utilities,Payment for gas & fuel,FALSE,3326098518,TXGRIOBC,8494477978,CXCRMPHX,9437.09,9370.26,1,
TXN00003472,CUST006204,Charlotte,Wilson,Male,Mexico City,Mexico,Mexico City,Mexico,Mexico City,Mexico,2024-10-17 18:52:58,Purchase,324.46,AUD,Apple Store,Bills & Utilities,Payment for bills & utilities,FALSE,2597179256,YVHPVVFS,4633711840,BHPFIEAX,12778.72,13062.59,1,
TXN00004278,CUST002013,Daniel,Williams,Male,Paris,France,Paris,France,Paris,France,2024-06-12 01:20:17,Purchase,248.5,CNY,Walmart,Food & Dining,Payment for bills & utilities,FALSE,8123175914,VONUOQFP,1534714085,SERKXSPN,9848.37,9530.76,1,
TXN00002255,CUST001987,Joseph,Lopez,Female,Mexico City,Mexico,Mexico City,Mexico,Mexico City,Mexico,2025-01-30 07:46:44,Purchase,270.63,JPY,Walmart,Health & Fitness,Payment for groceries,FALSE,3606072952,LIZHQPLE,4370588324,ZFQMKOAT,9362.25,9418.73,1,
TXN00000832,CUST008216,Amelia,Moore,Female,Dubai,UAE,Dubai,UAE,Dubai,UAE,2024-01-23 17:01:42,Purchase,209.87,CNY,Walmart,Home & Garden,Payment for electronics,FALSE,4815871084,EEGYGXQY,1990311582,VLJDKXYD,6670.85,7512.95,1,
TXN00004317,CUST002887,Amelia,Lopez,Female,Tokyo,Japan,Tokyo,Japan,Tokyo,Japan,2024-03-27 14:52:08,Purchase,224.32,CNY,Amazon,Home & Garden,Payment for bills & utilities,FALSE,9955401971,ZZEMNTOU,5945467491,FHPYXYXS,8406.33,8587.72,1,
TXN00001083,CUST008030,Joseph,Rodriguez,Female,São Paulo,Brazil,São Paulo,Brazil,São Paulo,Brazil,2025-04-17 13:32:18,Purchase,88.58,CHF,Walmart,Entertainment,Payment for gas & fuel,FALSE,5508767228,NFJYPJFX,8203045616,SWXDZMSI,7945.91,8500.69,1,
TXN00003970,CUST002215,Harper,Anderson,Male,Mexico City,Mexico,Mexico City,Mexico,Mexico City,Mexico,2025-09-03 07:34:52,Transfer,336.29,JPY,Amazon,Gas & Fuel,Payment for gas & fuel,FALSE,6783535732,HQZYTDIJ,5289213866,SIDCPXRW,10206.86,11108.35,1,
TXN00001123,CUST002096,Sophia,Moore,Male,New York,USA,New York,USA,New York,USA,2025-06-26 14:57:43,Transfer,433.21,AUD,Best Buy,Food & Dining,Payment for gas & fuel,FALSE,1746320777,ODCZNKWX,2332287270,RHEGNTSO,5588.11,5972.14,1,
TXN00002729,CUST008500,Thomas,Anderson,Male,Singapore,Singapore,Singapore,Singapore,Singapore,Singapore,2025-08-05 19:46:45,Purchase,118.97,GBP,Target,Health & Fitness,Payment for groceries,TRUE,1560379797,XQJEQCOT,8610207583,ALVBRFEG,5991.44,6021.4,1,
TXN00003825,CUST002306,Joseph,Hernandez,Male,São Paulo,Brazil,São Paulo,Brazil,São Paulo,Brazil,2024-01-29 14:05:05,Purchase,503.39,USD,Uber,Entertainment,Payment for home & garden,FALSE,6058276767,BLQJEAUC,7383210498,GTDSXHNQ,8043.87,8047.7,1,
TXN00001595,CUST009544,Joseph,Anderson,Male,Paris,France,Paris,France,Paris,France,2024-01-01 06:47:59,Transfer,488.98,INR,Best Buy,Home & Garden,Payment for groceries,FALSE,7470388367,IJITHMHL,5987653207,UORLQKMW,8345.03,7572.33,1,
TXN00000602,CUST009709,Thomas,Wilson,Male,Tokyo,Japan,Tokyo,Japan,Tokyo,Japan,2024-11-18 17:40:29,Transfer,169.48,AUD,McDonalds,Travel,Payment for groceries,FALSE,6259809944,AEBDCOYC,4919512627,NVIQMEFL,9237.17,10051.04,1,
TXN00001247,CUST009796,Harper,Moore,Male,Mexico City,Mexico,Mexico City,Mexico,Mexico City,Mexico,2025-09-17 20:56:46,Purchase,465.24,CHF,Shell Gas,Bills & Utilities,Payment for electronics,FALSE,3937747045,HTEDXHDF,3716059925,JVZXINUK,6663.72,7336.63,1,
TXN00004761,CUST004988,David,Jackson,Male,Dubai,UAE,Tokyo,Japan,Dubai,UAE,2025-09-03 20:27:54,Transfer,4469.52,CAD,Shell Gas,Travel,Payment for health & fitness,FALSE,9008351543,JCPYFSOI,6919696936,DJGWUZNE,13351.89,13071.32,0,Unusual location pattern
TXN00001856,CUST001967,Charlotte,Taylor,Female,Paris,France,Paris,France,Paris,France,2025-01-02 04:49:07,Transfer,381.04,USD,Best Buy,Food & Dining,Payment for health & fitness,FALSE,9430580468,LUAEJXBS,6548931721,HYYYJXAB,8497.77,8815.36,1,
TXN00003842,CUST003411,David,Johnson,Male,Mumbai,India,Mumbai,India,Mumbai,India,2024-03-06 18:50:28,Transfer,472.07,EUR,Apple Store,Health & Fitness,Payment for groceries,FALSE,4246193546,SCTBBHIR,1875112099,CXHIANRI,11151.22,10515.11,1,
TXN00004111,CUST004821,Michael,Williams,Female,Singapore,Singapore,Singapore,Singapore,Singapore,Singapore,2024-09-12 03:45:51,Transfer,223,CAD,Uber,Gas & Fuel,Payment for electronics,TRUE,7967250843,ZHUVFFWG,4768478925,EJJSGORN,8274.68,7436.21,1,
TXN00000303,CUST001156,Charlotte,Rodriguez,Female,Paris,France,Paris,France,Paris,France,2025-08-06 04:31:25,Purchase,315.28,USD,Starbucks,Bills & Utilities,Payment for entertainment,FALSE,2558004123,JLPVAAVR,7117172265,QHXXDYEB,12346.14,11484.11,1,
TXN00001759,CUST005727,Amelia,Anderson,Male,Tokyo,Japan,Tokyo,Japan,Tokyo,Japan,2024-04-27 06:06:27,Purchase,379.58,AUD,Walmart,Travel,Payment for health & fitness,FALSE,6209858297,VNDTZQAR,9634381997,LXHHWKQS,6169.51,6074.37,1,
TXN00003237,CUST001603,James,Jones,Male,Mumbai,India,Mumbai,India,Mumbai,India,2024-11-07 12:16:43,Purchase,62.76,CHF,Best Buy,Groceries,Payment for groceries,FALSE,1728900272,CMGXDBWK,7748208293,WABAEZDF,4427.89,5069.48,1,
TXN00000040,CUST004330,Evelyn,Davis,Male,New York,USA,New York,USA,New York,USA,2024-06-17 16:09:09,Transfer,426.61,CAD,McDonalds,Home & Garden,Payment for gas & fuel,FALSE,6523131647,NVTTCIFE,8877073776,FILSFACQ,12547,12909.05,1,
TXN00002490,CUST002906,Robert,Williams,Female,Berlin,Germany,Berlin,Germany,Berlin,Germany,2024-08-22 22:37:08,Purchase,474.4,JPY,McDonalds,Food & Dining,Payment for electronics,FALSE,3803356204,WGKQPGWN,7553455116,KJDMFQTD,7789.72,7631.91,1,
TXN00000380,CUST007213,Isabella,Martin,Male,Madrid,Spain,Madrid,Spain,Madrid,Spain,2025-01-15 12:35:00,Purchase,282.97,EUR,Target,Electronics,Payment for groceries,FALSE,3233959745,SBZRMAYK,7712865596,GHMHBFPM,8208.25,8534.33,1,
TXN00002227,CUST006232,Robert,Wilson,Female,São Paulo,Brazil,São Paulo,Brazil,São Paulo,Brazil,2025-07-30 05:33:49,Purchase,453.99,AUD,Amazon,Electronics,Payment for health & fitness,FALSE,3727114434,VHYSSHKA,7849029983,DUSIJWKW,8777.34,9434.59,1,
TXN00003112,CUST004931,Mia,Jones,Male,Paris,France,Paris,France,Paris,France,2025-05-22 23:34:57,Transfer,27.97,JPY,Walmart,Food & Dining,Payment for bills & utilities,FALSE,7832940199,BBKOZTKV,3909924180,SIFYOLNR,14343,13642.68,1,
TXN00002756,CUST009891,Daniel,Brown,Female,Toronto,Canada,Toronto,Canada,Toronto,Canada,2024-07-21 14:39:40,Purchase,284.64,GBP,McDonalds,Home & Garden,Payment for bills & utilities,FALSE,6098597247,XXJKJCSW,7102428875,JNUWRIUF,4732.32,5478.36,1,
TXN00001044,CUST009666,John,Lopez,Female,Shanghai,China,Shanghai,China,Shanghai,China,2025-10-06 05:49:29,Transfer,102.53,CHF,Starbucks,Electronics,Payment for entertainment,FALSE,2952582405,CHPQCJOL,5790777678,ZZQTXTSO,10945.22,11709.96,1,
TXN00001482,CUST003450,Michael,Rodriguez,Male,Sydney,Australia,Sydney,Australia,Sydney,Australia,2024-08-01 22:52:18,Purchase,191.55,CHF,Airbnb,Travel,Payment for travel,FALSE,8825165484,GWPORXDQ,7127808148,KCJSTFJP,8294.13,8901.61,1,
TXN00001584,CUST006659,Daniel,Johnson,Male,Singapore,Singapore,Singapore,Singapore,Singapore,Singapore,2024-03-15 01:56:02,Purchase,129.68,AUD,Airbnb,Entertainment,Payment for gas & fuel,FALSE,2281476028,LTVRLRGU,9038491780,NJOAJLOJ,8506.64,9340.03,1,
TXN00004620,CUST006451,Evelyn,Jones,Female,Shanghai,China,Shanghai,China,Shanghai,China,2025-08-13 14:35:31,Transfer,130.49,USD,Airbnb,Entertainment,Payment for food & dining,FALSE,9083334026,XLTLYTXR,6631518745,THEREBXH,10898.22,10107.49,1,
TXN00003016,CUST005381,Mia,Wilson,Female,Berlin,Germany,Berlin,Germany,Berlin,Germany,2025-07-08 21:48:42,Purchase,384.13,CHF,Shell Gas,Shopping,Payment for groceries,FALSE,7169109326,WMLZOFCS,4349730311,WBWMBAJB,6632.89,6934.23,1,
TXN00001023,CUST007459,Thomas,Brown,Male,Mexico City,Mexico,Mexico City,Mexico,Mexico City,Mexico,2025-06-30 20:14:19,Purchase,491.27,CHF,Starbucks,Groceries,Payment for travel,FALSE,5541380743,EGYQTUQQ,5656864965,FDGWHXDA,5676.19,5508.52,1,
TXN00004327,CUST002149,Richard,Hernandez,Male,Dubai,UAE,Dubai,UAE,Dubai,UAE,2025-10-11 06:39:07,Transfer,271.29,CHF,Amazon,Bills & Utilities,Payment for bills & utilities,FALSE,6313251584,NHPQAHYZ,5714546154,CQYALTNC,12375.71,11616.49,1,
TXN00000839,CUST001353,Olivia,Rodriguez,Male,Shanghai,China,Shanghai,China,Shanghai,China,2024-12-23 17:42:07,Purchase,261.37,JPY,Shell Gas,Home & Garden,Payment for home & garden,FALSE,5124553055,UAKKGRKK,1686131728,IFYCSVUN,11567.98,11445.11,1,
TXN00003656,CUST009473,John,Moore,Male,New York,USA,New York,USA,New York,USA,2025-05-06 06:49:30,Purchase,397.37,CNY,Shell Gas,Home & Garden,Payment for home & garden,FALSE,7660608858,EMZDVMLF,9700536339,TOOHWUPK,12329.43,12178.63,1,
TXN00003456,CUST006507,Robert,Lee,Female,Mexico City,Mexico,Mexico City,Mexico,Mexico City,Mexico,2024-07-21 02:25:50,Transfer,314.69,JPY,Delta Airlines,Groceries,Payment for home & garden,FALSE,3915634615,EVSFUHYZ,5808855850,ZPXNQUIZ,10324.76,10936.21,1,
TXN00003114,CUST004526,Richard,Williams,Male,Toronto,Canada,Toronto,Canada,Toronto,Canada,2024-12-21 15:57:39,Transfer,127.84,CAD,Marriott Hotels,Entertainment,Payment for health & fitness,FALSE,9607723083,JQALBMPR,4284879282,PMHPAKVJ,11272.84,11575.27,1,
TXN00000476,CUST000268,Richard,Garcia,Female,Madrid,Spain,Madrid,Spain,Madrid,Spain,2025-08-13 05:37:21,Purchase,45.66,CAD,Netflix,Entertainment,Payment for electronics,FALSE,9331970350,FZYLBTUG,3737380754,UIUVQPVH,14871.5,14289.01,1,
TXN00001733,CUST008290,Joseph,Jones,Male,Mexico City,Mexico,Mexico City,Mexico,Mexico City,Mexico,2024-02-09 18:40:40,Purchase,121.03,CHF,Best Buy,Home & Garden,Payment for groceries,FALSE,4884366964,LTTFNDQZ,3223120400,JWVTFYNJ,12412.76,12749.96,1,
TXN00002769,CUST007448,James,Lopez,Female,Dubai,UAE,Dubai,UAE,Dubai,UAE,2024-03-17 23:44:27,Transfer,494.92,USD,Netflix,Travel,Payment for shopping,FALSE,9065360316,RPJEOAPH,6201629732,XVBRWWDZ,13188.72,12974.74,1,
TXN00001118,CUST009269,Sophia,Lee,Female,Mexico City,Mexico,Mexico City,Mexico,Mexico City,Mexico,2024-06-04 03:29:59,Purchase,224.97,CAD,McDonalds,Electronics,Payment for gas & fuel,FALSE,4586851692,NYMPAYMZ,6524073967,TEUFPEXZ,8966.17,9633.46,1,
TXN00000501,CUST009623,Amelia,Davis,Male,New York,USA,New York,USA,New York,USA,2025-09-04 10:58:21,Purchase,505.28,AUD,Uber,Shopping,Payment for food & dining,FALSE,4011698180,WNRGQZBF,9709425363,DMYJTNDQ,10243.91,9964.93,1,
TXN00000096,CUST004300,William,Miller,Male,Mexico City,Mexico,Mexico City,Mexico,Mexico City,Mexico,2024-03-20 02:41:34,Transfer,400.04,GBP,Marriott Hotels,Electronics,Payment for entertainment,FALSE,1082947817,LLTZDSDK,4216287387,POQFNHQC,7263.68,7070.37,1,
TXN00003324,CUST002150,Harper,Johnson,Female,São Paulo,Brazil,São Paulo,Brazil,São Paulo,Brazil,2024-02-04 07:55:10,Transfer,76.08,GBP,Delta Airlines,Groceries,Payment for shopping,FALSE,2336733170,SLAKVZOX,8206476257,DOIRKOAP,8985.69,8293.5,1,
TXN00002598,CUST008402,Ava,Johnson,Female,Tokyo,Japan,Tokyo,Japan,Tokyo,Japan,2025-01-30 10:47:02,Purchase,426.4,AUD,Shell Gas,Health & Fitness,Payment for health & fitness,FALSE,8300111108,TUIJXRHC,2235296152,GOTEFIZH,9359.91,10233.41,1,
TXN00000930,CUST002670,Richard,Anderson,Male,Madrid,Spain,Madrid,Spain,Madrid,Spain,2025-09-04 15:40:12,Purchase,243.81,EUR,Whole Foods,Health & Fitness,Payment for travel,FALSE,5599922079,QMLPBPTF,7577963326,DZMWWNXO,7098.17,6488.44,1,
TXN00001159,CUST006786,Sophia,Garcia,Male,London,UK,London,UK,London,UK,2025-05-04 14:18:59,Purchase,109.94,EUR,Delta Airlines,Home & Garden,Payment for food & dining,FALSE,6237394513,TBSKIOVJ,3324373144,NLUDJWJX,4805.4,5129.41,1,
TXN00000587,CUST000458,Robert,Anderson,Male,Sydney,Australia,Sydney,Australia,Sydney,Australia,2024-08-30 03:29:27,Purchase,113.51,USD,Target,Home & Garden,Payment for food & dining,FALSE,7298077272,ICWUDDZT,8300876975,PPICJIEI,9295.59,8560.68,1,
TXN00003042,CUST007846,Emma,Smith,Female,Madrid,Spain,Madrid,Spain,Madrid,Spain,2025-09-09 22:28:48,Purchase,14.04,CHF,Netflix,Travel,Payment for food & dining,FALSE,4879179275,BMTDSFEN,2289382452,DHKZBULO,13031.66,12117.8,1,
TXN00001246,CUST009398,Ava,Miller,Female,Mumbai,India,Mumbai,India,Mumbai,India,2024-11-17 20:46:09,Purchase,220.08,CAD,Whole Foods,Travel,Payment for food & dining,FALSE,7280588699,MHFYFAGU,7000600649,QKOZMZAG,13557.46,12995.92,1,
TXN00003065,CUST000750,Robert,Johnson,Male,Madrid,Spain,Madrid,Spain,Madrid,Spain,2025-04-03 10:18:53,Purchase,348.29,CHF,Walmart,Groceries,Payment for gas & fuel,FALSE,3603340613,IFWZMHHJ,9767467383,AVFCSZHR,11225.26,11694.88,1,
TXN00003768,CUST004331,Thomas,Rodriguez,Male,Paris,France,Paris,France,Paris,France,2024-07-06 17:27:56,Transfer,140.56,CAD,Netflix,Travel,Payment for bills & utilities,FALSE,8882196936,SUMQSBOI,3583276903,VGWVMULI,6861.3,6617.9,1,
TXN00000124,CUST006949,Mia,Anderson,Male,Dubai,UAE,Dubai,UAE,Dubai,UAE,2024-05-17 06:36:58,Purchase,503.83,GBP,Netflix,Entertainment,Payment for electronics,FALSE,3529306348,LWWISSOC,5986551685,SZLRSASZ,8772.51,8488.95,1,
TXN00000749,CUST003479,Thomas,Wilson,Female,Paris,France,Paris,France,Paris,France,2024-05-06 01:58:46,Purchase,17.14,CHF,Netflix,Travel,Payment for electronics,FALSE,7442236418,HTBSZRDN,9018138174,CFNUGKAM,7038.61,6064.23,1,
TXN00000393,CUST006985,Joseph,Brown,Female,Sydney,Australia,Sydney,Australia,Sydney,Australia,2024-03-10 09:37:41,Purchase,153.82,EUR,Home Depot,Shopping,Payment for shopping,FALSE,6296947811,LNVDBSAS,5694792972,LOGIRQWM,5047.4,5318.21,1,
TXN00000049,CUST000425,Mia,Wilson,Female,Berlin,Germany,Berlin,Germany,Berlin,Germany,2025-09-15 00:15:41,Transfer,232.27,EUR,Target,Home & Garden,Payment for health & fitness,FALSE,2991461803,QILRNXKR,9167138951,JWMCRUTJ,6118.65,5657.23,1,
TXN00000084,CUST001733,Thomas,Williams,Male,Toronto,Canada,Toronto,Canada,Toronto,Canada,2024-07-03 02:27:41,Transfer,333.21,INR,Delta Airlines,Food & Dining,Payment for bills & utilities,FALSE,9212878247,DSWCLNHP,8378745260,SPPCERIR,8744,8132.06,1,
TXN00000332,CUST000335,Thomas,Thomas,Female,Berlin,Germany,Berlin,Germany,Berlin,Germany,2024-11-28 12:50:48,Purchase,77.86,AUD,Netflix,Health & Fitness,Payment for electronics,FALSE,9293879083,DXVNKEYF,8320486662,KBNYKTGM,7511.56,7098.42,1,
TXN00001051,CUST001567,Thomas,Johnson,Male,São Paulo,Brazil,São Paulo,Brazil,São Paulo,Brazil,2024-02-12 04:18:43,Purchase,460.84,INR,McDonalds,Bills & Utilities,Payment for groceries,FALSE,4655563539,XPZNOPDV,4044473135,EMWXVOMX,13170.27,12373.45,1,
TXN00000717,CUST003816,Amelia,Lopez,Female,Singapore,Singapore,Singapore,Singapore,Singapore,Singapore,2025-07-26 09:03:16,Purchase,229.72,CHF,Shell Gas,Shopping,Payment for entertainment,FALSE,5880941953,OGXXOYZR,5633154327,SMMHNGLZ,9664.55,10048.63,1,
TXN00000063,CUST009246,John,Martinez,Male,Toronto,Canada,Toronto,Canada,Toronto,Canada,2025-07-23 12:02:19,Transfer,489.86,INR,Airbnb,Shopping,Payment for bills & utilities,FALSE,1422345479,TNTZGJES,8293323665,TAXYIJVB,13483.62,12731.32,1,
TXN00003440,CUST004135,Michael,Martin,Female,Rome,Italy,Rome,Italy,Rome,Italy,2025-09-07 12:15:14,Transfer,372.14,GBP,Airbnb,Groceries,Payment for gas & fuel,FALSE,1712619406,CIESKBRB,2307212759,ZYZMQQFB,9850.3,10025.95,1,
TXN00000234,CUST007283,Richard,Johnson,Male,Mexico City,Mexico,Mexico City,Mexico,Mexico City,Mexico,2024-04-01 03:51:07,Purchase,286.01,GBP,Marriott Hotels,Home & Garden,Payment for home & garden,FALSE,3486017483,XADBRUII,5903345850,TSMBQCJJ,12279.71,11715.5,1,
TXN00001838,CUST006054,Harper,Wilson,Female,Dubai,UAE,Dubai,UAE,Dubai,UAE,2024-08-23 10:15:42,Transfer,295.85,GBP,Apple Store,Bills & Utilities,Payment for entertainment,FALSE,9537663117,SAGEDKOP,8093372986,KBARXMJO,10694.44,10169.57,1,
TXN00001061,CUST006454,James,Williams,Female,Toronto,Canada,Toronto,Canada,Toronto,Canada,2025-07-28 01:36:05,Transfer,265.47,CAD,Airbnb,Shopping,Payment for food & dining,FALSE,3315010058,KJYDVQZR,3708889601,OFJEQUDF,15196.66,14773.07,1,
TXN00003046,CUST005395,Michael,Taylor,Female,Shanghai,China,Shanghai,China,Shanghai,China,2024-07-22 22:46:27,Purchase,157.15,USD,Target,Entertainment,Payment for shopping,FALSE,2866087659,VMJZWPHW,8369579838,TNXREHDJ,10293.5,11058.75,1,
TXN00004844,CUST002828,Harper,Martinez,Female,Singapore,Singapore,Singapore,Singapore,Paris,France,2025-05-13 16:12:44,Purchase,4676.28,INR,Apple Store,Electronics,Payment for electronics,FALSE,1361052384,LIDYTSBR,5505873649,PPNAZGVD,10460.57,11047.39,0,Unusual location pattern
TXN00001041,CUST009078,James,Miller,Female,London,UK,London,UK,London,UK,2025-02-20 17:16:34,Transfer,314.14,GBP,McDonalds,Bills & Utilities,Payment for groceries,TRUE,2276180901,GJJDOUFF,3766703215,FQGUGJWD,12240.93,11424.32,1,
TXN00004399,CUST009420,William,Garcia,Male,Dubai,UAE,Dubai,UAE,Dubai,UAE,2025-07-18 14:18:18,Transfer,495.81,CHF,Amazon,Groceries,Payment for electronics,FALSE,8967892818,OYTUODPD,9757844057,ONOCDKMK,5687.73,6046.43,1,
TXN00002630,CUST006495,Robert,Taylor,Female,Shanghai,China,Shanghai,China,Shanghai,China,2025-09-18 00:31:48,Purchase,99.06,GBP,Best Buy,Shopping,Payment for entertainment,FALSE,6352849431,XRPSNTHK,6266527811,SSASBKDL,10084.79,10363.61,1,
TXN00002044,CUST004878,Olivia,Anderson,Female,Mexico City,Mexico,Mexico City,Mexico,Mexico City,Mexico,2024-06-24 13:37:36,Purchase,188.31,USD,Walmart,Food & Dining,Payment for travel,FALSE,4074901299,PRFUDEVW,1660175435,WOVYSZOT,8268.97,8979.51,1,
TXN00002679,CUST008366,John,Rodriguez,Female,Toronto,Canada,Toronto,Canada,Toronto,Canada,2024-04-06 15:14:25,Purchase,190.51,INR,Delta Airlines,Entertainment,Payment for entertainment,FALSE,3650473712,LDKWCGQS,2364470029,AEXUNSGY,7923.91,7743.15,1,
TXN00002392,CUST004075,John,Garcia,Male,Singapore,Singapore,Singapore,Singapore,Singapore,Singapore,2025-04-02 00:33:44,Purchase,270.14,AUD,Apple Store,Health & Fitness,Payment for home & garden,FALSE,6638432070,OWMPTPWF,9892101284,BCGPYRRU,10425.04,11249.86,1,
TXN00000247,CUST004207,Isabella,Taylor,Male,Dubai,UAE,Dubai,UAE,Dubai,UAE,2025-08-15 02:49:31,Purchase,81.49,JPY,Starbucks,Groceries,Payment for electronics,FALSE,1361747062,UBFECBUK,7542694302,EIFLNHSJ,4498.71,5098.32,1,
TXN00000497,CUST006462,Charlotte,Hernandez,Female,Dubai,UAE,Dubai,UAE,Dubai,UAE,2024-08-21 05:30:46,Purchase,365.65,JPY,Target,Entertainment,Payment for health & fitness,TRUE,6023391922,VROOMMYM,2329423664,ISBXBMEE,14319.27,14387.27,1,
TXN00003450,CUST000148,Thomas,Jones,Female,New York,USA,New York,USA,New York,USA,2024-09-11 06:57:20,Purchase,126.03,INR,Best Buy,Shopping,Payment for travel,TRUE,3125064291,VVVFQBNC,8677721661,VPTBTBGG,7878.34,8542.79,1,
TXN00001253,CUST005118,Charlotte,Rodriguez,Female,Shanghai,China,Shanghai,China,Shanghai,China,2025-01-06 10:23:51,Purchase,44.08,CHF,Marriott Hotels,Home & Garden,Payment for home & garden,FALSE,2362297282,VDYTZMFK,4068862356,LJTYPNLY,11397.43,11265.77,1,
TXN00002425,CUST004165,Robert,Smith,Female,New York,USA,New York,USA,New York,USA,2024-03-02 17:14:06,Purchase,24.87,USD,Best Buy,Electronics,Payment for food & dining,FALSE,7241125690,SQTKZLOV,8598398296,AWFYZJRT,4910.99,5715.78,1,
TXN00001018,CUST005022,James,Lopez,Female,Tokyo,Japan,Tokyo,Japan,Tokyo,Japan,2025-08-29 09:02:48,Transfer,352.36,GBP,McDonalds,Shopping,Payment for health & fitness,FALSE,4963662215,KJAIKFZP,8218738217,RQDHUAGP,11899.84,12756.87,1,
TXN00002351,CUST009716,Joseph,Miller,Female,Dubai,UAE,Dubai,UAE,Dubai,UAE,2024-10-29 19:05:44,Purchase,426.01,INR,Home Depot,Electronics,Payment for travel,FALSE,1624573977,QGKJJIIZ,3913648214,UMUAHXTW,6897.83,7883.15,1,
TXN00000141,CUST006155,Charlotte,Johnson,Female,Rome,Italy,Rome,Italy,Rome,Italy,2025-03-18 09:28:45,Transfer,429.07,USD,Walmart,Home & Garden,Payment for home & garden,FALSE,8738102122,JUHECQSB,6986710907,DYUTDBKT,7633.28,8305.33,1,
TXN00003177,CUST006431,John,Williams,Male,Mexico City,Mexico,Mexico City,Mexico,Mexico City,Mexico,2024-04-13 20:27:14,Purchase,413.64,EUR,McDonalds,Groceries,Payment for travel,FALSE,2821336925,PQPMMYPW,1153921516,ONIXOQBW,8954.08,9567.34,1,
TXN00000030,CUST000982,Joseph,Jones,Male,Mumbai,India,Mumbai,India,Mumbai,India,2025-04-15 23:37:26,Purchase,159.43,GBP,Home Depot,Gas & Fuel,Payment for bills & utilities,FALSE,6215428952,NUEDAHKK,1599040389,ZEAAAPEC,11019.27,11463.62,1,
TXN00003315,CUST001059,Daniel,Davis,Female,New York,USA,New York,USA,New York,USA,2025-05-25 02:20:13,Purchase,14.85,CNY,Shell Gas,Electronics,Payment for home & garden,FALSE,3948470164,YSIJHFNI,1895541085,YUUYPKAM,5744.43,5528.64,1,
TXN00001587,CUST009362,Michael,Hernandez,Male,Tokyo,Japan,Tokyo,Japan,Tokyo,Japan,2024-06-29 02:35:37,Purchase,456.33,CHF,Shell Gas,Food & Dining,Payment for shopping,FALSE,7406769151,UIOXZHHP,4093498454,JERWWEPV,11703.14,12304.45,1,
TXN00003132,CUST002200,Daniel,Williams,Male,London,UK,London,UK,London,UK,2024-06-07 03:01:02,Purchase,440.35,CNY,Delta Airlines,Groceries,Payment for food & dining,FALSE,4627997169,AVFWXCEZ,1198783650,QDEZAZHO,13984.97,13319.3,1,
TXN00000536,CUST006444,Amelia,Thomas,Male,Tokyo,Japan,Tokyo,Japan,Tokyo,Japan,2024-02-16 09:53:59,Transfer,46.39,USD,Delta Airlines,Food & Dining,Payment for groceries,FALSE,7765741073,HLMXEEJH,4961199345,ACWEMFEX,11031.02,10421.72,1,
TXN00000351,CUST006916,David,Johnson,Male,London,UK,London,UK,London,UK,2025-08-12 14:28:29,Purchase,400.75,AUD,Apple Store,Travel,Payment for food & dining,FALSE,1144112046,NDWQKUBZ,3031727002,AHIJZVWQ,7285.54,7211.33,1,
TXN00002009,CUST000572,Amelia,Garcia,Female,Tokyo,Japan,Tokyo,Japan,Tokyo,Japan,2024-10-03 13:41:56,Purchase,462.3,CAD,Shell Gas,Home & Garden,Payment for gas & fuel,FALSE,5561913665,IYWMWYNU,3500338097,NUQOBKYQ,12122.4,11841.06,1,
TXN00001089,CUST006338,William,Miller,Male,Singapore,Singapore,Singapore,Singapore,Singapore,Singapore,2025-09-04 07:29:03,Purchase,433.09,CNY,Walmart,Electronics,Payment for food & dining,FALSE,2908586945,YGXMMFIV,5275624614,EMAUBHOH,7379.71,6880.83,1,
TXN00003740,CUST000528,Richard,Johnson,Female,Mexico City,Mexico,Mexico City,Mexico,Mexico City,Mexico,2024-10-24 13:17:37,Transfer,345.09,EUR,Airbnb,Bills & Utilities,Payment for food & dining,FALSE,9382019961,PLUFZCTD,9880616383,AOTXMEGY,8855.38,8986.29,1,
TXN00000113,CUST007838,Evelyn,Smith,Female,Mexico City,Mexico,Mexico City,Mexico,Mexico City,Mexico,2025-09-04 22:31:10,Transfer,42.33,USD,Best Buy,Health & Fitness,Payment for shopping,FALSE,2483085508,ASFVAILJ,9809598529,BQBLQSJC,5877.68,6459.27,1,
TXN00000702,CUST000276,Ava,Lopez,Female,São Paulo,Brazil,São Paulo,Brazil,São Paulo,Brazil,2024-04-28 01:53:08,Purchase,59.63,GBP,Home Depot,Electronics,Payment for entertainment,FALSE,1773373703,CETMYOZE,7536780937,KCBTVLUW,11482.18,10824.75,1,
TXN00000244,CUST007571,Harper,Miller,Male,London,UK,London,UK,London,UK,2024-10-18 11:50:59,Transfer,400.99,EUR,McDonalds,Shopping,Payment for home & garden,TRUE,4167625876,LLHAWWMB,8267880644,XSUOSXYL,10297.7,10748.75,1,
TXN00000028,CUST004361,David,Wilson,Female,Berlin,Germany,Berlin,Germany,Berlin,Germany,2024-11-08 06:47:33,Purchase,294.98,AUD,Apple Store,Entertainment,Payment for gas & fuel,FALSE,6703185315,MXJDFIYJ,5196267575,OGYMCVOC,6254.59,6053.18,1,
TXN00001195,CUST000961,Mia,Davis,Female,Dubai,UAE,Dubai,UAE,Dubai,UAE,2025-07-14 23:10:56,Purchase,205.84,CAD,Starbucks,Gas & Fuel,Payment for travel,TRUE,1943779824,LOHOOKHJ,2597852240,BBCQIQHN,5017.52,5930.53,1,
TXN00004773,CUST003857,Richard,Thomas,Male,Madrid,Spain,Madrid,Spain,Madrid,Spain,2024-04-16 13:08:16,Purchase,3249.82,AUD,Home Depot,Electronics,Payment for health & fitness,FALSE,2124366817,WPGCBKIZ,1555081708,QGLZFSTH,11916.72,10933.29,0,Known fraudulent merchant
TXN00004783,CUST007170,Charlotte,Smith,Female,Mexico City,Mexico,Mexico City,Mexico,Mexico City,Mexico,2024-12-09 01:17:49,Purchase,1589.04,CNY,Marriott Hotels,Bills & Utilities,Payment for bills & utilities,FALSE,4968614265,BEASHOTT,3526760254,PQEBYJXZ,9552.88,9449.82,0,Card not present fraud
TXN00003930,CUST007376,John,Hernandez,Female,New York,USA,New York,USA,New York,USA,2024-09-14 11:17:20,Purchase,172.28,CHF,Amazon,Bills & Utilities,Payment for food & dining,FALSE,9431543378,GECWIJPX,4793828095,GXJSCIKB,10221.6,10791.48,1,
TXN00003617,CUST002132,Joseph,Rodriguez,Male,Mexico City,Mexico,Mexico City,Mexico,Mexico City,Mexico,2025-06-25 16:49:07,Purchase,388.79,INR,Apple Store,Bills & Utilities,Payment for gas & fuel,TRUE,1521080868,UEWVQWGM,2848441612,WDSHUPEC,10120.56,10663.05,1,
TXN00004741,CUST008286,Mia,Lee,Male,Dubai,UAE,Dubai,UAE,Dubai,UAE,2025-02-13 14:48:21,Transfer,393.99,INR,McDonalds,Electronics,Payment for food & dining,FALSE,3991797036,PEWLLCBG,6367830525,UFRDJJCH,6192.35,5984.1,1,
TXN00003781,CUST004459,Sophia,Garcia,Male,Shanghai,China,Shanghai,China,Shanghai,China,2025-07-31 16:58:44,Purchase,162.84,CHF,Netflix,Home & Garden,Payment for health & fitness,FALSE,1130045779,LUIIFNLB,3495958801,EOBXIVYC,10879.24,11627.88,1,
TXN00001739,CUST002499,Sophia,Hernandez,Female,Sydney,Australia,Sydney,Australia,Sydney,Australia,2024-07-26 12:13:18,Purchase,367.84,EUR,Apple Store,Electronics,Payment for bills & utilities,FALSE,4934292131,KZLNDIZA,2247591827,IZOPEYDI,12526.01,12026.77,1,
TXN00002382,CUST002165,Harper,Jones,Male,Mexico City,Mexico,Mexico City,Mexico,Mexico City,Mexico,2025-07-14 09:54:41,Purchase,143.85,CAD,Apple Store,Electronics,Payment for shopping,TRUE,1346371863,DCCEBYXI,1470152281,EKYDEBAA,6634.3,6540.27,1,
TXN00003941,CUST000613,Charlotte,Martin,Female,Rome,Italy,Rome,Italy,Rome,Italy,2024-10-16 23:50:06,Purchase,217.17,USD,Shell Gas,Gas & Fuel,Payment for food & dining,FALSE,5828625298,OCFNPKKX,4753462794,OQXXFGNF,11506.37,12142.12,1,
TXN00003051,CUST000466,Olivia,Hernandez,Female,Sydney,Australia,Sydney,Australia,Sydney,Australia,2025-02-09 14:35:27,Transfer,301.48,USD,Home Depot,Shopping,Payment for electronics,FALSE,2729757657,HQWOZLOI,3911102895,GKZJUDDG,14825.9,14536.43,1,
TXN00001556,CUST001406,William,Davis,Female,Singapore,Singapore,Singapore,Singapore,Singapore,Singapore,2025-08-24 14:36:24,Purchase,309.31,USD,Airbnb,Groceries,Payment for shopping,FALSE,9551655004,HVNCLXKO,4639250737,QPVHJBXC,7862.69,8254.37,1,
TXN00004562,CUST007619,David,Brown,Female,Berlin,Germany,Berlin,Germany,Berlin,Germany,2024-09-29 19:50:11,Transfer,163.18,AUD,McDonalds,Shopping,Payment for health & fitness,FALSE,6024847985,BYUPULKL,9545572507,CJCZDKCH,7386.33,6638.95,1,
TXN00000368,CUST001145,Ava,Rodriguez,Female,Rome,Italy,Rome,Italy,Rome,Italy,2025-01-14 18:27:19,Purchase,145.22,AUD,Netflix,Electronics,Payment for entertainment,FALSE,9021468650,GZJLCHHP,1658852205,YTPHWRJB,8301.34,7640.43,1,
TXN00002486,CUST000480,Sophia,Thomas,Female,New York,USA,New York,USA,New York,USA,2024-03-08 02:37:50,Purchase,166.1,GBP,Target,Bills & Utilities,Payment for groceries,TRUE,6538780169,QQVHNLKC,3722189178,ZSRZNKVO,10189.4,9553.95,1,
TXN00000685,CUST007073,James,Garcia,Female,Toronto,Canada,Toronto,Canada,Toronto,Canada,2025-08-07 21:06:33,Purchase,21.84,EUR,Walmart,Health & Fitness,Payment for travel,FALSE,3413279309,XYLJSIHK,7924049509,OKJPFYLZ,6704.61,6446.86,1,
TXN00004927,CUST009687,Amelia,Moore,Male,São Paulo,Brazil,São Paulo,Brazil,São Paulo,Brazil,2024-03-13 11:45:07,Purchase,1761.95,CNY,Delta Airlines,Bills & Utilities,Payment for gas & fuel,FALSE,5781826948,YIMCBSJM,3060831454,ESWCQBNX,8176.63,8603.4,0,Unusual location pattern
TXN00001045,CUST009822,Richard,Smith,Male,Tokyo,Japan,Tokyo,Japan,Tokyo,Japan,2024-06-21 01:29:46,Purchase,152.23,USD,Airbnb,Gas & Fuel,Payment for food & dining,FALSE,4657347497,JLBCZXYO,5546252961,JNNQANOX,10588.6,9993.48,1,
TXN00003425,CUST001423,Robert,Lopez,Female,Toronto,Canada,Toronto,Canada,Toronto,Canada,2025-07-22 10:53:12,Purchase,402.93,EUR,Starbucks,Entertainment,Payment for food & dining,FALSE,3692715866,RQMLYWRC,2910255872,XGDANFHN,11695.18,11974.37,1,
TXN00004820,CUST009630,William,Davis,Male,Dubai,UAE,Mumbai,India,Berlin,Germany,2024-02-11 15:18:31,Purchase,5060.19,EUR,Netflix,Shopping,Payment for shopping,FALSE,4273203794,AXXIZRDW,3852412951,XWGBFVDY,9466.55,9886.46,0,Velocity check failed
TXN00000867,CUST001249,Harper,Davis,Female,São Paulo,Brazil,São Paulo,Brazil,São Paulo,Brazil,2024-08-04 15:21:10,Purchase,151.21,USD,Starbucks,Groceries,Payment for groceries,FALSE,4300672692,QKPQDTLK,8900025876,CRYNEAWA,10004.45,10931.66,1,
TXN00001617,CUST009836,Emma,Davis,Male,Singapore,Singapore,Singapore,Singapore,Singapore,Singapore,2025-02-20 03:38:11,Purchase,359.85,CNY,Marriott Hotels,Bills & Utilities,Payment for food & dining,FALSE,9451808530,JADHPACM,4352239022,FVKWFYSY,6922.04,6425.7,1,
TXN00003538,CUST007668,Harper,Smith,Male,Mumbai,India,Mumbai,India,Mumbai,India,2025-07-11 14:01:47,Transfer,127.18,JPY,Whole Foods,Electronics,Payment for entertainment,FALSE,7704364157,OISBDEBX,3508123639,NLKYUQFQ,7024.5,7897.14,1,
TXN00003967,CUST005753,Robert,Williams,Female,Rome,Italy,Rome,Italy,Rome,Italy,2024-01-30 17:10:41,Transfer,127.81,GBP,McDonalds,Travel,Payment for home & garden,FALSE,2435971925,HNHCFJCA,7729102033,VTJWGRFI,6751.45,6775.14,1,
TXN00002296,CUST003915,Michael,Garcia,Female,Dubai,UAE,Dubai,UAE,Dubai,UAE,2025-02-02 08:16:55,Purchase,281.73,AUD,Airbnb,Food & Dining,Payment for shopping,FALSE,4651600195,CCJRDDTM,2913765768,CCVTTJAH,7304.67,7288.83,1,
TXN00001654,CUST005542,Amelia,Jackson,Female,Singapore,Singapore,Singapore,Singapore,Singapore,Singapore,2025-01-13 07:43:28,Transfer,153.1,AUD,Whole Foods,Home & Garden,Payment for home & garden,FALSE,6471180858,KSFHRMLC,4168010975,FASCQHGL,14042.81,14264.57,1,
TXN00004032,CUST009586,Daniel,Martinez,Female,New York,USA,New York,USA,New York,USA,2025-04-27 23:13:32,Purchase,475.84,AUD,Uber,Travel,Payment for entertainment,FALSE,6817019762,HMJXIVGG,2211393266,YGEPADHJ,10140.77,10653.31,1,
TXN00001613,CUST005127,Michael,Smith,Male,Rome,Italy,Rome,Italy,Rome,Italy,2025-05-06 22:14:42,Purchase,316.59,AUD,Shell Gas,Bills & Utilities,Payment for electronics,FALSE,3794851177,MOHFIQMI,3452243326,YMLUIIJW,7492.46,6617.38,1,
TXN00003487,CUST009139,Isabella,Wilson,Male,Madrid,Spain,Madrid,Spain,Madrid,Spain,2024-07-08 01:02:31,Purchase,106.93,GBP,Airbnb,Travel,Payment for groceries,FALSE,7554722347,LHPFKFXR,5450509218,FHAOYDMC,12259.02,12297.23,1,
TXN00003882,CUST005730,Richard,Taylor,Female,Sydney,Australia,Sydney,Australia,Sydney,Australia,2024-05-17 20:58:12,Purchase,339.74,USD,Marriott Hotels,Food & Dining,Payment for shopping,FALSE,6487536456,CLJJCWAC,4034071157,CGUQUPUX,8533.21,8858.82,1,
TXN00000878,CUST003798,Mia,Davis,Female,São Paulo,Brazil,São Paulo,Brazil,São Paulo,Brazil,2024-03-25 07:02:08,Transfer,375.81,CNY,Home Depot,Electronics,Payment for groceries,FALSE,9023237953,EHEUNHNV,7052214741,YSHKHTJX,11477.58,11091.53,1,
TXN00001249,CUST005452,John,Jackson,Male,Rome,Italy,Rome,Italy,Rome,Italy,2025-01-05 22:57:29,Transfer,475.75,USD,Apple Store,Health & Fitness,Payment for electronics,FALSE,5957022162,LUBHYUFH,9497786978,DUFHDKAV,13874.16,13177.15,1,
TXN00001112,CUST008605,Robert,Davis,Male,London,UK,London,UK,London,UK,2025-03-03 11:52:46,Purchase,214.21,EUR,Amazon,Bills & Utilities,Payment for groceries,FALSE,9347010349,LAJLUOZR,6576301581,ROYVGCMY,4699.16,5059,1,
TXN00003181,CUST000723,Thomas,Wilson,Male,São Paulo,Brazil,São Paulo,Brazil,São Paulo,Brazil,2024-03-29 04:06:13,Purchase,309.05,USD,Netflix,Health & Fitness,Payment for bills & utilities,FALSE,8102041860,ZIYLEJJN,1021715058,LPOTHSKZ,11478.16,12278.09,1,
TXN00001529,CUST009137,Isabella,Martin,Male,Dubai,UAE,Dubai,UAE,Dubai,UAE,2024-12-07 22:58:03,Purchase,417.71,EUR,Best Buy,Health & Fitness,Payment for bills & utilities,FALSE,4666770461,FQNLMAEL,9380536003,KWHXDHUH,11778.84,12227.08,1,
TXN00003792,CUST001878,Thomas,Martin,Male,Shanghai,China,Shanghai,China,Shanghai,China,2024-08-13 20:26:21,Purchase,184.68,INR,Airbnb,Food & Dining,Payment for home & garden,FALSE,5812062823,YPEQFXQE,4395520968,FWHUROKB,6617.6,6902.12,1,
TXN00004236,CUST001257,Emma,Wilson,Female,London,UK,London,UK,London,UK,2024-05-25 02:24:06,Purchase,279.37,INR,Target,Electronics,Payment for travel,FALSE,7603892338,FONPOPEP,1049284767,MYEDRTSZ,13375.8,13611.4,1,
TXN00002264,CUST007435,Isabella,Lee,Male,Tokyo,Japan,Tokyo,Japan,Tokyo,Japan,2024-01-11 14:41:36,Purchase,254.85,INR,Delta Airlines,Home & Garden,Payment for gas & fuel,FALSE,8931024479,REKIRZCD,5595948765,FCLDIBHL,13857.29,13075.46,1,
TXN00003047,CUST009782,Joseph,Jackson,Male,Paris,France,Paris,France,Paris,France,2025-04-17 20:58:37,Purchase,60.41,INR,Starbucks,Electronics,Payment for bills & utilities,FALSE,3338881867,AAIFVOJE,6837222590,IYUVBUAD,9149.54,10049.47,1,
TXN00002209,CUST007244,Mia,Jones,Female,London,UK,London,UK,London,UK,2025-10-07 18:01:05,Purchase,27.7,AUD,Whole Foods,Groceries,Payment for entertainment,FALSE,5141468845,RXMASZEB,9544778511,CJRWYYKG,14239.17,13547.61,1,
TXN00003157,CUST003087,David,Jones,Male,Madrid,Spain,Madrid,Spain,Madrid,Spain,2025-02-16 21:14:05,Transfer,341.91,EUR,Walmart,Electronics,Payment for health & fitness,FALSE,7276553875,PGTXGSDD,9174922282,LSGRZFKC,13552.28,13436.88,1,
TXN00002018,CUST004080,Daniel,Hernandez,Male,Rome,Italy,Rome,Italy,Rome,Italy,2024-10-03 15:39:04,Transfer,233.62,EUR,Marriott Hotels,Bills & Utilities,Payment for home & garden,FALSE,4984202313,QHWZNXNI,9676416323,FJKBJAKO,14049.38,13504.59,1,
TXN00000012,CUST005326,William,Martin,Female,Shanghai,China,Shanghai,China,Shanghai,China,2025-03-27 19:09:44,Transfer,461.43,CHF,Uber,Home & Garden,Payment for groceries,FALSE,8473695556,HRYRTUTM,3344103191,YNLKVPLC,13487.6,13810.91,1,
TXN00004443,CUST009050,Emma,Martin,Male,Dubai,UAE,Dubai,UAE,Dubai,UAE,2025-08-20 11:43:33,Transfer,84.11,CAD,Apple Store,Groceries,Payment for health & fitness,FALSE,4133122217,RYEKAJNH,4604991562,QMRKMIZK,10515.62,9646.64,1,
TXN00002350,CUST005568,Michael,Williams,Female,Mumbai,India,Mumbai,India,Mumbai,India,2024-02-09 05:18:23,Purchase,151.4,CHF,Apple Store,Gas & Fuel,Payment for shopping,FALSE,8074254666,XFTBZSGS,4062092251,GTZFVJLO,7590.22,7215.51,1,
TXN00001984,CUST000994,Isabella,Thomas,Female,Mexico City,Mexico,Mexico City,Mexico,Mexico City,Mexico,2025-09-29 21:35:45,Purchase,486.42,GBP,Home Depot,Entertainment,Payment for gas & fuel,FALSE,7615064607,GUJCHAXE,9264589950,SVLLIXSH,13936.75,13825.42,1,
TXN00000410,CUST009692,Michael,Miller,Male,London,UK,London,UK,London,UK,2024-07-14 15:00:58,Transfer,290.52,JPY,Apple Store,Bills & Utilities,Payment for home & garden,FALSE,2912034601,PTBUGDXW,2096364901,CZTBTHQS,12754.29,13625.3,1,
TXN00004202,CUST002247,Mia,Davis,Male,São Paulo,Brazil,São Paulo,Brazil,São Paulo,Brazil,2025-04-25 04:12:07,Purchase,62.36,AUD,Walmart,Electronics,Payment for entertainment,FALSE,3522039239,IGQXFKIV,5291321977,OIVXSBOG,8887.95,7991.65,1,
TXN00001093,CUST005466,Daniel,Johnson,Male,Dubai,UAE,Dubai,UAE,Dubai,UAE,2025-04-14 00:13:59,Transfer,467.95,EUR,Uber,Home & Garden,Payment for entertainment,FALSE,7584264238,EIVNHDOC,3240380181,EHXNIXIT,13621.22,13483.24,1,
TXN00003290,CUST007528,Sophia,Wilson,Female,Toronto,Canada,Toronto,Canada,Toronto,Canada,2024-08-13 11:07:48,Transfer,220.3,EUR,Marriott Hotels,Food & Dining,Payment for shopping,FALSE,1299420953,FDIKVCOH,3080240828,BGVSIEJP,4890.47,5821.36,1,
TXN00000584,CUST007175,Daniel,Smith,Female,Singapore,Singapore,Singapore,Singapore,Singapore,Singapore,2025-08-20 12:02:26,Transfer,491.37,GBP,Uber,Electronics,Payment for gas & fuel,TRUE,5377611819,VLWEKVYT,9373116019,XPZISTMV,11289.93,11765.56,1,
TXN00000375,CUST004179,Isabella,Miller,Female,Sydney,Australia,Sydney,Australia,Sydney,Australia,2024-05-14 12:21:18,Transfer,379.56,USD,Delta Airlines,Entertainment,Payment for electronics,FALSE,8668283603,NYECRMDY,9401640094,MIHDDPYE,12451.04,11717.67,1,
TXN00004991,CUST000027,Mia,Thomas,Female,Singapore,Singapore,New York,USA,New York,USA,2024-05-19 13:33:56,Purchase,3261.52,USD,Delta Airlines,Travel,Payment for health & fitness,FALSE,3471798627,STJTAERL,4448195037,QYOAQIQH,11829.79,12272.4,0,Card not present fraud
TXN00003022,CUST007940,Robert,Hernandez,Female,Rome,Italy,Rome,Italy,Rome,Italy,2025-05-09 10:28:50,Transfer,216.99,JPY,Target,Home & Garden,Payment for shopping,FALSE,6758011375,ZCVWISNP,2761858523,BPOOQXGH,8306.87,9169.94,1,
TXN00001885,CUST007101,Amelia,Garcia,Female,Singapore,Singapore,Singapore,Singapore,Singapore,Singapore,2024-07-23 12:09:09,Transfer,278.83,EUR,McDonalds,Bills & Utilities,Payment for bills & utilities,FALSE,3686631786,RHFJEIGB,8726922307,EABVNAVS,11195.65,10719.71,1,
TXN00001603,CUST008677,Isabella,Lopez,Female,Dubai,UAE,Dubai,UAE,Dubai,UAE,2024-02-28 02:28:40,Transfer,89.59,EUR,Delta Airlines,Entertainment,Payment for entertainment,FALSE,5729362695,JNELZZHY,6108051632,XKWBTCZC,7685.9,8373.19,1,
TXN00003733,CUST007328,Richard,Wilson,Female,New York,USA,New York,USA,New York,USA,2024-01-20 10:08:00,Transfer,426.97,CNY,Starbucks,Home & Garden,Payment for health & fitness,FALSE,1067568720,RXBICTQB,8938600866,UXMRHYJY,7813.51,8570.56,1,
TXN00001387,CUST005107,Evelyn,Jackson,Female,Sydney,Australia,Sydney,Australia,Sydney,Australia,2025-05-20 09:03:48,Purchase,470.13,EUR,Walmart,Electronics,Payment for shopping,FALSE,8518088027,MBIABRRO,7911074038,UCGRUVLJ,14880.45,14270.33,1,
TXN00002568,CUST001486,Ava,Martin,Female,Madrid,Spain,Madrid,Spain,Madrid,Spain,2024-10-13 12:06:24,Transfer,262.57,CNY,McDonalds,Health & Fitness,Payment for health & fitness,FALSE,5868413061,WAXKWDRP,7388141613,MJLRYVAF,13476.01,13650.74,1,
TXN00003228,CUST009820,Charlotte,Brown,Male,London,UK,London,UK,London,UK,2024-10-25 12:25:26,Purchase,320.98,GBP,Best Buy,Shopping,Payment for travel,FALSE,5521434856,GRIWIIZQ,3013978890,HPKHTHGI,13247.45,13906.23,1,
TXN00004309,CUST001947,Isabella,Lee,Male,Mumbai,India,Mumbai,India,Mumbai,India,2025-06-12 20:32:40,Purchase,134.66,CNY,Shell Gas,Home & Garden,Payment for health & fitness,FALSE,3021894980,TVZGPCCP,6260205746,PLCAZQWG,10987.3,11356.75,1,
TXN00001599,CUST003988,Harper,Anderson,Female,São Paulo,Brazil,São Paulo,Brazil,São Paulo,Brazil,2024-10-20 23:31:13,Purchase,289.38,USD,Marriott Hotels,Gas & Fuel,Payment for food & dining,FALSE,9908556560,JRZDMJAD,8999618621,HEYGNRZD,10302.7,10696.1,1,
TXN00003455,CUST003909,Robert,Martin,Male,New York,USA,New York,USA,New York,USA,2025-01-18 08:15:24,Purchase,57.06,AUD,Whole Foods,Bills & Utilities,Payment for gas & fuel,TRUE,7527726610,IEJFDASB,7058677860,ACKVAVCD,15441.91,14581.48,1,
TXN00000858,CUST009677,Harper,Williams,Male,Sydney,Australia,Sydney,Australia,Sydney,Australia,2024-07-28 03:46:37,Transfer,442.87,EUR,McDonalds,Groceries,Payment for electronics,FALSE,6438547231,BSSIRXRV,8866273862,PQLPHBWY,14606.39,14583.83,1,
TXN00000190,CUST008136,David,Taylor,Female,New York,USA,New York,USA,New York,USA,2024-10-15 13:56:41,Transfer,26.34,AUD,Target,Groceries,Payment for food & dining,FALSE,1540566959,ZRICDMVR,8120306561,GNZBXBIX,6442.5,5732.46,1,
TXN00000212,CUST002077,Isabella,Anderson,Male,Mexico City,Mexico,Mexico City,Mexico,Mexico City,Mexico,2024-01-18 00:13:19,Purchase,147.4,USD,Airbnb,Shopping,Payment for groceries,FALSE,6471659607,AVWTTTYF,2953310010,FMUKNAKQ,6051.04,5201.59,1,
TXN00000840,CUST002509,Harper,Anderson,Female,Shanghai,China,Shanghai,China,Shanghai,China,2024-09-19 09:25:17,Purchase,271.11,INR,Walmart,Bills & Utilities,Payment for food & dining,FALSE,7943850878,HEFIPBRU,3488065514,THRKCMKE,13253.78,14246.25,1,
TXN00000057,CUST009056,Joseph,Davis,Male,Madrid,Spain,Madrid,Spain,Madrid,Spain,2025-07-23 23:18:21,Purchase,32.9,INR,Target,Home & Garden,Payment for travel,FALSE,6016232918,QRJQRKKZ,8815130166,HXZQTEDC,7849.82,7634.16,1,
TXN00003647,CUST002022,Olivia,Lee,Male,Mexico City,Mexico,Mexico City,Mexico,Mexico City,Mexico,2024-04-03 05:38:04,Purchase,111,JPY,Home Depot,Shopping,Payment for groceries,FALSE,3490941949,MLMWHMVG,4387445428,YNQUJVDO,11090.39,11430.91,1,
TXN00002687,CUST005975,Daniel,Martin,Male,Berlin,Germany,Berlin,Germany,Berlin,Germany,2024-11-27 01:56:51,Purchase,110.4,INR,Airbnb,Groceries,Payment for food & dining,FALSE,5393257848,WEOAZAEP,1089986735,PZLSQGRE,14938.16,14953.45,1,
TXN00000075,CUST008224,Thomas,Thomas,Male,Mumbai,India,Mumbai,India,Mumbai,India,2024-09-07 03:15:14,Purchase,323.36,INR,McDonalds,Travel,Payment for electronics,FALSE,7659597250,ZPTPMJGM,5633882748,UQIRHXKK,8070.39,8461.28,1,
TXN00000599,CUST004905,Daniel,Lopez,Female,Singapore,Singapore,Singapore,Singapore,Singapore,Singapore,2025-02-25 14:35:41,Purchase,41.51,CAD,Amazon,Travel,Payment for travel,FALSE,6166871622,HDJSJGVF,1990215752,TRWYVZHT,7488.05,7132.66,1,
TXN00002057,CUST009319,Evelyn,Miller,Male,Sydney,Australia,Sydney,Australia,Sydney,Australia,2024-03-31 00:11:07,Purchase,198.09,EUR,Netflix,Bills & Utilities,Payment for shopping,FALSE,2817504849,JGSECQNC,7058579295,XGCKMGKB,7323.45,8086.68,1,
TXN00003437,CUST005304,Emma,Williams,Male,Mexico City,Mexico,Mexico City,Mexico,Mexico City,Mexico,2024-08-21 20:37:52,Transfer,284.64,CHF,Walmart,Groceries,Payment for entertainment,FALSE,9238362362,OYJUNABT,7715485834,GEUDBPVU,6994.42,7491.56,1,
TXN00000520,CUST001101,Ava,Williams,Male,Toronto,Canada,Toronto,Canada,Toronto,Canada,2024-10-16 13:24:01,Transfer,303.96,CNY,Uber,Gas & Fuel,Payment for shopping,FALSE,7166517166,SJVPIYQD,3040629683,CPHPOWHR,12960.12,13745.2,1,
TXN00003261,CUST001146,Olivia,Garcia,Female,Paris,France,Paris,France,Paris,France,2024-08-03 02:55:40,Transfer,311.89,INR,Netflix,Health & Fitness,Payment for shopping,FALSE,1216513503,WQMVYBBI,1918699798,GGZYCMNU,13403.43,12791.39,1,
TXN00000401,CUST005528,Joseph,Moore,Female,Shanghai,China,Shanghai,China,Shanghai,China,2025-08-17 12:29:50,Purchase,452.79,CNY,Netflix,Shopping,Payment for food & dining,TRUE,2851310735,SWSRBSCY,9931838656,QMALJTRS,10017.11,9224.17,1,
TXN00001887,CUST008113,Evelyn,Lopez,Female,Sydney,Australia,Sydney,Australia,Sydney,Australia,2025-01-02 20:12:22,Purchase,238.55,USD,Marriott Hotels,Travel,Payment for home & garden,TRUE,7614091117,GABATNWE,2866832234,NYPXNASO,11547.06,12137.63,1,
TXN00004014,CUST007291,Thomas,Lee,Male,Tokyo,Japan,Tokyo,Japan,Tokyo,Japan,2024-06-19 02:21:57,Transfer,269.15,CAD,Walmart,Travel,Payment for bills & utilities,FALSE,5220806436,NNSIDPSW,9842853203,VXRMLKEN,13508.98,14100.12,1,
TXN00002722,CUST006863,Amelia,Williams,Female,Paris,France,Paris,France,Paris,France,2024-10-25 18:50:14,Purchase,270.35,JPY,Target,Groceries,Payment for home & garden,FALSE,1265262804,FROVNOZD,1062105829,YOSQUURI,14909.75,14345.93,1,
TXN00000581,CUST002572,Mia,Johnson,Male,London,UK,London,UK,London,UK,2024-07-07 04:13:02,Transfer,309.15,CNY,Walmart,Home & Garden,Payment for bills & utilities,FALSE,2890373625,LHJYOUKR,9172328392,HDQGZGST,12008.01,12387.3,1,
TXN00000755,CUST005703,Daniel,Williams,Male,Toronto,Canada,Toronto,Canada,Toronto,Canada,2024-07-30 16:35:47,Transfer,287.61,AUD,Airbnb,Gas & Fuel,Payment for bills & utilities,FALSE,8849625439,AUVAQWNB,9453381227,CUJYFVDZ,6277.42,5665.16,1,
TXN00000507,CUST004818,Robert,Martinez,Female,Mexico City,Mexico,Mexico City,Mexico,Mexico City,Mexico,2024-02-20 19:10:34,Purchase,286.93,AUD,Target,Shopping,Payment for gas & fuel,FALSE,5450635337,ECYNQHDN,6205648637,SJRVIIIB,5349.4,5678.35,1,
TXN00004362,CUST003342,Sophia,Wilson,Female,Rome,Italy,Rome,Italy,Rome,Italy,2024-12-11 23:43:41,Purchase,322.34,CHF,Walmart,Electronics,Payment for entertainment,TRUE,8379053827,ROOQDKRZ,5572762772,SCPAZDNN,7625,7107.2,1,
TXN00002614,CUST004957,John,Garcia,Female,Berlin,Germany,Berlin,Germany,Berlin,Germany,2025-09-16 15:57:33,Transfer,114.8,GBP,Netflix,Travel,Payment for home & garden,FALSE,2048954337,KURNLGTE,4965229327,AYHHSMNH,11105.22,11180.12,1,
TXN00001015,CUST006085,David,Wilson,Male,Mumbai,India,Mumbai,India,Mumbai,India,2024-08-07 07:34:42,Purchase,160.5,CNY,Apple Store,Gas & Fuel,Payment for electronics,TRUE,2592410215,GCACRKGQ,7802141464,QOYTMZHP,10899.86,10152.89,1,
TXN00003552,CUST003161,David,Thomas,Male,Singapore,Singapore,Singapore,Singapore,Singapore,Singapore,2024-05-03 03:34:38,Purchase,397.77,CHF,Shell Gas,Travel,Payment for shopping,FALSE,7499523291,VYTVSWYC,2514249517,YPSFEQIE,7150.54,8005.08,1,
TXN00001439,CUST001276,Thomas,Jones,Female,Mexico City,Mexico,Mexico City,Mexico,Mexico City,Mexico,2025-10-05 21:34:00,Purchase,201.8,INR,Best Buy,Travel,Payment for home & garden,TRUE,5283605194,XQQIVHRL,9404652809,CHASYJDF,9544.7,9258.61,1,
TXN00000645,CUST001465,Mia,Rodriguez,Male,Sydney,Australia,Sydney,Australia,Sydney,Australia,2024-12-27 08:13:52,Purchase,108.66,USD,McDonalds,Electronics,Payment for travel,FALSE,4566899683,RHHXPMVQ,3527337425,EHIXJHJY,14978.68,14058.72,1,
TXN00004466,CUST007701,Amelia,Garcia,Male,Rome,Italy,Rome,Italy,Rome,Italy,2025-10-08 04:37:31,Purchase,230.18,CAD,Walmart,Entertainment,Payment for bills & utilities,FALSE,3929692474,TCWAXBQJ,5401363915,ZZJHINAF,9234.17,9365.4,1,
TXN00002610,CUST007732,Robert,Anderson,Male,Shanghai,China,Shanghai,China,Shanghai,China,2024-09-11 16:13:08,Purchase,41.13,INR,Airbnb,Electronics,Payment for electronics,FALSE,2830422171,QTTYKXYG,2050843017,YBLMWCTX,5637.03,6381.91,1,
TXN00001723,CUST009631,David,Martin,Male,Toronto,Canada,Toronto,Canada,Toronto,Canada,2025-02-22 14:23:13,Transfer,478.06,JPY,Starbucks,Shopping,Payment for electronics,FALSE,8138484288,QSDGPXPQ,7274898724,MOLHOAOF,9703.08,10631.97,1,
TXN00002613,CUST007048,Joseph,Martinez,Female,Shanghai,China,Shanghai,China,Shanghai,China,2025-08-19 18:11:49,Transfer,239.99,CHF,Starbucks,Gas & Fuel,Payment for entertainment,FALSE,4319263517,XTLTWQZM,3995951128,SLABZXJA,11947.03,11985.03,1,
TXN00000652,CUST008568,Amelia,Lopez,Male,Sydney,Australia,Sydney,Australia,Sydney,Australia,2024-11-06 17:42:46,Purchase,257.94,EUR,Shell Gas,Entertainment,Payment for travel,FALSE,1547584235,OENJBMLO,2355762004,YWCOPHXD,8283.93,8770.73,1,
TXN00002869,CUST008744,Ava,Anderson,Female,São Paulo,Brazil,São Paulo,Brazil,São Paulo,Brazil,2025-05-02 06:39:51,Purchase,186.23,INR,Shell Gas,Gas & Fuel,Payment for gas & fuel,FALSE,7025850638,SHXGMCKJ,1361592075,IQXOKUDE,5625.06,5640.42,1,
TXN00000795,CUST006160,Emma,Brown,Male,Rome,Italy,Rome,Italy,Rome,Italy,2025-10-10 17:47:41,Purchase,419.5,EUR,Netflix,Shopping,Payment for food & dining,FALSE,7887561051,QZQZLDHM,2354739871,KSDBMWYL,9509.1,9605.92,1,
TXN00000579,CUST004740,Daniel,Moore,Female,Berlin,Germany,Berlin,Germany,Berlin,Germany,2025-03-20 08:10:45,Purchase,287.81,CAD,Best Buy,Electronics,Payment for travel,FALSE,7842151457,BGKMHQMF,1810134804,DZPTLZQK,6444.53,7100.03,1,
TXN00003226,CUST002683,Charlotte,Johnson,Female,São Paulo,Brazil,São Paulo,Brazil,São Paulo,Brazil,2024-01-22 12:55:46,Purchase,243.54,AUD,Uber,Bills & Utilities,Payment for health & fitness,FALSE,7955444520,DXVOIFSH,8389697373,MQVBDOTI,5441.85,5747.88,1,
TXN00001156,CUST008763,Amelia,Lee,Female,Rome,Italy,Rome,Italy,Rome,Italy,2024-10-01 17:22:29,Purchase,255.06,CNY,McDonalds,Health & Fitness,Payment for bills & utilities,FALSE,2607878674,HBIAZXCP,9205132065,LKEPEDOE,5756.09,6152,1,
TXN00003382,CUST006655,John,Lopez,Male,São Paulo,Brazil,São Paulo,Brazil,São Paulo,Brazil,2025-09-08 21:15:11,Purchase,101.47,CNY,Marriott Hotels,Electronics,Payment for gas & fuel,FALSE,5612101109,ZEVSPOKM,6669993218,DZBBDEZE,9706.83,9102.34,1,
TXN00003093,CUST009213,Mia,Hernandez,Female,London,UK,London,UK,London,UK,2024-09-26 03:55:53,Transfer,47.52,CAD,Amazon,Health & Fitness,Payment for food & dining,FALSE,8457085113,FOOGALKC,4608695617,JZEDFDQG,5418.17,5822.96,1,
TXN00002287,CUST006927,Mia,Davis,Female,Mexico City,Mexico,Mexico City,Mexico,Mexico City,Mexico,2024-02-27 01:04:17,Purchase,326.19,JPY,Starbucks,Electronics,Payment for home & garden,FALSE,2448810968,GJDHMUNS,3966419527,BRDQTQKX,9655.41,10561.47,1,
TXN00002545,CUST006676,Mia,Lopez,Male,Madrid,Spain,Madrid,Spain,Madrid,Spain,2024-12-18 14:34:07,Purchase,339.75,JPY,Delta Airlines,Home & Garden,Payment for home & garden,FALSE,6321947919,EEHFIBDU,7478924538,UIWDSVNR,10305.96,10194.07,1,
TXN00003868,CUST003664,Richard,Hernandez,Male,São Paulo,Brazil,São Paulo,Brazil,São Paulo,Brazil,2024-12-04 07:13:19,Transfer,13.71,JPY,Whole Foods,Food & Dining,Payment for home & garden,FALSE,9678460756,JSAJVQBK,9399391808,XETWKEJG,10751.64,9825.79,1,
TXN00004695,CUST009296,Sophia,Lopez,Male,Shanghai,China,Shanghai,China,Shanghai,China,2025-07-24 21:32:26,Purchase,64.95,CHF,Shell Gas,Bills & Utilities,Payment for home & garden,FALSE,4168744735,LDCUCSCI,1296822116,HQRXYZMV,10764.55,11494.08,1,
TXN00001648,CUST000808,Ava,Lopez,Female,New York,USA,New York,USA,New York,USA,2024-11-10 18:38:27,Purchase,109.27,CHF,Delta Airlines,Travel,Payment for bills & utilities,FALSE,5289501181,JQMVTWZI,2472920616,BYGTNYDB,13708.85,13024.34,1,
TXN00001492,CUST008679,Robert,Anderson,Male,Berlin,Germany,Berlin,Germany,Berlin,Germany,2024-06-19 07:39:38,Purchase,215.73,CNY,Best Buy,Travel,Payment for gas & fuel,FALSE,7325158477,CURVUPHD,9427699748,HBFBAOIS,9664.47,9539.28,1,
TXN00002745,CUST004317,Ava,Johnson,Male,Tokyo,Japan,Tokyo,Japan,Tokyo,Japan,2025-02-13 18:49:20,Purchase,125.08,USD,Shell Gas,Home & Garden,Payment for food & dining,FALSE,5505418612,ZRWCOXWI,3687828559,GQYUAUYB,8190.13,8754.86,1,
TXN00004019,CUST009668,Ava,Garcia,Male,London,UK,London,UK,London,UK,2025-07-22 09:25:56,Purchase,395.62,INR,Marriott Hotels,Gas & Fuel,Payment for groceries,FALSE,4949255016,VNTNLXOU,2212304288,DASKNZYY,11747.56,11946.01,1,
TXN00003765,CUST005786,Harper,Garcia,Male,London,UK,London,UK,London,UK,2025-09-01 23:00:58,Transfer,226.78,INR,Target,Travel,Payment for food & dining,FALSE,6339632594,BGMBIEOG,8451461077,JHDYTBVI,10506.12,10270.79,1,
TXN00002433,CUST005477,Mia,Lopez,Female,Sydney,Australia,Sydney,Australia,Sydney,Australia,2025-07-06 04:13:29,Purchase,41.07,CAD,Home Depot,Entertainment,Payment for gas & fuel,FALSE,4576421115,WEHMOUAF,7721433989,AMZSCCDS,9909.05,9391.55,1,
TXN00000769,CUST007535,Evelyn,Miller,Female,Berlin,Germany,Berlin,Germany,Berlin,Germany,2025-05-21 18:49:52,Purchase,458.98,INR,Apple Store,Food & Dining,Payment for shopping,FALSE,3009317485,NQGJAMTY,8990674749,XUDUCICX,11039.7,10377.51,1,
TXN00004367,CUST006960,Mia,Lee,Male,Tokyo,Japan,Tokyo,Japan,Tokyo,Japan,2024-11-16 23:23:45,Purchase,440.84,EUR,Amazon,Food & Dining,Payment for bills & utilities,FALSE,3895809275,PJPDMPAQ,3483118140,IYBKUWOT,7218.85,7937.97,1,
TXN00003431,CUST007011,Evelyn,Johnson,Female,Toronto,Canada,Toronto,Canada,Toronto,Canada,2024-04-23 08:31:51,Purchase,313.76,AUD,Target,Shopping,Payment for shopping,FALSE,4211267867,JRMDHVTF,5695243832,RHABGDFR,15222.4,14327.47,1,
TXN00003079,CUST007930,John,Rodriguez,Male,Dubai,UAE,Dubai,UAE,Dubai,UAE,2025-05-03 10:31:52,Transfer,400.32,GBP,Target,Bills & Utilities,Payment for entertainment,FALSE,4059758793,BKNDNGPS,6525595975,INUMLYND,12790.31,13164.19,1,
TXN00003920,CUST000708,Sophia,Anderson,Female,Toronto,Canada,Toronto,Canada,Toronto,Canada,2024-09-25 12:41:48,Transfer,245.02,USD,Apple Store,Groceries,Payment for health & fitness,FALSE,5759712255,TYNQCQGR,8203117510,HSEKOPGZ,11321.54,11056.19,1,
TXN00002570,CUST008231,Charlotte,Brown,Male,Mumbai,India,Mumbai,India,Mumbai,India,2024-02-11 08:40:15,Purchase,208.37,GBP,Home Depot,Travel,Payment for gas & fuel,FALSE,6594374976,KDKBUVJZ,5171809038,AOLBENYS,5955.42,5377.6,1,
TXN00002963,CUST001532,Olivia,Anderson,Female,Tokyo,Japan,Tokyo,Japan,Tokyo,Japan,2025-02-27 05:05:35,Purchase,273.42,EUR,Target,Travel,Payment for groceries,FALSE,7879160148,ZAGWDEXT,5475328152,TTBMVVAI,8984.82,8845.71,1,
TXN00001870,CUST003355,Emma,Hernandez,Female,London,UK,London,UK,London,UK,2025-05-03 16:06:52,Purchase,147.47,CAD,Target,Food & Dining,Payment for electronics,FALSE,7939120978,BPRTUBUF,5555719607,BNAERJCU,6012.07,5611.14,1,
TXN00002096,CUST008793,Daniel,Williams,Male,New York,USA,New York,USA,New York,USA,2024-03-10 13:52:33,Transfer,236.89,USD,Target,Shopping,Payment for gas & fuel,FALSE,9270672299,RETTCQWB,5137083846,ZLEMOSWJ,13054.27,13133.2,1,
TXN00003631,CUST004259,Amelia,Miller,Female,London,UK,London,UK,London,UK,2025-04-09 21:18:26,Purchase,47.66,GBP,Walmart,Health & Fitness,Payment for bills & utilities,FALSE,6973142856,OCNBIAZV,2020387621,BBQIVXJT,14223.48,13405.25,1,
TXN00000025,CUST007656,David,Wilson,Female,Toronto,Canada,Toronto,Canada,Toronto,Canada,2024-01-04 19:02:54,Purchase,442.66,JPY,Home Depot,Travel,Payment for gas & fuel,FALSE,3563827797,RIUOTEOE,9138129365,TTVVWQMS,7101.82,8096.94,1,
TXN00004024,CUST004386,David,Taylor,Male,Shanghai,China,Shanghai,China,Shanghai,China,2024-02-20 06:37:16,Transfer,247.99,JPY,Amazon,Gas & Fuel,Payment for groceries,FALSE,4342544693,EYZFKCUG,5951118038,TJQSVKCT,9999.1,10517.75,1,
TXN00000394,CUST008701,Olivia,Thomas,Male,São Paulo,Brazil,São Paulo,Brazil,São Paulo,Brazil,2025-05-17 13:46:45,Transfer,301.85,INR,Target,Home & Garden,Payment for bills & utilities,FALSE,1110087527,IYAJMZEI,2995074547,FBTVDBWD,8158.31,7308.61,1,
TXN00003549,CUST000104,David,Lee,Female,Berlin,Germany,Berlin,Germany,Berlin,Germany,2025-02-10 07:22:56,Purchase,304.1,USD,Apple Store,Travel,Payment for shopping,FALSE,5890374281,PIYHFZTA,2714221840,ZIUPIVYF,15332.24,14900.03,1,
TXN00004118,CUST006291,James,Jones,Female,Madrid,Spain,Madrid,Spain,Madrid,Spain,2024-04-26 07:09:13,Purchase,415.35,CAD,Delta Airlines,Health & Fitness,Payment for travel,FALSE,4350238759,PPXWCIHJ,6386669121,QWGFPRYE,10594.11,10121.78,1,
TXN00002500,CUST006905,Mia,Jones,Male,São Paulo,Brazil,São Paulo,Brazil,São Paulo,Brazil,2024-11-13 06:11:03,Transfer,438.12,AUD,Amazon,Electronics,Payment for bills & utilities,FALSE,3391588455,TAILDNSN,3086182506,EGGKGPNY,7915.61,8388.91,1,
TXN00004237,CUST003758,Richard,Davis,Female,Singapore,Singapore,Singapore,Singapore,Singapore,Singapore,2024-09-01 23:09:40,Purchase,210,INR,Marriott Hotels,Health & Fitness,Payment for groceries,FALSE,3139823527,DHDUJORC,3331335270,ZQRBYCNM,14221.89,14909.92,1,
TXN00000945,CUST004005,Evelyn,Williams,Female,London,UK,London,UK,London,UK,2024-06-28 18:17:06,Purchase,442.09,AUD,Shell Gas,Health & Fitness,Payment for home & garden,FALSE,7975478860,RMCOZDCC,9960822541,IIGMNTPM,4766.76,5668.78,1,
TXN00004318,CUST007465,Amelia,Martinez,Male,Tokyo,Japan,Tokyo,Japan,Tokyo,Japan,2025-07-21 11:35:46,Purchase,469.7,CHF,Shell Gas,Shopping,Payment for travel,FALSE,9964412910,TUNBGQYN,4361183633,ALVITTTM,11026.09,11256.01,1,
TXN00000262,CUST009693,Joseph,Davis,Female,Sydney,Australia,Sydney,Australia,Sydney,Australia,2024-10-01 05:32:57,Purchase,104.93,JPY,Delta Airlines,Groceries,Payment for electronics,FALSE,6603027718,YIPXSESE,4230541334,SRDZGWBG,8262.04,9096.49,1,
TXN00004315,CUST008284,Mia,Davis,Male,New York,USA,New York,USA,New York,USA,2024-09-22 03:06:51,Transfer,370.7,GBP,Uber,Entertainment,Payment for entertainment,FALSE,1808519606,JFSMYLMR,6733141774,VWZJAERA,12851.83,12289.71,1,
TXN00003597,CUST006874,Olivia,Thomas,Female,Shanghai,China,Shanghai,China,Shanghai,China,2025-01-22 06:27:08,Purchase,97.74,INR,Apple Store,Gas & Fuel,Payment for electronics,FALSE,1769973206,LZPBYIDC,8280428044,EKQXAMFE,10435.25,9950.88,1,
TXN00000509,CUST002439,John,Williams,Female,Shanghai,China,Shanghai,China,Shanghai,China,2024-01-28 02:54:51,Purchase,133.72,AUD,Delta Airlines,Shopping,Payment for health & fitness,FALSE,8535819460,YPOSLYII,5054769928,VCWFRJSD,13798.76,13972.57,1,
TXN00004467,CUST008001,Ava,Smith,Male,Shanghai,China,Shanghai,China,Shanghai,China,2024-11-20 22:40:36,Transfer,119.65,AUD,Starbucks,Bills & Utilities,Payment for electronics,FALSE,8947262728,SYZFXSEQ,5932784095,GMQDRRJD,15635.46,14708.94,1,
TXN00000485,CUST007080,David,Martin,Female,Rome,Italy,Rome,Italy,Rome,Italy,2025-08-14 09:59:24,Purchase,136.67,USD,Starbucks,Travel,Payment for shopping,FALSE,5109706007,PPWZAYLE,1565425021,IZPHRRYZ,15003.44,14938.53,1,
TXN00002383,CUST003896,Emma,Hernandez,Male,London,UK,London,UK,London,UK,2025-09-12 03:19:45,Transfer,338.22,USD,Airbnb,Shopping,Payment for travel,FALSE,6273914115,IEIQFKYV,6999436955,AYUAVWWI,14414.25,13843.64,1,
TXN00004328,CUST004639,Isabella,Jackson,Male,Singapore,Singapore,Singapore,Singapore,Singapore,Singapore,2025-03-15 08:11:36,Purchase,507.98,EUR,Delta Airlines,Groceries,Payment for health & fitness,FALSE,4703720652,YLIICBBP,8405166407,TFFTOWMB,7990.43,7851.48,1,
TXN00002876,CUST001795,Charlotte,Rodriguez,Male,São Paulo,Brazil,São Paulo,Brazil,São Paulo,Brazil,2025-07-04 16:40:58,Purchase,65.96,EUR,Airbnb,Shopping,Payment for travel,FALSE,1452116305,CMLLULPR,4128941030,NLSJZWQP,4840.87,5227.6,1,
TXN00003756,CUST006935,Joseph,Jones,Female,Dubai,UAE,Dubai,UAE,Dubai,UAE,2025-03-19 05:42:25,Transfer,425.86,CHF,Whole Foods,Bills & Utilities,Payment for groceries,FALSE,3912690441,HPGYQKOR,8505826060,CTUOMFFM,10619.82,11093.12,1,
TXN00002717,CUST007110,William,Anderson,Male,Mumbai,India,Mumbai,India,Mumbai,India,2025-03-31 17:39:15,Purchase,74.19,GBP,Home Depot,Groceries,Payment for food & dining,FALSE,2577298067,PSZAEXLG,2066829535,QDLJTADY,11704.97,11263.16,1,
TXN00003375,CUST008612,Isabella,Brown,Female,Paris,France,Paris,France,Paris,France,2025-09-18 10:34:09,Transfer,430.27,CHF,Airbnb,Travel,Payment for gas & fuel,FALSE,1411910027,FVHKOUCG,2019646351,YFXQGWID,13574.66,14146.94,1,
TXN00002549,CUST005224,John,Jones,Female,Paris,France,Paris,France,Paris,France,2025-08-06 21:35:21,Purchase,110.84,INR,Amazon,Home & Garden,Payment for electronics,FALSE,4780861430,HMLEWQHS,4243633635,OBQURZOJ,6450.5,7144.22,1,
TXN00000339,CUST005619,Emma,Martinez,Female,Rome,Italy,Rome,Italy,Rome,Italy,2025-01-27 11:53:16,Purchase,58.84,AUD,Amazon,Entertainment,Payment for home & garden,FALSE,8677793026,CFFEQTYF,6423445186,QGBGHFIX,11801.68,12197.06,1,
TXN00000654,CUST001325,Richard,Anderson,Female,New York,USA,New York,USA,New York,USA,2024-05-08 13:22:57,Purchase,324.73,CAD,Walmart,Home & Garden,Payment for home & garden,FALSE,9598555669,COOYAXCM,1953221131,ECXSRKOH,13221.2,13405.27,1,
TXN00003354,CUST001135,Isabella,Hernandez,Male,London,UK,London,UK,London,UK,2024-12-22 14:08:20,Purchase,411.21,CAD,Airbnb,Entertainment,Payment for groceries,FALSE,8787358152,XGRAYCRL,3787853266,UGHDWRVV,5338.09,5342.76,1,
TXN00003248,CUST009286,Charlotte,Rodriguez,Female,London,UK,London,UK,London,UK,2024-03-04 03:24:24,Purchase,107.88,USD,Uber,Bills & Utilities,Payment for groceries,FALSE,1812985401,FXPYXHAZ,3409037551,EHDZHAGG,10541.81,10208.09,1,
TXN00003194,CUST001458,Richard,Martin,Female,São Paulo,Brazil,São Paulo,Brazil,São Paulo,Brazil,2024-10-01 09:19:12,Purchase,119.99,JPY,Whole Foods,Shopping,Payment for groceries,FALSE,3625070116,VOKZDFQN,2469718617,NXYKKJFN,7996.96,8918.03,1,
TXN00003615,CUST001999,Joseph,Hernandez,Male,Singapore,Singapore,Singapore,Singapore,Singapore,Singapore,2024-07-06 03:52:45,Purchase,476.84,EUR,Walmart,Food & Dining,Payment for travel,FALSE,8510912750,RNTILESW,4117956614,NHMJQYXS,14415.38,14274.87,1,
TXN00000957,CUST007114,Evelyn,Brown,Male,Madrid,Spain,Madrid,Spain,Madrid,Spain,2025-01-27 00:34:57,Purchase,424.99,CAD,Uber,Health & Fitness,Payment for shopping,FALSE,7488591057,BXROLWVQ,7003148415,TILYKMHZ,13647.78,13663.37,1,
TXN00000828,CUST009891,Evelyn,Lee,Female,São Paulo,Brazil,São Paulo,Brazil,São Paulo,Brazil,2025-10-03 02:05:05,Transfer,361.44,CNY,Amazon,Shopping,Payment for health & fitness,FALSE,5101851833,JNVOSJGV,8699357467,YRPDUHVD,15123.26,14429.17,1,
TXN00000622,CUST006671,Ava,Lopez,Female,New York,USA,New York,USA,New York,USA,2025-03-21 21:22:12,Purchase,81.58,CAD,Shell Gas,Gas & Fuel,Payment for electronics,FALSE,8633590906,MACRLQIH,8316091812,ERLVIKVV,7361.42,6733.9,1,
TXN00004941,CUST009848,William,Williams,Female,Madrid,Spain,Shanghai,China,Madrid,Spain,2025-07-11 12:50:48,Purchase,2153.57,AUD,Home Depot,Electronics,Payment for bills & utilities,FALSE,9048011268,XBOAEMES,4903012100,SZORCXBF,11392.41,12332.98,0,Known fraudulent merchant
TXN00003055,CUST006721,William,Taylor,Male,Toronto,Canada,Toronto,Canada,Toronto,Canada,2024-04-23 18:42:06,Purchase,368.39,AUD,Shell Gas,Home & Garden,Payment for shopping,FALSE,9081512380,OWYFUCNI,4130345614,VPNWQUBY,8901.35,9252.92,1,
TXN00001320,CUST000586,Mia,Martinez,Female,Shanghai,China,Shanghai,China,Shanghai,China,2025-01-02 23:38:30,Purchase,365.47,CNY,Walmart,Entertainment,Payment for entertainment,FALSE,9223262702,HDBLITLN,6415443784,CCLSOZAG,15120.31,14782.19,1,
TXN00000098,CUST005091,Isabella,Brown,Male,Singapore,Singapore,Singapore,Singapore,Singapore,Singapore,2024-06-30 16:03:03,Purchase,389.82,GBP,Starbucks,Home & Garden,Payment for shopping,FALSE,3564086454,GNNCVFFN,2648880049,PGJGPKPX,11585.93,12287.5,1,
TXN00000127,CUST008953,Robert,Anderson,Female,Tokyo,Japan,Tokyo,Japan,Tokyo,Japan,2025-08-19 17:44:16,Purchase,336,CHF,Netflix,Entertainment,Payment for food & dining,FALSE,6480744765,LCGYKVOW,8209890055,RQIECNBN,5512.5,5210.02,1,
TXN00004473,CUST002829,Daniel,Williams,Male,Tokyo,Japan,Tokyo,Japan,Tokyo,Japan,2024-06-28 18:40:05,Transfer,307.33,CHF,Home Depot,Gas & Fuel,Payment for entertainment,FALSE,6590039751,ITMCJFXA,7412952905,LWRDORIK,6221.24,5850.49,1,
TXN00000593,CUST009094,Harper,Martin,Female,Sydney,Australia,Sydney,Australia,Sydney,Australia,2025-01-27 10:41:57,Transfer,108,USD,Amazon,Travel,Payment for entertainment,FALSE,4628209575,FRZSQCIA,9798971262,BEKHQQEU,7556.54,8299.13,1,
TXN00002113,CUST001920,Mia,Garcia,Male,Tokyo,Japan,Tokyo,Japan,Tokyo,Japan,2024-07-07 19:25:48,Purchase,214.58,GBP,Amazon,Entertainment,Payment for entertainment,TRUE,8184810399,YHUCBJRS,7939355191,WLBMTSZZ,10917.43,11817.42,1,
TXN00004614,CUST000322,Isabella,Lee,Female,Tokyo,Japan,Tokyo,Japan,Tokyo,Japan,2024-02-03 23:56:16,Purchase,365.92,GBP,Whole Foods,Gas & Fuel,Payment for gas & fuel,FALSE,6385705086,DTQLRJDP,6582436732,ZBYVYQKD,8390.7,8598.91,1,
TXN00003119,CUST008734,Joseph,Williams,Female,Sydney,Australia,Sydney,Australia,Sydney,Australia,2025-05-08 23:57:24,Purchase,84.89,CHF,Apple Store,Food & Dining,Payment for shopping,FALSE,2386589842,BAFAAFXY,4339927771,JVBDCWMN,14205.71,13549.23,1,
TXN00000103,CUST003659,Amelia,Jackson,Female,Dubai,UAE,Dubai,UAE,Dubai,UAE,2024-06-08 21:37:31,Purchase,208.05,JPY,Walmart,Gas & Fuel,Payment for food & dining,FALSE,1944556985,ZITXKQGY,9134761411,LDRNKCXQ,10591.93,9958.69,1,
TXN00001579,CUST002496,Mia,Anderson,Female,Shanghai,China,Shanghai,China,Shanghai,China,2025-07-29 05:09:43,Purchase,358.95,GBP,Airbnb,Home & Garden,Payment for health & fitness,FALSE,2720906271,LYAJZJOT,5740634718,PBRPESEZ,8790.21,9361.57,1,
TXN00004172,CUST002637,Olivia,Lopez,Male,Tokyo,Japan,Tokyo,Japan,Tokyo,Japan,2024-06-12 20:15:55,Purchase,185.26,GBP,Delta Airlines,Food & Dining,Payment for entertainment,FALSE,1136619405,UQIXGHHK,2010432337,YRWSCSBK,13488.69,13404.99,1,
TXN00000005,CUST000127,James,Martin,Male,Sydney,Australia,Sydney,Australia,Sydney,Australia,2024-04-28 02:02:38,Purchase,207.79,GBP,Starbucks,Travel,Payment for electronics,TRUE,8252621330,HOQKZHOC,6504072094,YNYCLEZW,11011.04,10326.35,1,
TXN00000646,CUST002373,William,Davis,Female,Mexico City,Mexico,Mexico City,Mexico,Mexico City,Mexico,2024-11-14 03:57:04,Transfer,446.91,EUR,Whole Foods,Entertainment,Payment for gas & fuel,TRUE,1889324504,XYJMGWFX,3715368225,ADSUZHKG,13227.55,13992.38,1,
TXN00002955,CUST000173,Evelyn,Jones,Female,Sydney,Australia,Sydney,Australia,Sydney,Australia,2025-10-12 23:41:37,Purchase,68.93,JPY,Apple Store,Home & Garden,Payment for entertainment,FALSE,7182002630,SQAYTPTV,1079669570,NCJKLRRU,6805.2,6708.15,1,
TXN00000404,CUST003887,Olivia,Martinez,Female,Dubai,UAE,Dubai,UAE,Dubai,UAE,2024-07-28 21:08:08,Purchase,250.06,JPY,Amazon,Bills & Utilities,Payment for groceries,FALSE,8598880890,VNBIMHEO,7913928541,TDTMZWFZ,11871.55,11391.63,1,
TXN00000505,CUST000594,Sophia,Davis,Female,London,UK,London,UK,London,UK,2024-12-21 01:35:16,Purchase,425.35,INR,Uber,Gas & Fuel,Payment for health & fitness,FALSE,5929400109,ZNRCUKPD,3740028635,PJWSHTDA,14582.8,14846.78,1,
TXN00001822,CUST000891,Amelia,Jones,Female,New York,USA,New York,USA,New York,USA,2024-06-04 02:28:13,Purchase,247.34,GBP,Home Depot,Travel,Payment for health & fitness,FALSE,3940655846,ZTLOWRKM,3164259600,BSBSVSEH,13544.59,13418.34,1,
TXN00003256,CUST003901,Sophia,Rodriguez,Male,Berlin,Germany,Berlin,Germany,Berlin,Germany,2024-02-07 20:44:23,Purchase,160.16,EUR,Home Depot,Groceries,Payment for health & fitness,FALSE,5569775146,RNLVHUZQ,9120517342,FBNUYRSM,14277.17,14594.61,1,
TXN00000958,CUST009474,William,Garcia,Male,Dubai,UAE,Dubai,UAE,Dubai,UAE,2024-07-21 22:20:41,Transfer,496.74,USD,Uber,Groceries,Payment for entertainment,FALSE,4514312057,ZRWOTGTJ,1391477978,YENWZLDJ,11953.52,12346.69,1,
TXN00000369,CUST003503,Emma,Moore,Female,Tokyo,Japan,Tokyo,Japan,Tokyo,Japan,2025-03-09 18:08:37,Purchase,58.7,AUD,McDonalds,Groceries,Payment for entertainment,FALSE,2851741111,GCGARPYM,7523427594,LCWGAGJH,10445.87,9938.19,1,
TXN00000541,CUST000825,Ava,Martin,Male,Singapore,Singapore,Singapore,Singapore,Singapore,Singapore,2024-11-30 05:32:01,Purchase,367.08,USD,Netflix,Electronics,Payment for entertainment,TRUE,2564841833,VMTOHTNY,8602709291,ALWRANEF,7733.25,8526.25,1,
TXN00001404,CUST001637,David,Martinez,Male,São Paulo,Brazil,São Paulo,Brazil,São Paulo,Brazil,2025-02-15 12:12:04,Transfer,112.71,USD,Airbnb,Gas & Fuel,Payment for travel,FALSE,1772087113,OZOKRKBO,7968725859,YQTYGFKT,14956.14,14223.18,1,
TXN00000872,CUST002415,Robert,Jones,Male,Mumbai,India,Mumbai,India,Mumbai,India,2024-09-14 06:49:56,Transfer,332.08,JPY,Walmart,Gas & Fuel,Payment for electronics,FALSE,8903445567,PRRQZUEN,3616102105,VJYFPGVZ,13716.08,13173.45,1,
TXN00004095,CUST009775,Daniel,Brown,Female,Paris,France,Paris,France,Paris,France,2024-08-09 10:24:31,Purchase,352.53,CNY,Uber,Groceries,Payment for home & garden,FALSE,7474882096,EKRDZARK,6989404314,YEPWAVKK,7296.74,7253.92,1,
TXN00004557,CUST008223,Thomas,Lee,Male,Dubai,UAE,Dubai,UAE,Dubai,UAE,2025-01-26 22:33:18,Transfer,62.44,GBP,Delta Airlines,Gas & Fuel,Payment for shopping,TRUE,5651999109,TKJIUJWN,1463045127,FCIBREXO,12425.68,12312.93,1,
TXN00002555,CUST009361,Daniel,Hernandez,Female,New York,USA,New York,USA,New York,USA,2024-11-03 14:14:44,Purchase,257.76,JPY,Target,Gas & Fuel,Payment for entertainment,FALSE,7167887137,SZLIHDMD,1694396536,GPCYIZZA,13325.03,13749.76,1,
TXN00004762,CUST002444,Sophia,Brown,Male,Sydney,Australia,Sydney,Australia,Madrid,Spain,2025-08-14 13:49:14,Purchase,3525.1,EUR,Starbucks,Electronics,Payment for bills & utilities,FALSE,9394976701,MEHTGCYK,4247353423,GVRYLMZF,13621.14,13620.08,0,Multiple transactions in short time
TXN00000277,CUST003265,Olivia,Hernandez,Male,Madrid,Spain,Madrid,Spain,Madrid,Spain,2025-09-08 01:48:02,Purchase,360.63,AUD,McDonalds,Bills & Utilities,Payment for shopping,TRUE,2748616674,CTHZQAHI,9752079021,QNRUVRQN,15017.01,14623.67,1,
TXN00004943,CUST003533,James,Williams,Male,Sydney,Australia,Rome,Italy,Tokyo,Japan,2025-08-31 15:33:33,Purchase,969.61,AUD,Shell Gas,Electronics,Payment for entertainment,FALSE,4682441408,FPOYAFMH,2415663560,ALRLRZPB,9798.67,8978.19,0,Account takeover suspected
TXN00001557,CUST009078,William,Johnson,Female,São Paulo,Brazil,São Paulo,Brazil,São Paulo,Brazil,2024-04-24 11:30:07,Purchase,324.54,CHF,Apple Store,Groceries,Payment for gas & fuel,FALSE,9495052307,WSONYIDR,3164819174,FTJVDGEH,12193.81,12458.54,1,
TXN00002884,CUST004760,Robert,Jackson,Female,Paris,France,Paris,France,Paris,France,2025-03-13 04:51:12,Purchase,265.42,USD,Delta Airlines,Food & Dining,Payment for gas & fuel,FALSE,1980662111,UABQXIAV,6316593570,MEBKUQXK,14847.55,14437.73,1,
TXN00004555,CUST004536,Amelia,Taylor,Female,Tokyo,Japan,Tokyo,Japan,Tokyo,Japan,2024-06-30 22:27:27,Purchase,94.63,EUR,Delta Airlines,Shopping,Payment for travel,FALSE,5525445052,RAWKECEB,7390757321,GVSOINBD,8619.14,8236.92,1,
TXN00004880,CUST005287,Daniel,Jones,Female,Tokyo,Japan,Tokyo,Japan,Tokyo,Japan,2025-06-27 03:58:40,Transfer,4474.79,EUR,Netflix,Gas & Fuel,Payment for bills & utilities,FALSE,6597765302,EMDIVNHY,2054724748,GBSZRDPJ,11685.38,12205.59,0,High amount compared to usual
TXN00003916,CUST001141,Amelia,Smith,Male,Rome,Italy,Rome,Italy,Rome,Italy,2025-09-14 02:36:58,Purchase,29.48,USD,Whole Foods,Electronics,Payment for electronics,FALSE,3157766916,TSRMKEIN,5848182214,OMWMYRCQ,12298.91,13157.35,1,
TXN00002622,CUST004991,William,Hernandez,Male,Tokyo,Japan,Tokyo,Japan,Tokyo,Japan,2024-02-05 03:05:19,Purchase,65.08,INR,McDonalds,Gas & Fuel,Payment for gas & fuel,FALSE,3360198955,XMSDAMHC,2730472658,WVMRKZXV,6622.4,6308.52,1,
TXN00004356,CUST004450,Thomas,Jones,Male,Tokyo,Japan,Tokyo,Japan,Tokyo,Japan,2024-06-07 05:11:46,Transfer,457.13,EUR,Marriott Hotels,Home & Garden,Payment for food & dining,FALSE,7440100689,QZTEBCYJ,7333658110,KCPFNPRM,8158.65,8404.41,1,
TXN00004839,CUST007892,Joseph,Moore,Female,Berlin,Germany,London,UK,Mexico City,Mexico,2024-08-08 22:39:57,Purchase,1687.49,USD,McDonalds,Electronics,Payment for gas & fuel,FALSE,4123890203,GRSCEYHL,2733561052,CFQJFDCD,4788.37,5166.21,0,Login from different country than transaction
TXN00003938,CUST009777,Robert,Lee,Female,Paris,France,Paris,France,Paris,France,2025-07-24 23:42:14,Purchase,13.93,AUD,McDonalds,Health & Fitness,Payment for travel,TRUE,2100193142,SDSOJYZB,4220303803,RLLCGKRX,15685.28,14763.64,1,
TXN00001679,CUST003069,Sophia,Martinez,Female,Mexico City,Mexico,Mexico City,Mexico,Mexico City,Mexico,2025-04-25 05:09:55,Transfer,353.04,CNY,Starbucks,Groceries,Payment for bills & utilities,FALSE,8133917807,GPENELUD,4850670996,UFEBLITJ,7182.85,6668.94,1,
TXN00003385,CUST007503,Isabella,Taylor,Female,Rome,Italy,Rome,Italy,Rome,Italy,2025-09-17 07:57:56,Purchase,409.16,CNY,Netflix,Travel,Payment for electronics,FALSE,9263481921,PDVOCGCU,7594190927,TPQRKDGV,6972.04,6297.09,1,
TXN00004384,CUST003543,William,Garcia,Female,Tokyo,Japan,Tokyo,Japan,Tokyo,Japan,2024-06-06 19:03:04,Transfer,353.11,CNY,Starbucks,Groceries,Payment for shopping,FALSE,9081395311,GBWLXXRP,1843789857,EXONALPE,12270.22,12269.46,1,
TXN00003716,CUST005902,Sophia,Hernandez,Female,Toronto,Canada,Toronto,Canada,Toronto,Canada,2024-08-30 09:32:22,Purchase,286.63,INR,Whole Foods,Bills & Utilities,Payment for health & fitness,TRUE,9118709569,IPXBDORY,3580124229,JTEOWTHJ,11848.32,11029.63,1,
TXN00004436,CUST006556,Harper,Miller,Female,São Paulo,Brazil,São Paulo,Brazil,São Paulo,Brazil,2025-07-16 17:43:04,Transfer,366.18,AUD,McDonalds,Bills & Utilities,Payment for travel,FALSE,3178592060,HKOMHTDS,6979507811,QWXIAWJN,10443.41,9510.26,1,
TXN00003914,CUST002658,Joseph,Taylor,Male,Tokyo,Japan,Tokyo,Japan,Tokyo,Japan,2025-03-02 17:26:39,Transfer,478.63,AUD,Shell Gas,Food & Dining,Payment for entertainment,FALSE,1183431111,ORTMEWBA,4232459230,RPLTSUIJ,6200.71,6851.49,1,
TXN00002534,CUST007555,Mia,Smith,Male,Sydney,Australia,Sydney,Australia,Sydney,Australia,2024-06-22 06:52:40,Purchase,149.91,INR,Delta Airlines,Entertainment,Payment for bills & utilities,FALSE,4978059715,OBGZTJQB,3208519695,FVBYCCYZ,8673.37,8270.87,1,
TXN00003566,CUST001950,Emma,Martin,Female,Mexico City,Mexico,Mexico City,Mexico,Mexico City,Mexico,2024-02-25 09:20:19,Purchase,503.99,GBP,Target,Bills & Utilities,Payment for electronics,FALSE,5392212977,AMXPDDUQ,4335340003,RUIOTLHF,9019.41,9377.4,1,
TXN00003601,CUST003676,Thomas,Hernandez,Female,London,UK,London,UK,London,UK,2025-03-21 10:45:43,Purchase,487.74,JPY,Walmart,Health & Fitness,Payment for bills & utilities,FALSE,6159939194,SEZWYCIK,9164165544,OOVWYDDA,11290.15,11588.3,1,
TXN00004985,CUST008285,John,Jackson,Male,Dubai,UAE,Dubai,UAE,Singapore,Singapore,2024-11-19 13:53:22,Purchase,3167.58,CAD,Marriott Hotels,Bills & Utilities,Payment for entertainment,FALSE,4896327422,WOKOJSHK,5637305156,YUJFGIMN,12321.08,12175.86,0,Login from different country than transaction
TXN00003999,CUST007560,Amelia,Williams,Male,Toronto,Canada,Toronto,Canada,Toronto,Canada,2025-06-05 13:37:28,Transfer,176.44,INR,Delta Airlines,Electronics,Payment for travel,FALSE,8647294534,QFECGDLK,6608501760,QFLUBETW,13426.46,13586.71,1,
TXN00001382,CUST006286,Sophia,Anderson,Female,Madrid,Spain,Madrid,Spain,Madrid,Spain,2025-06-02 13:52:10,Transfer,420.26,CHF,Walmart,Gas & Fuel,Payment for entertainment,FALSE,5699961184,YNQPGRMM,7459187081,GOEPSPVS,7078.32,7055.12,1,
TXN00000932,CUST005359,Emma,Martin,Male,New York,USA,New York,USA,New York,USA,2025-10-10 04:57:55,Purchase,378.87,GBP,Home Depot,Health & Fitness,Payment for groceries,FALSE,6208599087,LTLHXVPL,5444592623,ARWWBRUF,8894.95,9686.66,1,
TXN00002263,CUST007769,Evelyn,Johnson,Male,Madrid,Spain,Madrid,Spain,Madrid,Spain,2024-07-26 12:59:06,Purchase,273.85,EUR,Best Buy,Bills & Utilities,Payment for entertainment,FALSE,7738256179,WHSVMWSF,8269401513,YZJHIRMF,8645.65,9345.88,1,
TXN00002918,CUST003371,Amelia,Miller,Female,Mumbai,India,Mumbai,India,Mumbai,India,2024-06-30 11:07:13,Transfer,17.81,CHF,Uber,Bills & Utilities,Payment for home & garden,FALSE,1076911500,GDPOLWXA,2038780918,WZMJCKYF,12173.23,12640.49,1,
TXN00004052,CUST000801,William,Lopez,Male,Madrid,Spain,Madrid,Spain,Madrid,Spain,2024-11-10 03:05:16,Purchase,217.29,AUD,Walmart,Groceries,Payment for entertainment,FALSE,9504937447,WSWPVVZU,1072133399,ZNEURTEG,8712.47,8310.24,1,
TXN00003482,CUST008971,Charlotte,Lee,Male,Sydney,Australia,Sydney,Australia,Sydney,Australia,2024-03-10 02:18:12,Purchase,319.7,INR,Shell Gas,Shopping,Payment for groceries,TRUE,5643921325,SDJPTWTU,8235673740,GJVCDQBL,12954.06,13558.37,1,
TXN00004193,CUST002131,Robert,Williams,Male,Singapore,Singapore,Singapore,Singapore,Singapore,Singapore,2025-05-16 14:07:33,Purchase,214.58,CAD,Starbucks,Bills & Utilities,Payment for bills & utilities,FALSE,9313844706,GXZIWNYQ,1513048931,JHCSTKEX,6743.37,6447.43,1,
TXN00001047,CUST002370,Mia,Anderson,Female,Toronto,Canada,Toronto,Canada,Toronto,Canada,2024-07-23 00:19:51,Transfer,278.93,JPY,McDonalds,Gas & Fuel,Payment for health & fitness,FALSE,1285944783,ZGAPJKHS,1583496254,BJNMTFEU,5872.03,5900.64,1,
TXN00000389,CUST006395,John,Miller,Male,Singapore,Singapore,Singapore,Singapore,Singapore,Singapore,2025-01-24 20:22:23,Transfer,427.24,CNY,Shell Gas,Home & Garden,Payment for gas & fuel,FALSE,9859916369,XZQLSDEU,4043239358,DKZIBGIV,15428.76,14553.06,1,
TXN00002962,CUST004272,Michael,Miller,Female,Sydney,Australia,Sydney,Australia,Sydney,Australia,2024-11-19 06:32:54,Transfer,196.31,CHF,McDonalds,Shopping,Payment for food & dining,FALSE,7227734006,WRQULKCQ,6305110232,LKUCXAFW,9553.12,9473.68,1,
TXN00004192,CUST003204,Charlotte,Jones,Female,Madrid,Spain,Madrid,Spain,Madrid,Spain,2024-05-12 22:02:25,Purchase,378.27,AUD,Target,Shopping,Payment for health & fitness,FALSE,9299152798,SAPOLIHE,3658540325,QKIUQTBB,13735.85,13279.03,1,
TXN00000311,CUST009816,William,Wilson,Female,Mumbai,India,Mumbai,India,Mumbai,India,2025-03-23 16:24:52,Transfer,108.45,CNY,Whole Foods,Shopping,Payment for groceries,FALSE,5172235182,IKNMRCFF,9277420304,TGTTEGHH,13044.95,12101.64,1,
TXN00003023,CUST009858,Charlotte,Davis,Female,London,UK,London,UK,London,UK,2024-12-06 16:07:36,Purchase,120.35,EUR,Airbnb,Bills & Utilities,Payment for shopping,FALSE,7065939920,EDQLOTIB,4577549835,RVCWSXDX,10433.41,9700.55,1,
TXN00003057,CUST009055,Olivia,Martin,Male,Berlin,Germany,Berlin,Germany,Berlin,Germany,2024-06-01 02:15:05,Purchase,63.73,CNY,Airbnb,Home & Garden,Payment for home & garden,FALSE,9041593149,LKYFSMXX,9628438918,APTPGLHQ,10216.45,10614.91,1,
TXN00002907,CUST006893,Evelyn,Smith,Female,London,UK,London,UK,London,UK,2024-12-30 02:12:56,Transfer,93.51,INR,Airbnb,Health & Fitness,Payment for gas & fuel,FALSE,4398160663,JKGSONYT,7276524535,NKNZLAQN,13738.9,14331.94,1,
TXN00001362,CUST000334,Joseph,Garcia,Male,Paris,France,Paris,France,Paris,France,2025-05-26 09:37:04,Purchase,110.51,AUD,McDonalds,Bills & Utilities,Payment for gas & fuel,FALSE,3412925540,KOLDETKW,6883493217,AAOXKGKT,6507.99,6131.73,1,
TXN00002195,CUST009632,James,Garcia,Male,London,UK,London,UK,London,UK,2025-01-02 20:54:55,Transfer,219.55,AUD,Walmart,Entertainment,Payment for entertainment,FALSE,9630501924,FVXJYXNL,1876334461,ZOVJRLWM,15247.91,14926.58,1,
TXN00000859,CUST005460,Isabella,Lee,Female,Mexico City,Mexico,Mexico City,Mexico,Mexico City,Mexico,2025-04-08 07:53:24,Purchase,209.86,CAD,Home Depot,Travel,Payment for travel,FALSE,7894839764,ZSIZLRJL,6281101900,XJTTSDID,8297.88,7436.94,1,
TXN00000038,CUST003027,John,Martin,Male,Paris,France,Paris,France,Paris,France,2024-07-15 17:01:18,Transfer,495.01,CAD,Whole Foods,Entertainment,Payment for bills & utilities,FALSE,6280967961,RIDOAWBM,6959343651,QUJZFXSH,6013.69,6445.25,1,
TXN00002808,CUST005700,William,Thomas,Female,Dubai,UAE,Dubai,UAE,Dubai,UAE,2025-07-31 23:55:39,Transfer,451.45,EUR,Netflix,Food & Dining,Payment for travel,FALSE,1038100838,CAXTJLFK,6133770368,CIHTFKCD,14566.51,14076.76,1,
TXN00000904,CUST008333,Emma,Davis,Male,Dubai,UAE,Dubai,UAE,Dubai,UAE,2025-09-29 14:32:28,Purchase,105.36,EUR,Starbucks,Home & Garden,Payment for travel,FALSE,9466232955,LDMNDCSE,8481433359,OJRQVMIR,10111.65,10013.07,1,
TXN00003904,CUST007117,Daniel,Williams,Female,Sydney,Australia,Sydney,Australia,Sydney,Australia,2024-02-13 16:26:51,Purchase,487.22,CAD,Best Buy,Travel,Payment for entertainment,FALSE,9373868070,DRSOPKHM,5666143204,FSVODCBW,12452.6,11924.34,1,
TXN00002978,CUST006397,Charlotte,Jones,Male,Paris,France,Paris,France,Paris,France,2025-01-10 05:59:55,Transfer,355.64,CNY,Shell Gas,Home & Garden,Payment for travel,FALSE,3680806251,GOCKUTRU,9738601148,RXLPVTVH,9773.37,10324.77,1,
TXN00003812,CUST009738,David,Martinez,Male,Tokyo,Japan,Tokyo,Japan,Tokyo,Japan,2025-01-06 08:03:26,Purchase,275.07,GBP,Home Depot,Groceries,Payment for health & fitness,FALSE,1136605421,FAAKJYWC,4869328602,WARXJLCQ,6309.91,7051.98,1,
TXN00002358,CUST004725,David,Lopez,Female,São Paulo,Brazil,São Paulo,Brazil,São Paulo,Brazil,2025-05-02 00:14:47,Purchase,208.56,CNY,Apple Store,Shopping,Payment for home & garden,FALSE,5739771438,TCBDZUJE,8886832394,BHLMBUVV,5595.31,6331.55,1,
TXN00002572,CUST008101,Emma,Lee,Female,Berlin,Germany,Berlin,Germany,Berlin,Germany,2024-09-06 15:36:39,Purchase,19.87,JPY,Home Depot,Gas & Fuel,Payment for gas & fuel,FALSE,6265883104,FKFTRODL,9894806623,MCQMPHOH,5799.78,5264.21,1,
TXN00000398,CUST000720,Michael,Hernandez,Male,New York,USA,New York,USA,New York,USA,2024-01-16 10:18:26,Transfer,208.94,CNY,Whole Foods,Bills & Utilities,Payment for home & garden,FALSE,1704851690,UNSZFDDR,9873354075,EJQDXBOV,7601.21,6899.48,1,
TXN00002413,CUST003679,Michael,Martin,Female,Berlin,Germany,Berlin,Germany,Berlin,Germany,2025-02-25 06:56:32,Transfer,362.9,GBP,Marriott Hotels,Entertainment,Payment for shopping,FALSE,6580737326,FTBWNHCN,8328430509,DYKMCRRD,11581.93,11586.29,1,
TXN00003854,CUST008584,James,Jones,Male,Mexico City,Mexico,Mexico City,Mexico,Mexico City,Mexico,2025-06-06 00:41:33,Purchase,466.09,AUD,Uber,Entertainment,Payment for home & garden,FALSE,5833877879,TCALNVMK,2003743779,PUNTWUNA,12276.35,11470.7,1,
TXN00004403,CUST001132,Sophia,Jones,Female,Berlin,Germany,Berlin,Germany,Berlin,Germany,2024-11-02 13:03:34,Purchase,419.57,GBP,Whole Foods,Gas & Fuel,Payment for home & garden,FALSE,6582211716,PMWMAUDL,5145059142,CAPERFAV,7641.04,8528.92,1,
TXN00003735,CUST004970,Thomas,Jackson,Female,Mexico City,Mexico,Mexico City,Mexico,Mexico City,Mexico,2024-12-05 12:17:05,Purchase,114.39,CHF,Shell Gas,Food & Dining,Payment for entertainment,FALSE,2773434710,JDPMTVNR,1152568512,HFDBKNVW,14125.86,14259.78,1,
TXN00002446,CUST006504,John,Miller,Male,Mumbai,India,Mumbai,India,Mumbai,India,2024-02-08 22:06:14,Purchase,268.6,EUR,Netflix,Home & Garden,Payment for electronics,FALSE,1613974724,DZYQICPN,2863995980,AODEUHHE,9948.16,10533.37,1,
TXN00004170,CUST006722,Isabella,Anderson,Female,Tokyo,Japan,Tokyo,Japan,Tokyo,Japan,2025-01-25 16:49:50,Purchase,260.24,EUR,Shell Gas,Food & Dining,Payment for bills & utilities,FALSE,6663776431,OVBESGQJ,2323363193,COCROCLK,12781.69,12722.26,1,
TXN00000135,CUST005283,Richard,Anderson,Male,São Paulo,Brazil,São Paulo,Brazil,São Paulo,Brazil,2024-08-28 01:08:06,Purchase,509.01,USD,Apple Store,Groceries,Payment for electronics,FALSE,5501504222,DXSPDNVX,2964824343,BTUXWLKI,6947.9,7070.19,1,
TXN00001426,CUST002660,Emma,Rodriguez,Female,Berlin,Germany,Berlin,Germany,Berlin,Germany,2025-02-19 12:28:53,Transfer,501.83,CNY,Shell Gas,Bills & Utilities,Payment for shopping,FALSE,1895450918,FTSLWULE,9422804351,IFTZZUUW,9990.07,9696.09,1,
TXN00003635,CUST000708,Daniel,Jackson,Female,Shanghai,China,Shanghai,China,Shanghai,China,2025-06-19 04:13:49,Purchase,494.39,USD,Shell Gas,Entertainment,Payment for travel,FALSE,9196796367,HLQDBZZJ,7766787850,MOMTHVPB,10732.05,11624.37,1,
TXN00003061,CUST004429,Isabella,Thomas,Female,São Paulo,Brazil,São Paulo,Brazil,São Paulo,Brazil,2024-05-16 20:12:55,Purchase,201.64,JPY,Airbnb,Shopping,Payment for travel,FALSE,8903510770,OFRYOEAU,8795387821,ZTFVJSMU,5543.82,6133.95,1,
TXN00004881,CUST005589,Olivia,Thomas,Male,Rome,Italy,Tokyo,Japan,São Paulo,Brazil,2024-04-25 17:27:13,Purchase,5168.7,CHF,Amazon,Health & Fitness,Payment for food & dining,FALSE,2377184263,ASIIKRUI,4138757216,NTIWWPUC,10226.54,10551.66,0,Login from different country than transaction
TXN00003583,CUST007072,Daniel,Martin,Female,Mumbai,India,Mumbai,India,Mumbai,India,2024-01-16 20:27:18,Transfer,242.82,CAD,Uber,Home & Garden,Payment for health & fitness,FALSE,7639991414,ZMSADFRS,1782771637,AZYECMWZ,7712.25,6978.27,1,
TXN00001408,CUST001340,William,Rodriguez,Male,Sydney,Australia,Sydney,Australia,Sydney,Australia,2024-03-09 07:13:07,Purchase,84.23,INR,Home Depot,Groceries,Payment for electronics,FALSE,2577447093,UUQXEMNB,7527473478,UQXRLOMR,9950.22,9164.34,1,
TXN00004572,CUST008234,Olivia,Garcia,Female,Mexico City,Mexico,Mexico City,Mexico,Mexico City,Mexico,2024-08-05 10:23:54,Purchase,372.35,EUR,Marriott Hotels,Groceries,Payment for gas & fuel,FALSE,3155222730,NLRJDGKG,9769309262,SXIDYWNA,14757.11,14522.42,1,
TXN00004087,CUST009805,James,Martin,Male,São Paulo,Brazil,São Paulo,Brazil,São Paulo,Brazil,2024-05-03 14:31:31,Purchase,315.84,JPY,Home Depot,Shopping,Payment for travel,TRUE,3109921438,AQURLSLN,1215711709,KXZLKRIK,7400.71,7154.09,1,
TXN00002187,CUST006636,Robert,Williams,Female,Toronto,Canada,Toronto,Canada,Toronto,Canada,2024-08-15 21:17:44,Purchase,151.41,CNY,Whole Foods,Gas & Fuel,Payment for home & garden,TRUE,1821283900,YVMFCBTC,5568512355,CBKAYFVH,7735.78,7775.36,1,
TXN00001988,CUST006239,William,Williams,Male,Mumbai,India,Mumbai,India,Mumbai,India,2025-10-06 02:57:00,Transfer,373.91,AUD,Uber,Shopping,Payment for travel,FALSE,7168377882,OBXJOAGW,3208857761,SILWFYNH,7160.21,8155.07,1,
TXN00002359,CUST005676,Thomas,Anderson,Male,Madrid,Spain,Madrid,Spain,Madrid,Spain,2024-11-10 22:21:47,Transfer,390.73,GBP,Marriott Hotels,Groceries,Payment for home & garden,TRUE,8272385773,OHOXUOLO,5344913168,YLIVHIWR,5701.71,5363.88,1,
TXN00003771,CUST001168,Emma,Lopez,Female,Paris,France,Paris,France,Paris,France,2025-04-01 17:12:07,Purchase,169.01,AUD,Netflix,Bills & Utilities,Payment for shopping,FALSE,9860110619,VEHYWNIA,2986844613,VBFGTXNU,7908.91,7980.28,1,
TXN00003860,CUST001599,Charlotte,Wilson,Male,Sydney,Australia,Sydney,Australia,Sydney,Australia,2025-05-05 15:54:34,Purchase,246.61,CAD,Netflix,Groceries,Payment for entertainment,TRUE,5576389197,LQWEIYDC,7517036943,LCPEGDNJ,14636.85,13655.17,1,
TXN00001572,CUST003042,David,Lopez,Female,New York,USA,New York,USA,New York,USA,2025-06-06 17:13:24,Transfer,468.04,CNY,Netflix,Electronics,Payment for shopping,FALSE,4071998267,FPVXLQOC,1565395226,KXJJBODX,6967.21,7347.97,1,
TXN00001185,CUST007263,Harper,Smith,Female,London,UK,London,UK,London,UK,2024-08-14 15:46:30,Transfer,53.5,CAD,Airbnb,Home & Garden,Payment for groceries,FALSE,9477068956,DHYERXAP,8410444901,KIGVCUFL,14519.65,14354.84,1,
TXN00000669,CUST009314,Amelia,Hernandez,Female,Paris,France,Paris,France,Paris,France,2024-10-17 03:51:03,Transfer,346.95,INR,McDonalds,Shopping,Payment for gas & fuel,FALSE,8265322735,ZDHZMWDO,1628225642,YKEKXRBI,5665.36,6282.86,1,
TXN00003585,CUST009141,Joseph,Thomas,Male,São Paulo,Brazil,São Paulo,Brazil,São Paulo,Brazil,2024-01-18 08:26:56,Purchase,467.94,CNY,Home Depot,Home & Garden,Payment for entertainment,FALSE,6432130026,AGBBGGMY,8875049837,SMJLYBGV,9796.52,9031.88,1,
TXN00004946,CUST008763,Michael,Davis,Male,Mumbai,India,Tokyo,Japan,Mumbai,India,2024-05-25 05:09:33,Transfer,1877.08,CAD,Amazon,Bills & Utilities,Payment for travel,FALSE,8965605000,OYURGVXB,6406295236,VHXUTBOQ,8640.43,9190.87,0,Login from different country than transaction
TXN00003445,CUST000807,William,Moore,Female,Shanghai,China,Shanghai,China,Shanghai,China,2025-03-05 02:15:48,Purchase,11.96,CHF,Marriott Hotels,Travel,Payment for electronics,FALSE,4836494940,BMGOKADD,5244960006,HCSARASP,12232.54,11967.74,1,
TXN00000963,CUST002344,Olivia,Miller,Female,Mumbai,India,Mumbai,India,Mumbai,India,2024-10-31 23:24:54,Purchase,182.24,CHF,Shell Gas,Groceries,Payment for food & dining,TRUE,1645315349,PIUFFGCJ,1116654956,KHKNOTUC,12473.27,13128.55,1,
TXN00000897,CUST005606,William,Moore,Male,Tokyo,Japan,Tokyo,Japan,Tokyo,Japan,2025-07-30 01:54:37,Purchase,261.6,CHF,Starbucks,Electronics,Payment for travel,FALSE,9960830251,XRIDPGJD,7026470821,BWMWPHUD,8158.55,7584.62,1,
TXN00000225,CUST007064,Ava,Hernandez,Male,Singapore,Singapore,Singapore,Singapore,Singapore,Singapore,2024-06-25 07:23:03,Purchase,27.47,GBP,Shell Gas,Bills & Utilities,Payment for groceries,FALSE,2371732418,BNXSUTLK,5119645038,AOSMQZAL,7143.42,6735.6,1,
TXN00001800,CUST006709,Amelia,Rodriguez,Female,New York,USA,New York,USA,New York,USA,2025-08-17 19:06:29,Purchase,16,GBP,Starbucks,Gas & Fuel,Payment for home & garden,FALSE,6942360150,UZOJGVMX,5483653411,IBQIJPRG,6725.22,7131.25,1,
TXN00002341,CUST008701,Richard,Garcia,Male,Rome,Italy,Rome,Italy,Rome,Italy,2025-05-24 01:14:15,Transfer,154.11,JPY,Delta Airlines,Travel,Payment for food & dining,FALSE,4493360023,RKXZINYF,9133115600,WFTZFDMY,8430.27,7722.59,1,
TXN00001815,CUST005151,Thomas,Williams,Female,Mexico City,Mexico,Mexico City,Mexico,Mexico City,Mexico,2025-06-13 22:27:28,Purchase,126.43,GBP,Airbnb,Travel,Payment for electronics,FALSE,5660813321,BPYFTQOE,8439015978,MGCIYPUW,10885.76,11401.37,1,
TXN00002423,CUST005604,Daniel,Thomas,Female,London,UK,London,UK,London,UK,2025-03-20 00:58:27,Transfer,236.07,INR,Apple Store,Groceries,Payment for shopping,FALSE,3282611190,NGDARDJZ,8414600389,IHDEMOWF,5765.6,6053.18,1,
TXN00003796,CUST002208,Harper,Moore,Male,Sydney,Australia,Sydney,Australia,Sydney,Australia,2024-02-27 11:04:35,Transfer,76.86,GBP,Apple Store,Entertainment,Payment for home & garden,FALSE,9099531732,UGJIHADS,1734116893,ZBGEIVFK,14497.07,13666.83,1,
TXN00001437,CUST007036,Amelia,Moore,Female,Tokyo,Japan,Tokyo,Japan,Tokyo,Japan,2024-01-14 03:40:23,Purchase,217.8,JPY,Walmart,Shopping,Payment for health & fitness,TRUE,4450238638,ZWIAAJHL,1940119819,CPLEULOQ,7372.55,7216.62,1,
TXN00004646,CUST009135,Olivia,Martin,Female,New York,USA,New York,USA,New York,USA,2024-10-17 01:36:24,Transfer,296.36,AUD,Target,Home & Garden,Payment for groceries,FALSE,6919629497,YLLVRAOY,8369550236,VUQRCLES,14260.35,14488.85,1,
TXN00002961,CUST001903,Sophia,Johnson,Male,London,UK,London,UK,London,UK,2025-05-20 11:07:17,Purchase,188.08,JPY,Shell Gas,Home & Garden,Payment for home & garden,FALSE,2338468087,OIHUPUAE,8537844169,RKVKRQFR,10709.46,9829.97,1,
TXN00003234,CUST003016,Ava,Jackson,Female,Toronto,Canada,Toronto,Canada,Toronto,Canada,2024-01-25 03:58:13,Purchase,166.16,USD,Target,Home & Garden,Payment for entertainment,FALSE,1902431592,DKSUWJJI,1549678230,FTXGLIZO,11340.44,11572.36,1,
TXN00004900,CUST002510,Mia,Wilson,Female,Tokyo,Japan,Berlin,Germany,Tokyo,Japan,2025-05-03 01:48:14,Purchase,1094.33,INR,McDonalds,Electronics,Payment for travel,FALSE,7379414482,MFCICQIE,6348961965,EWTFYNHV,6357.65,6136.96,0,High amount compared to usual
TXN00000774,CUST002667,James,Rodriguez,Male,Tokyo,Japan,Tokyo,Japan,Tokyo,Japan,2025-07-06 02:47:39,Transfer,213.16,USD,Walmart,Home & Garden,Payment for health & fitness,FALSE,5077444634,SVXDEJJB,9071886529,QIYLXXED,6926.63,6722.57,1,
TXN00000911,CUST000267,Ava,Davis,Male,London,UK,London,UK,London,UK,2025-03-30 09:21:07,Transfer,403.29,EUR,Marriott Hotels,Home & Garden,Payment for electronics,FALSE,7138144128,RNAQCCQT,9659054301,CIEPQMEX,8163.89,9012.42,1,
TXN00004581,CUST006428,William,Johnson,Male,Mexico City,Mexico,Mexico City,Mexico,Mexico City,Mexico,2025-07-21 21:42:36,Purchase,264.08,EUR,Target,Food & Dining,Payment for entertainment,FALSE,5442038770,RMLNMANH,9397779845,QRNCSZFK,14485.32,14634,1,
TXN00004300,CUST007472,Richard,Lee,Female,Toronto,Canada,Toronto,Canada,Toronto,Canada,2024-02-21 12:41:13,Purchase,358.11,EUR,Uber,Health & Fitness,Payment for travel,FALSE,4265826493,ECHLCBQX,3831151126,OHXFCAEX,10124.73,10209.72,1,
TXN00000451,CUST007304,John,Taylor,Male,Dubai,UAE,Dubai,UAE,Dubai,UAE,2025-03-24 05:44:14,Purchase,34.92,JPY,Amazon,Groceries,Payment for bills & utilities,FALSE,8058328771,KWSPPNKS,2836331415,YNSPOGFO,7548.78,6672.78,1,
TXN00003161,CUST009674,Isabella,Wilson,Male,Toronto,Canada,Toronto,Canada,Toronto,Canada,2025-09-22 13:03:26,Transfer,36.64,EUR,Netflix,Shopping,Payment for bills & utilities,FALSE,1017099514,EHYNPNNC,4198449270,SHOZNPCA,8962.64,8896.45,1,
TXN00002240,CUST001102,Isabella,Wilson,Female,Mexico City,Mexico,Mexico City,Mexico,Mexico City,Mexico,2025-03-08 15:05:24,Transfer,507.02,CNY,Starbucks,Groceries,Payment for food & dining,FALSE,2580638643,YQIOVZFI,9634531399,UTMQNAOH,6175.53,6879.01,1,
TXN00004058,CUST004966,John,Lopez,Female,Singapore,Singapore,Singapore,Singapore,Singapore,Singapore,2024-11-09 19:22:15,Purchase,332.79,EUR,Home Depot,Food & Dining,Payment for electronics,FALSE,1248973754,CYTERUYT,9377768027,GXCLVVMD,15107.58,14371.97,1,
TXN00000044,CUST008369,Robert,Martin,Female,Berlin,Germany,Berlin,Germany,Berlin,Germany,2024-04-09 21:13:38,Purchase,136.66,INR,Marriott Hotels,Home & Garden,Payment for shopping,FALSE,8072574123,PXCGWEHN,2686400205,ASGNEFTS,14884.01,14617.36,1,
TXN00002989,CUST001367,Olivia,Brown,Male,Singapore,Singapore,Singapore,Singapore,Singapore,Singapore,2024-02-04 23:19:47,Purchase,372.25,AUD,Walmart,Gas & Fuel,Payment for electronics,FALSE,9695843963,GROJFSZP,2661471071,VXLSYLND,7428.76,7495.31,1,
TXN00001194,CUST003377,Robert,Moore,Female,Berlin,Germany,Berlin,Germany,Berlin,Germany,2024-06-01 10:11:51,Purchase,227.56,JPY,Walmart,Entertainment,Payment for travel,FALSE,7350666855,CBSTEHMM,1684962224,SLZZUZXN,5849.29,5552.79,1,
TXN00000222,CUST000678,Sophia,Miller,Female,Shanghai,China,Shanghai,China,Shanghai,China,2024-12-08 21:37:46,Purchase,174.84,EUR,Apple Store,Gas & Fuel,Payment for groceries,FALSE,6682676213,QBHRWGKY,2307497175,DYMOZPRQ,8219.36,7700.07,1,
TXN00002250,CUST007969,Harper,Wilson,Male,Tokyo,Japan,Tokyo,Japan,Tokyo,Japan,2024-01-31 07:21:44,Transfer,373.88,CNY,Amazon,Electronics,Payment for bills & utilities,FALSE,9810761588,FCNFQIRX,2063077816,XOINASXO,12550.47,11736.2,1,
TXN00000453,CUST003503,Emma,Johnson,Female,Rome,Italy,Rome,Italy,Rome,Italy,2024-08-20 04:48:52,Purchase,495.3,CAD,Home Depot,Groceries,Payment for electronics,FALSE,9774690007,ABOZSGJO,8266623753,BZFNVVKV,6028.89,5988.99,1,
TXN00004365,CUST004342,Daniel,Anderson,Female,London,UK,London,UK,London,UK,2024-03-12 05:14:29,Purchase,99.92,GBP,Apple Store,Gas & Fuel,Payment for home & garden,FALSE,1345779046,ZNRDCIMJ,9124059135,HVXPPREC,13059.09,12703.21,1,
TXN00004703,CUST006845,Richard,Wilson,Male,Berlin,Germany,Berlin,Germany,Berlin,Germany,2024-05-28 07:08:20,Transfer,65.26,CNY,Amazon,Health & Fitness,Payment for food & dining,FALSE,8446093340,SZXCPANZ,3858502210,BSGKEDFL,7250.86,7558.17,1,
TXN00004470,CUST003796,Michael,Brown,Male,São Paulo,Brazil,São Paulo,Brazil,São Paulo,Brazil,2025-04-10 18:15:49,Transfer,100.42,CAD,Starbucks,Travel,Payment for bills & utilities,FALSE,2442432544,DCSDZJKG,2828921199,OSXSPUFE,13771.33,13634.08,1,
TXN00001813,CUST009283,Isabella,Wilson,Female,Dubai,UAE,Dubai,UAE,Dubai,UAE,2025-01-08 16:47:30,Purchase,228.75,CHF,Delta Airlines,Food & Dining,Payment for groceries,FALSE,6493084697,ZRHOFHGO,8864285565,PPRSMFIH,9125.85,8443,1,
TXN00002025,CUST008249,Mia,Johnson,Male,Toronto,Canada,Toronto,Canada,Toronto,Canada,2025-03-01 09:20:35,Purchase,221.02,JPY,Whole Foods,Bills & Utilities,Payment for bills & utilities,FALSE,4377309076,ZTTRZIKP,7740202717,UDGMWONX,9114.22,9090.55,1,
TXN00001909,CUST000968,Thomas,Williams,Male,Berlin,Germany,Berlin,Germany,Berlin,Germany,2025-07-16 15:53:25,Purchase,419.57,EUR,Uber,Entertainment,Payment for groceries,TRUE,5525090769,ZGQWOUUC,7589926214,VWQPBEVU,5747.14,5313.46,1,
TXN00002191,CUST006878,John,Lee,Female,São Paulo,Brazil,São Paulo,Brazil,São Paulo,Brazil,2024-12-23 01:21:54,Purchase,73.32,CAD,Shell Gas,Entertainment,Payment for entertainment,FALSE,3792198917,XZNBUDRG,1966230972,FVVPACLC,9766.55,9321.55,1,
TXN00003011,CUST005159,Richard,Taylor,Female,Tokyo,Japan,Tokyo,Japan,Tokyo,Japan,2024-05-21 07:09:42,Purchase,275.25,CHF,Whole Foods,Bills & Utilities,Payment for food & dining,FALSE,4728693684,MUARAETS,3967979218,RAHPWQPV,7967.08,7442.83,1,
TXN00003168,CUST008473,Mia,Lee,Female,Shanghai,China,Shanghai,China,Shanghai,China,2025-05-04 18:23:38,Purchase,304.31,CNY,Home Depot,Food & Dining,Payment for travel,FALSE,6954687532,ZAYBBFEL,5451619648,SWOQMCLE,8810.02,8567.91,1,
TXN00000450,CUST009482,Richard,Wilson,Female,Paris,France,Paris,France,Paris,France,2025-03-25 19:08:31,Transfer,427.81,USD,Target,Shopping,Payment for food & dining,FALSE,5021264447,FSWLSSOG,7373150751,IOWOFKZO,15004.99,14210.54,1,
TXN00002292,CUST007706,Charlotte,Martinez,Male,São Paulo,Brazil,São Paulo,Brazil,São Paulo,Brazil,2024-08-10 22:46:50,Transfer,438.86,USD,Netflix,Bills & Utilities,Payment for travel,FALSE,5698943032,UUQLTDRP,9896484731,EXCQCXUB,8822.79,8514.93,1,
TXN00000965,CUST005252,Amelia,Taylor,Female,Dubai,UAE,Dubai,UAE,Dubai,UAE,2024-04-12 07:04:31,Purchase,26.76,CNY,Shell Gas,Food & Dining,Payment for entertainment,FALSE,5390481591,UEXTPHOU,7244304845,FRJEZTKW,10148.08,10702.75,1,
TXN00002685,CUST002791,James,Rodriguez,Male,Berlin,Germany,Berlin,Germany,Berlin,Germany,2024-04-14 01:23:33,Transfer,329.97,AUD,Starbucks,Groceries,Payment for home & garden,FALSE,8028877902,HHRVLQFW,5601666814,ZLKPUMAQ,9457.52,10184.84,1,
TXN00001914,CUST004262,Charlotte,Johnson,Female,Paris,France,Paris,France,Paris,France,2025-02-19 23:24:27,Purchase,144.76,GBP,Airbnb,Gas & Fuel,Payment for groceries,FALSE,6074151338,SVCWVPEA,7052375152,PDGLGIEH,13521.39,13215.94,1,
TXN00004218,CUST007273,Thomas,Garcia,Male,Tokyo,Japan,Tokyo,Japan,Tokyo,Japan,2024-06-10 21:46:29,Purchase,394.59,CHF,Starbucks,Food & Dining,Payment for gas & fuel,FALSE,4013110573,NMZOLXNV,1727810204,HSVISRPG,12684.34,13426.37,1,
TXN00003028,CUST005474,Emma,Martin,Female,Toronto,Canada,Toronto,Canada,Toronto,Canada,2024-10-14 12:07:35,Purchase,152.36,EUR,Amazon,Electronics,Payment for groceries,FALSE,1774240306,XHTOWRGP,2710195693,KORZJBHU,6448.61,6265.25,1,
TXN00000519,CUST002241,Daniel,Jones,Male,Singapore,Singapore,Singapore,Singapore,Singapore,Singapore,2025-02-27 21:03:07,Transfer,13.46,INR,Amazon,Shopping,Payment for electronics,TRUE,7374894245,NFMYBQHO,7660561612,TQEASBCT,13932.05,13052.98,1,
TXN00004412,CUST001065,Emma,Martinez,Female,Tokyo,Japan,Tokyo,Japan,Tokyo,Japan,2024-11-05 14:59:56,Purchase,87.31,CAD,McDonalds,Groceries,Payment for groceries,TRUE,7614817079,VYUGGXOV,4189488902,LQHECRBC,5976.93,5527.26,1,
TXN00000435,CUST005518,Joseph,Williams,Female,Mexico City,Mexico,Mexico City,Mexico,Mexico City,Mexico,2025-05-29 14:16:06,Purchase,495.96,INR,Netflix,Bills & Utilities,Payment for travel,FALSE,8274614606,EJNDXEPB,1067373446,OJFUMZYF,8032.75,8640.1,1,
TXN00000665,CUST004458,Olivia,Martin,Female,Tokyo,Japan,Tokyo,Japan,Tokyo,Japan,2024-04-01 07:22:26,Purchase,488.66,JPY,Walmart,Home & Garden,Payment for electronics,FALSE,3623213172,SYKJWSRI,1297117907,SHHVVXTF,14930.41,14602.35,1,
TXN00003822,CUST007015,Ava,Williams,Male,Singapore,Singapore,Singapore,Singapore,Singapore,Singapore,2025-04-10 20:03:40,Purchase,304.09,EUR,Shell Gas,Home & Garden,Payment for entertainment,FALSE,2128006945,TCZNKKZR,6629921310,ATRBZJZJ,6401.14,6542.49,1,
TXN00003521,CUST003339,Ava,Smith,Female,London,UK,London,UK,London,UK,2025-05-24 00:27:19,Purchase,231.22,CAD,McDonalds,Food & Dining,Payment for shopping,FALSE,3917692387,SVHPTLSI,7434298981,XMAAUIBP,13120.29,14082.73,1,
TXN00004649,CUST004200,William,Jones,Male,New York,USA,New York,USA,New York,USA,2024-11-10 22:58:43,Purchase,262.42,CHF,Home Depot,Bills & Utilities,Payment for electronics,FALSE,5223460259,JLXEEPCN,7573897050,JGFNLTYI,5693.34,5672.83,1,
TXN00003912,CUST007389,David,Williams,Male,Dubai,UAE,Dubai,UAE,Dubai,UAE,2024-02-07 03:59:02,Transfer,142.16,AUD,Uber,Health & Fitness,Payment for food & dining,FALSE,1592844890,PSLLJCPF,5968603516,VLLPFLLQ,6050.71,6304.43,1,
TXN00002452,CUST008952,James,Johnson,Female,Tokyo,Japan,Tokyo,Japan,Tokyo,Japan,2025-09-04 20:54:12,Purchase,247.25,JPY,McDonalds,Entertainment,Payment for electronics,FALSE,4680081547,LNMKQLZR,7660837928,FKNBDCSS,11365.68,11496.05,1,
TXN00001656,CUST002883,Olivia,Miller,Male,Toronto,Canada,Toronto,Canada,Toronto,Canada,2025-08-20 06:40:59,Purchase,346.3,AUD,Target,Bills & Utilities,Payment for electronics,FALSE,3349191183,SPITBBEV,3736556654,TTTXQVDX,10264.35,10193.86,1,
TXN00000333,CUST008510,Robert,Hernandez,Male,Singapore,Singapore,Singapore,Singapore,Singapore,Singapore,2024-11-24 23:15:30,Purchase,254.05,CAD,Airbnb,Health & Fitness,Payment for gas & fuel,FALSE,4160540548,FFTITSQB,1236913810,VRTSSQLS,13466.03,12592.97,1,
TXN00003827,CUST001130,Olivia,Garcia,Male,Madrid,Spain,Madrid,Spain,Madrid,Spain,2024-01-25 14:02:17,Purchase,222.81,CNY,Home Depot,Travel,Payment for gas & fuel,FALSE,7898389001,EWYAMKSK,8057499287,TKPBCZCJ,13471.98,13024.72,1,
TXN00003504,CUST000742,Thomas,Martin,Female,Paris,France,Paris,France,Paris,France,2024-08-02 10:03:13,Purchase,455.71,CNY,Uber,Gas & Fuel,Payment for gas & fuel,TRUE,2336237511,HRHEBZIZ,8978041127,PHKHFLMB,11096.9,10108.05,1,
TXN00003489,CUST002847,James,Hernandez,Male,Madrid,Spain,Madrid,Spain,Madrid,Spain,2025-03-21 04:49:38,Purchase,368.72,INR,Delta Airlines,Health & Fitness,Payment for travel,FALSE,4220816757,FOMFAVUJ,4738828751,WXUZLJRM,6558.95,7004.7,1,
TXN00003982,CUST002610,Charlotte,Williams,Female,Rome,Italy,Rome,Italy,Rome,Italy,2024-06-10 17:08:11,Purchase,210.35,CHF,Home Depot,Electronics,Payment for bills & utilities,FALSE,3242640131,UKEXDLWX,6746084159,CTKMENAM,15293.57,14963.32,1,
TXN00003272,CUST008565,Emma,Lee,Female,Berlin,Germany,Berlin,Germany,Berlin,Germany,2024-11-21 10:20:12,Purchase,289.77,EUR,Delta Airlines,Shopping,Payment for entertainment,FALSE,2237187660,KMHQTXWL,2268595330,DVACWKVB,6419.92,6412.79,1,
TXN00004377,CUST009658,John,Garcia,Female,Madrid,Spain,Madrid,Spain,Madrid,Spain,2025-05-28 10:05:30,Purchase,318.89,GBP,Best Buy,Groceries,Payment for home & garden,FALSE,7076854573,CODPIBMZ,8658605096,IKWHLDFY,9537.8,10134.27,1,
TXN00000735,CUST004100,Michael,Lee,Female,London,UK,London,UK,London,UK,2024-07-27 08:59:48,Transfer,457.93,GBP,Netflix,Groceries,Payment for electronics,FALSE,2057018253,QGPDBPDU,2965092420,TJDCLCZG,10147.07,9507.46,1,
TXN00003076,CUST007972,John,Garcia,Male,Paris,France,Paris,France,Paris,France,2025-03-03 07:23:41,Purchase,272.3,INR,Whole Foods,Electronics,Payment for shopping,FALSE,2931559078,IMTDRZDL,9226396977,HHETEJBN,9847.98,10399.24,1,
TXN00004385,CUST004605,Robert,Lee,Male,São Paulo,Brazil,São Paulo,Brazil,São Paulo,Brazil,2025-01-10 06:21:21,Purchase,59.4,JPY,Airbnb,Electronics,Payment for travel,FALSE,2639640695,IULZVZUD,2049267050,SSRJRIPI,11548.24,12468.12,1,
TXN00003105,CUST009811,Michael,Lee,Female,Mumbai,India,Mumbai,India,Mumbai,India,2025-09-13 00:13:13,Purchase,258.81,INR,Apple Store,Gas & Fuel,Payment for food & dining,FALSE,6703131015,XUFFGODN,2324383099,NKJJWHYA,10469.42,9950.33,1,
TXN00000092,CUST006430,Michael,Jackson,Female,Madrid,Spain,Madrid,Spain,Madrid,Spain,2024-07-27 19:37:57,Transfer,205.27,CHF,Starbucks,Home & Garden,Payment for groceries,FALSE,5109029855,NKPAXMNL,8258734831,ERQZKCXS,10710.99,9981.24,1,
TXN00000313,CUST001283,Michael,Martinez,Female,New York,USA,New York,USA,New York,USA,2025-01-05 17:45:11,Purchase,348.44,CAD,Uber,Travel,Payment for bills & utilities,FALSE,6455935779,QPEGTAPS,3439923378,ZWTTEBMJ,9744.37,9693.11,1,
TXN00002090,CUST008151,Charlotte,Johnson,Female,New York,USA,New York,USA,New York,USA,2024-10-30 18:33:44,Transfer,68.77,CNY,Delta Airlines,Shopping,Payment for entertainment,FALSE,1929402820,EIQLVTIV,8593039043,OWQBIMJC,6532.85,6332.21,1,
TXN00002462,CUST000085,Emma,Taylor,Male,Mumbai,India,Mumbai,India,Mumbai,India,2024-10-13 09:37:50,Purchase,219.96,CNY,McDonalds,Travel,Payment for food & dining,FALSE,5466050180,KMKBBQBA,3113893118,FBXNQESD,10762.6,9857.67,1,
TXN00004381,CUST008112,James,Moore,Female,Mexico City,Mexico,Mexico City,Mexico,Mexico City,Mexico,2025-01-17 17:26:09,Purchase,188.08,USD,Shell Gas,Shopping,Payment for travel,FALSE,1875731307,OKAGXBAU,1934815153,BYZCTSDV,14151.68,14201.9,1,
TXN00000926,CUST004208,Richard,Miller,Female,Sydney,Australia,Sydney,Australia,Sydney,Australia,2024-01-17 03:31:04,Purchase,376.12,CAD,Shell Gas,Shopping,Payment for bills & utilities,FALSE,3116601807,LIPBNLRU,2588820739,VNMXZIJE,8987.42,8614.28,1,
TXN00004383,CUST005324,Mia,Davis,Female,Dubai,UAE,Dubai,UAE,Dubai,UAE,2025-09-09 15:54:47,Purchase,55.48,CAD,Starbucks,Groceries,Payment for groceries,FALSE,1309203465,DYCTUGRY,4835234014,FKIHZFXB,12651.16,13607.83,1,
TXN00000589,CUST009168,Thomas,Johnson,Female,São Paulo,Brazil,São Paulo,Brazil,São Paulo,Brazil,2024-10-15 23:10:12,Purchase,287.01,CNY,Apple Store,Electronics,Payment for entertainment,FALSE,6414774648,VVYEHMNT,6846244277,SOZYWWRG,12471.28,13365.9,1,
TXN00004369,CUST001950,Richard,Lee,Female,Shanghai,China,Shanghai,China,Shanghai,China,2024-05-30 22:54:59,Transfer,402.86,JPY,Uber,Groceries,Payment for bills & utilities,TRUE,3415976286,MABYDCUA,7020993224,HGQUOXNW,12018.32,11560.8,1,
TXN00002322,CUST002059,William,Lopez,Male,Sydney,Australia,Sydney,Australia,Sydney,Australia,2025-03-14 22:03:00,Purchase,509.14,CHF,Apple Store,Electronics,Payment for home & garden,FALSE,4990002268,IGLEBWMF,3061259890,DSCVEGBX,11630.37,11221.79,1,
TXN00001304,CUST002387,Daniel,Miller,Male,Sydney,Australia,Sydney,Australia,Sydney,Australia,2025-08-07 10:37:35,Purchase,63.36,CAD,Home Depot,Home & Garden,Payment for electronics,FALSE,9602852547,VSXWWWFC,2573572702,MYUKYIHZ,13238.92,13604.54,1,
TXN00002396,CUST000039,William,Rodriguez,Male,Toronto,Canada,Toronto,Canada,Toronto,Canada,2024-04-18 22:12:17,Purchase,447.32,GBP,Whole Foods,Food & Dining,Payment for travel,FALSE,8080107584,TKAHUHSI,9751966610,YLBIELID,6703.21,6932.3,1,
TXN00000725,CUST006142,John,Williams,Female,Sydney,Australia,Sydney,Australia,Sydney,Australia,2025-09-02 22:31:58,Purchase,478.39,EUR,Whole Foods,Travel,Payment for entertainment,FALSE,9142452459,VUOCSIOD,6342683570,OBBFOGBP,12379.78,13063.62,1,
TXN00003295,CUST008793,Isabella,Anderson,Male,Dubai,UAE,Dubai,UAE,Dubai,UAE,2024-02-04 01:03:24,Purchase,377.74,CHF,Apple Store,Travel,Payment for travel,FALSE,9411502833,YQMQMRPZ,4331395010,UOJGNAHB,13465.74,12831.4,1,
TXN00000838,CUST002272,David,Lopez,Female,Singapore,Singapore,Singapore,Singapore,Singapore,Singapore,2025-03-20 04:24:18,Purchase,458.53,CNY,Best Buy,Bills & Utilities,Payment for groceries,FALSE,1135944697,RJHFFAYD,6898961329,WMQGHWRS,6360.9,6841.34,1,
TXN00000950,CUST001225,Isabella,Jackson,Male,Tokyo,Japan,Tokyo,Japan,Tokyo,Japan,2025-02-22 14:47:21,Purchase,142.9,AUD,Airbnb,Bills & Utilities,Payment for food & dining,FALSE,6025931492,BGYKKPKC,4319551373,ROMZVRCJ,15295.09,14817.77,1,
TXN00003767,CUST005710,Joseph,Thomas,Female,Berlin,Germany,Berlin,Germany,Berlin,Germany,2024-09-14 12:32:14,Purchase,36.49,AUD,Uber,Gas & Fuel,Payment for shopping,FALSE,8043186731,TNBGIVRI,8645329041,YDQSCYQG,13780.56,14082.16,1,
TXN00004459,CUST006790,Michael,Lee,Female,Mexico City,Mexico,Mexico City,Mexico,Mexico City,Mexico,2024-09-04 01:48:05,Purchase,112.89,AUD,Airbnb,Home & Garden,Payment for gas & fuel,FALSE,7580510407,UOZIOBXG,5951102871,CLPEUKJA,8144.56,8616.94,1,
TXN00000219,CUST002766,Joseph,Davis,Male,Berlin,Germany,Berlin,Germany,Berlin,Germany,2024-01-11 19:08:23,Purchase,183.97,INR,Netflix,Health & Fitness,Payment for entertainment,FALSE,6633492108,WOVKGLIB,4918003752,TUGXQRJO,6808.92,6280.23,1,
TXN00001484,CUST000727,Michael,Moore,Male,Madrid,Spain,Madrid,Spain,Madrid,Spain,2024-11-27 21:58:55,Transfer,34.82,JPY,Netflix,Entertainment,Payment for groceries,FALSE,9083386108,VNCMOXNC,8681665621,PZQZXMJE,14018.71,14742.66,1,
TXN00003699,CUST007363,Daniel,Brown,Male,Berlin,Germany,Berlin,Germany,Berlin,Germany,2025-03-04 20:32:28,Purchase,179.66,CHF,Delta Airlines,Entertainment,Payment for gas & fuel,FALSE,5009150722,IFLUWXOS,4744432779,OCGENFKP,11177.74,10248.26,1,
TXN00002742,CUST002858,Olivia,Rodriguez,Female,Mexico City,Mexico,Mexico City,Mexico,Mexico City,Mexico,2024-06-07 01:06:40,Purchase,262.88,USD,Amazon,Travel,Payment for health & fitness,TRUE,7384822127,GKPISHUA,9367166242,VWWIAHJO,5024.13,5163.45,1,
TXN00002218,CUST009625,Isabella,Hernandez,Female,Rome,Italy,Rome,Italy,Rome,Italy,2024-08-18 04:28:23,Purchase,67.18,USD,Uber,Gas & Fuel,Payment for gas & fuel,FALSE,6924680343,EQKXDGLR,9033337493,QUWLMMTW,11313.89,11125.8,1,
TXN00001086,CUST000481,Daniel,Lopez,Female,Mumbai,India,Mumbai,India,Mumbai,India,2024-03-13 15:21:39,Purchase,400.4,JPY,Target,Travel,Payment for entertainment,TRUE,4837897833,BYZNBRYB,1722292004,GZKTMKWP,13151.8,12652.1,1,
TXN00001380,CUST002052,Ava,Thomas,Female,Sydney,Australia,Sydney,Australia,Sydney,Australia,2024-07-06 02:47:51,Purchase,234.99,GBP,Netflix,Health & Fitness,Payment for health & fitness,TRUE,1954757243,XCKVZFXW,4531662841,GNXKWOUS,6034.32,5989.06,1,
TXN00000818,CUST000174,Evelyn,Johnson,Male,New York,USA,New York,USA,New York,USA,2025-08-28 07:20:31,Transfer,84.06,USD,Delta Airlines,Food & Dining,Payment for groceries,FALSE,8329880764,CAAVRTMB,8115959152,XFUPXLTF,6148.92,5944.54,1,
TXN00004696,CUST006537,Michael,Lopez,Male,Rome,Italy,Rome,Italy,Rome,Italy,2024-05-17 17:50:24,Transfer,505.14,AUD,Target,Home & Garden,Payment for food & dining,TRUE,3501782177,CPUEHOMB,3772057806,TVCYEQYF,7922.51,7886.23,1,
TXN00001962,CUST003057,Mia,Hernandez,Female,Shanghai,China,Shanghai,China,Shanghai,China,2024-06-30 12:43:51,Purchase,453.97,EUR,Shell Gas,Food & Dining,Payment for entertainment,FALSE,2362484605,LCKTTDKH,3161450703,OGOJKYOY,6990.93,6127.04,1,
TXN00002384,CUST000895,Robert,Jackson,Male,Mexico City,Mexico,Mexico City,Mexico,Mexico City,Mexico,2025-04-17 14:56:59,Transfer,260.52,INR,Airbnb,Shopping,Payment for food & dining,FALSE,7362089271,NDWCVJLZ,3037285453,DMMDCVFL,14032.27,14404.87,1,
TXN00003297,CUST007125,Isabella,Garcia,Male,Madrid,Spain,Madrid,Spain,Madrid,Spain,2025-03-11 04:33:18,Purchase,338.5,EUR,Starbucks,Entertainment,Payment for food & dining,FALSE,5370787316,JZWMNSYX,6484251143,YDVIPSVC,7375.15,7863.49,1,
TXN00003537,CUST005741,Ava,Lee,Female,Berlin,Germany,Berlin,Germany,Berlin,Germany,2024-11-26 06:05:09,Purchase,299.66,CHF,Shell Gas,Food & Dining,Payment for home & garden,FALSE,6833177837,CXWXWKGF,8602590165,VPRCXVWO,6473.33,7114.97,1,
TXN00003738,CUST008487,Olivia,Johnson,Female,Sydney,Australia,Sydney,Australia,Sydney,Australia,2025-05-20 00:30:29,Transfer,55.41,USD,Marriott Hotels,Home & Garden,Payment for health & fitness,FALSE,8223054486,HEYFPRIA,1924470907,CJEMKRNY,8662.59,8196.46,1,
TXN00001367,CUST000426,David,Taylor,Female,London,UK,London,UK,London,UK,2025-09-06 16:28:12,Transfer,477.66,JPY,Best Buy,Health & Fitness,Payment for travel,FALSE,3888414355,DRLSPERY,3069380464,EVBEZBGD,8277.48,7425.44,1,
TXN00003616,CUST001273,Richard,Taylor,Male,Dubai,UAE,Dubai,UAE,Dubai,UAE,2025-04-20 02:25:06,Transfer,319.22,CHF,McDonalds,Entertainment,Payment for bills & utilities,FALSE,5687823920,YLBRNSRE,5425256477,NPWEREZR,11628.83,11013.71,1,
TXN00000826,CUST001781,Daniel,Thomas,Male,Tokyo,Japan,Tokyo,Japan,Tokyo,Japan,2025-07-18 17:51:53,Transfer,344.11,CNY,Target,Electronics,Payment for groceries,FALSE,3508217223,LWEBWYQW,6611026626,ZLTHMSJB,13683.5,13086.18,1,
TXN00004099,CUST002474,Mia,Martinez,Male,Rome,Italy,Rome,Italy,Rome,Italy,2025-07-19 23:47:40,Transfer,264.73,JPY,McDonalds,Home & Garden,Payment for gas & fuel,TRUE,3281269048,CVIRQPRI,5989212887,DKPDOZOB,7224.91,6694.27,1,
TXN00004668,CUST003424,Robert,Anderson,Female,Dubai,UAE,Dubai,UAE,Dubai,UAE,2024-12-19 12:43:02,Purchase,83.39,EUR,Whole Foods,Bills & Utilities,Payment for home & garden,TRUE,5467335421,QGIAGKTI,7495480019,IHGFYXWC,15763.87,14908.63,1,
TXN00003559,CUST004111,Amelia,Jones,Male,Sydney,Australia,Sydney,Australia,Sydney,Australia,2024-08-13 01:53:54,Transfer,134.97,USD,Walmart,Health & Fitness,Payment for bills & utilities,FALSE,6943560756,VPKATIIP,1476784976,HHKNSXDY,12140.58,11787.21,1,
TXN00002085,CUST004510,Thomas,Martinez,Female,Madrid,Spain,Madrid,Spain,Madrid,Spain,2025-05-07 15:52:57,Purchase,296.35,JPY,Marriott Hotels,Entertainment,Payment for groceries,FALSE,9901432806,VUELXWQI,6963054114,MNRKLPDS,7218.02,8081.22,1,
TXN00003205,CUST006796,Evelyn,Hernandez,Female,Toronto,Canada,Toronto,Canada,Toronto,Canada,2024-03-24 00:23:45,Purchase,476.48,GBP,Target,Gas & Fuel,Payment for entertainment,TRUE,8341391294,CWTIDITM,5057260372,POTYTVUT,15184.36,14870.34,1,
TXN00000559,CUST005587,Evelyn,Martin,Female,Mumbai,India,Mumbai,India,Mumbai,India,2025-10-01 19:35:36,Purchase,342.99,CAD,Marriott Hotels,Food & Dining,Payment for health & fitness,FALSE,5305130062,OWYRXRUD,9360288917,TJAYQPLW,6829.61,7074.46,1,
TXN00000216,CUST004739,Michael,Smith,Male,Sydney,Australia,Sydney,Australia,Sydney,Australia,2025-04-05 11:40:46,Purchase,103.93,CAD,Marriott Hotels,Entertainment,Payment for food & dining,FALSE,3028822138,YORNYTSW,4210490705,TASGIIYD,12849.22,12649.95,1,
TXN00003547,CUST001934,Olivia,Garcia,Male,São Paulo,Brazil,São Paulo,Brazil,São Paulo,Brazil,2025-06-24 14:20:27,Purchase,462.06,CAD,Marriott Hotels,Shopping,Payment for food & dining,FALSE,6833823179,IQGQFSXV,8929705089,VIGJKBCA,15514.24,14867.72,1,
TXN00002204,CUST004087,Richard,Martinez,Female,Mexico City,Mexico,Mexico City,Mexico,Mexico City,Mexico,2024-08-21 03:13:08,Purchase,79.43,INR,Amazon,Gas & Fuel,Payment for shopping,FALSE,6495392447,UFYCSHLJ,7312148255,OAGKYKTL,12268.19,12828.91,1,
TXN00004856,CUST003383,David,Jackson,Female,Shanghai,China,Shanghai,China,Shanghai,China,2024-12-02 17:24:05,Purchase,3906.8,GBP,Airbnb,Shopping,Payment for electronics,FALSE,9547709850,YNSHNSJD,2197543450,NCRXOQON,9949.27,8997.81,0,High amount compared to usual
TXN00001030,CUST000028,Evelyn,Thomas,Female,Rome,Italy,Rome,Italy,Rome,Italy,2025-02-15 06:42:30,Transfer,429.67,JPY,Starbucks,Groceries,Payment for travel,FALSE,1062514365,LCAAULJM,3161619155,XVDXSECG,12765.19,12533.93,1,
TXN00004325,CUST000122,Daniel,Anderson,Female,Dubai,UAE,Dubai,UAE,Dubai,UAE,2025-05-30 03:29:45,Transfer,42.98,CHF,Target,Shopping,Payment for gas & fuel,FALSE,7585083808,OBFQTHAS,4202500576,JWUNGMQI,13121.49,13901.32,1,
TXN00000131,CUST005025,Michael,Martin,Female,Mexico City,Mexico,Mexico City,Mexico,Mexico City,Mexico,2025-01-02 07:58:45,Purchase,371.13,AUD,Apple Store,Electronics,Payment for gas & fuel,FALSE,7010333435,FPCNPTQQ,5970594320,PFCFANYV,5350.35,5329.86,1,
TXN00002133,CUST001012,Thomas,Lee,Male,Berlin,Germany,Berlin,Germany,Berlin,Germany,2024-07-20 02:05:43,Transfer,277.01,INR,Home Depot,Food & Dining,Payment for bills & utilities,FALSE,3645250515,NVSZPBTM,7484127091,FXSJZLQL,11942.18,12542.79,1,
TXN00000144,CUST009319,Richard,Lee,Female,Madrid,Spain,Madrid,Spain,Madrid,Spain,2024-04-19 12:03:19,Transfer,98.85,EUR,Walmart,Health & Fitness,Payment for home & garden,FALSE,5856386890,LYZVVPGK,6005593905,OJPQMFRM,5063.66,5460.09,1,
TXN00002951,CUST004087,James,Rodriguez,Female,Toronto,Canada,Toronto,Canada,Toronto,Canada,2025-08-04 20:29:04,Purchase,176.15,AUD,Delta Airlines,Gas & Fuel,Payment for gas & fuel,TRUE,6797223821,DAGITKBM,2043142675,NSJFEKVS,8158.71,7287.49,1,
TXN00003242,CUST009547,Joseph,Brown,Male,Shanghai,China,Shanghai,China,Shanghai,China,2025-02-04 21:51:55,Transfer,337.47,USD,Netflix,Electronics,Payment for bills & utilities,TRUE,9502860842,HZOGYBXP,6142270937,HWTNQKMY,6786.1,6830.74,1,
TXN00001828,CUST009022,Charlotte,Lee,Male,São Paulo,Brazil,São Paulo,Brazil,São Paulo,Brazil,2025-07-11 03:44:38,Purchase,232.18,CHF,Starbucks,Electronics,Payment for groceries,FALSE,8018659656,PKCUBJIY,7527540908,RARXEGUD,6763.56,6010.57,1,
TXN00002373,CUST006167,James,Lee,Female,Singapore,Singapore,Singapore,Singapore,Singapore,Singapore,2025-09-30 06:20:21,Purchase,361.86,USD,Target,Bills & Utilities,Payment for food & dining,FALSE,1018058321,RGQSULHH,6653104885,LIMRDZQI,7266.05,7355.11,1,
TXN00004132,CUST003329,David,Brown,Female,Paris,France,Paris,France,Paris,France,2025-08-23 12:35:52,Purchase,177.87,AUD,Home Depot,Shopping,Payment for entertainment,FALSE,1607984960,HJQXTKEO,5815161898,FEAWYITV,12662,11746.37,1,
TXN00003397,CUST006429,Ava,Johnson,Female,Berlin,Germany,Berlin,Germany,Berlin,Germany,2024-08-14 18:07:45,Purchase,215.08,INR,Marriott Hotels,Electronics,Payment for food & dining,FALSE,1587039015,LTHKFBLP,2525343034,JBEYAHNR,15089.43,14479.96,1,
TXN00002855,CUST006149,Harper,Hernandez,Male,Berlin,Germany,Berlin,Germany,Berlin,Germany,2025-04-20 23:45:08,Purchase,52.33,CNY,Home Depot,Food & Dining,Payment for gas & fuel,FALSE,2040490323,LDMFOZGS,9146291583,XVCKHQZH,14057.28,13150.94,1,
TXN00003005,CUST004503,Amelia,Johnson,Female,Dubai,UAE,Dubai,UAE,Dubai,UAE,2024-07-22 15:55:38,Purchase,409.1,GBP,Netflix,Entertainment,Payment for gas & fuel,FALSE,6649878052,DYTTZIJV,6006301530,CEELLMTF,6066.04,5879.26,1,
TXN00002475,CUST003131,Mia,Williams,Female,Mexico City,Mexico,Mexico City,Mexico,Mexico City,Mexico,2025-01-26 00:26:32,Purchase,222.85,USD,Starbucks,Shopping,Payment for shopping,FALSE,6757836355,EBPJRRRI,5754362972,HOUXNWVS,7975,8515.95,1,
TXN00001359,CUST002123,John,Rodriguez,Female,Shanghai,China,Shanghai,China,Shanghai,China,2025-05-03 00:12:32,Purchase,285.63,INR,Walmart,Electronics,Payment for entertainment,FALSE,7398474414,RPAAFYXM,4115530351,RKGKHLQO,8679.48,9534.28,1,
TXN00004747,CUST002437,John,Martin,Male,Rome,Italy,Rome,Italy,Rome,Italy,2024-08-26 14:41:16,Purchase,77.41,CHF,Netflix,Home & Garden,Payment for electronics,FALSE,5487544790,LDJNFZTS,1638946599,WFZZHJQU,4775.31,5435.32,1,
TXN00003594,CUST006472,Emma,Thomas,Male,Paris,France,Paris,France,Paris,France,2025-08-18 12:44:30,Purchase,222.92,CAD,Starbucks,Home & Garden,Payment for shopping,FALSE,4621802701,TXZZUXOJ,7684477288,BODTKLYQ,14780.61,14483.03,1,
TXN00003424,CUST000840,Amelia,Taylor,Male,Tokyo,Japan,Tokyo,Japan,Tokyo,Japan,2025-03-23 02:33:38,Transfer,173.67,JPY,Starbucks,Health & Fitness,Payment for shopping,FALSE,4302125289,CQWNHMDU,2524919256,HDSELJXF,10274.42,10550.54,1,
TXN00003732,CUST004967,John,Jones,Female,Shanghai,China,Shanghai,China,Shanghai,China,2024-01-10 15:00:05,Purchase,368.27,CHF,Amazon,Health & Fitness,Payment for bills & utilities,FALSE,1819843160,PLFKEENI,1083487368,VGLLLCIF,5872.35,6021.16,1,
TXN00000894,CUST004828,Mia,Hernandez,Female,Shanghai,China,Shanghai,China,Shanghai,China,2025-05-27 16:20:52,Purchase,508.05,JPY,Uber,Bills & Utilities,Payment for gas & fuel,FALSE,6989098808,FKIMXXMD,5851649209,TKULTFPO,8551.71,8965.67,1,
TXN00001995,CUST006761,Mia,Hernandez,Male,São Paulo,Brazil,São Paulo,Brazil,São Paulo,Brazil,2024-05-28 04:42:57,Purchase,261.58,USD,Whole Foods,Food & Dining,Payment for travel,FALSE,5717179008,ULVBMXQF,1044082195,XHXPGHPE,5438.21,5246.3,1,
TXN00001805,CUST001974,James,Garcia,Male,São Paulo,Brazil,São Paulo,Brazil,São Paulo,Brazil,2024-10-22 11:27:37,Purchase,250.52,AUD,McDonalds,Entertainment,Payment for health & fitness,FALSE,9381980345,OFTZHXDM,4579628113,OIWYOYQH,8413.93,8125.18,1,
TXN00001872,CUST000797,James,Thomas,Male,Mumbai,India,Mumbai,India,Mumbai,India,2024-12-14 21:21:06,Transfer,92.75,INR,Apple Store,Bills & Utilities,Payment for gas & fuel,FALSE,6889544405,KHSPLPOY,5245107645,XMUNNYDA,7504.41,7516.46,1,
TXN00003113,CUST008119,John,Smith,Female,Mumbai,India,Mumbai,India,Mumbai,India,2024-06-19 21:49:00,Purchase,194.32,INR,Shell Gas,Bills & Utilities,Payment for shopping,FALSE,5085146775,JUUZAVPS,7583583491,DGGHQJKP,12567.88,13200.27,1,
TXN00002277,CUST002914,Mia,Jackson,Female,Paris,France,Paris,France,Paris,France,2024-10-24 03:19:25,Transfer,324.73,AUD,Delta Airlines,Travel,Payment for entertainment,FALSE,2745434528,FMGMJQMM,4697937357,UHXNBBLJ,13057.13,13506.57,1,
TXN00003159,CUST001198,Olivia,Smith,Male,Toronto,Canada,Toronto,Canada,Toronto,Canada,2024-09-16 23:49:57,Purchase,245.67,AUD,Amazon,Electronics,Payment for shopping,TRUE,2413563645,RALOKVFY,3094579851,FVIBFURS,8359.01,8565.72,1,
TXN00003214,CUST006386,Evelyn,Miller,Male,Toronto,Canada,Toronto,Canada,Toronto,Canada,2024-01-11 07:47:57,Purchase,119.4,AUD,McDonalds,Home & Garden,Payment for electronics,TRUE,8673619794,VPJAIUEK,2913852027,QPCQCJLJ,6622.81,5932.8,1,
TXN00002420,CUST003741,Emma,Hernandez,Male,London,UK,London,UK,London,UK,2025-08-10 09:20:23,Purchase,427.51,AUD,McDonalds,Shopping,Payment for entertainment,FALSE,4582173096,IUODZVYR,5931383756,HFQIWOEG,13624.65,14182.75,1,
TXN00001895,CUST005769,Amelia,Taylor,Female,Sydney,Australia,Sydney,Australia,Sydney,Australia,2024-04-18 11:35:07,Transfer,485.12,CAD,Amazon,Gas & Fuel,Payment for food & dining,FALSE,9289946704,WZJODBGZ,6277724943,LWVDOPYD,13448.23,13360.8,1,
TXN00001372,CUST001280,Richard,Martin,Male,New York,USA,New York,USA,New York,USA,2024-05-13 22:30:57,Purchase,228.09,JPY,Delta Airlines,Electronics,Payment for food & dining,FALSE,7235970326,PLNVHYJW,4980743589,IYNVWYES,12700.9,12971.18,1,
TXN00004608,CUST003276,Isabella,Jackson,Male,Paris,France,Paris,France,Paris,France,2024-10-26 21:19:00,Purchase,11.12,CHF,Apple Store,Entertainment,Payment for home & garden,FALSE,7209658341,MHQUCVHV,3915828103,MXZQFUXP,14904.45,14919.02,1,
TXN00002474,CUST001999,Charlotte,Johnson,Female,Rome,Italy,Rome,Italy,Rome,Italy,2024-03-24 10:51:15,Purchase,87.67,USD,Starbucks,Gas & Fuel,Payment for shopping,FALSE,4312147228,ITUWVWAU,4798546207,KQLIBCDV,6218.44,7022.76,1,
TXN00003786,CUST001191,Charlotte,Brown,Male,Tokyo,Japan,Tokyo,Japan,Tokyo,Japan,2025-07-29 16:59:45,Purchase,211.25,CNY,Amazon,Electronics,Payment for groceries,FALSE,9728991397,HMUMNPFH,7736640202,XNFXEOMG,12659.49,13436.09,1,
TXN00000834,CUST004134,Robert,Hernandez,Male,Berlin,Germany,Berlin,Germany,Berlin,Germany,2025-05-19 08:03:39,Purchase,324.47,CHF,Starbucks,Food & Dining,Payment for shopping,FALSE,8508756228,GGIUARJN,7439787247,OATXINTM,14258.24,14339.02,1,
TXN00002063,CUST007945,Emma,Garcia,Female,Toronto,Canada,Toronto,Canada,Toronto,Canada,2024-03-16 06:44:26,Purchase,123.64,AUD,Home Depot,Electronics,Payment for groceries,FALSE,5638037186,WDITMPJS,7031130702,PGFVRKUK,9861.9,9479.78,1,
TXN00000573,CUST002081,Thomas,Davis,Male,Mexico City,Mexico,Mexico City,Mexico,Mexico City,Mexico,2024-11-21 10:16:59,Purchase,498.19,CHF,Shell Gas,Home & Garden,Payment for travel,TRUE,6641360283,IRCRDJQM,3552373561,UXJUGZSD,6048.71,6283.53,1,
TXN00003980,CUST005059,Sophia,Williams,Male,Sydney,Australia,Sydney,Australia,Sydney,Australia,2024-02-04 16:51:42,Purchase,273.6,AUD,Netflix,Home & Garden,Payment for home & garden,TRUE,7432160138,BFCLNFKR,3970566333,ONYSYBGO,5167.41,5881.48,1,
TXN00003960,CUST008510,David,Rodriguez,Female,Madrid,Spain,Madrid,Spain,Madrid,Spain,2024-09-14 21:19:28,Transfer,470.11,CAD,Target,Home & Garden,Payment for gas & fuel,TRUE,9560699701,XLADFHXY,8183271018,HGMLYDIG,7225.66,7398.31,1,
TXN00004599,CUST006678,Evelyn,Thomas,Female,Toronto,Canada,Toronto,Canada,Toronto,Canada,2024-01-07 00:19:07,Purchase,379.56,AUD,Netflix,Health & Fitness,Payment for home & garden,FALSE,8881267417,NZDVQQJL,5752773080,TVIOFPPD,12866.52,12913.97,1,
TXN00003130,CUST007452,Mia,Martinez,Female,Sydney,Australia,Sydney,Australia,Sydney,Australia,2025-05-08 01:56:03,Transfer,396.83,CNY,Shell Gas,Groceries,Payment for groceries,FALSE,9447386036,HNZBNGQD,1772550851,MVLFECNH,8543.44,8190.54,1,
TXN00000391,CUST008069,William,Lee,Male,Mumbai,India,Mumbai,India,Mumbai,India,2025-05-03 02:21:16,Transfer,257.5,GBP,Shell Gas,Gas & Fuel,Payment for health & fitness,FALSE,1472903252,VETLVBSK,3070273645,YCJTCYQB,6300.35,5688.76,1,
TXN00002711,CUST007059,Richard,Martin,Female,Singapore,Singapore,Singapore,Singapore,Singapore,Singapore,2024-04-28 01:14:46,Purchase,301.19,CNY,McDonalds,Gas & Fuel,Payment for entertainment,FALSE,7347495120,HKIRBQIN,5439569458,HKKNPAWU,9943.08,10397.63,1,
TXN00004120,CUST004222,Olivia,Taylor,Male,Mexico City,Mexico,Mexico City,Mexico,Mexico City,Mexico,2025-02-15 11:21:15,Purchase,301.7,CHF,Marriott Hotels,Groceries,Payment for entertainment,FALSE,3918893929,XSTHAIHS,4705651568,SUXYCJNN,9970.19,10911.25,1,
TXN00003394,CUST001977,James,Hernandez,Male,São Paulo,Brazil,São Paulo,Brazil,São Paulo,Brazil,2024-10-06 22:54:27,Transfer,478.82,GBP,Whole Foods,Bills & Utilities,Payment for gas & fuel,FALSE,5825046493,BTUEMNWW,5362843672,RRKDPXQC,13737.86,13383.9,1,
TXN00001567,CUST000815,Thomas,Smith,Female,Berlin,Germany,Berlin,Germany,Berlin,Germany,2024-03-19 22:48:45,Purchase,248.28,INR,Marriott Hotels,Gas & Fuel,Payment for gas & fuel,TRUE,8467446156,WJSILTEB,1638180343,SPVNLXEO,8145.29,8334.75,1,
TXN00000045,CUST004488,Emma,Martin,Male,São Paulo,Brazil,São Paulo,Brazil,São Paulo,Brazil,2024-09-14 23:44:19,Transfer,488.4,CHF,Walmart,Gas & Fuel,Payment for electronics,FALSE,6013919419,ZJPWWAUI,4122345410,YXJUCUSU,10286.6,9863.73,1,
TXN00003850,CUST009539,Joseph,Wilson,Male,Sydney,Australia,Sydney,Australia,Sydney,Australia,2025-06-25 17:24:22,Purchase,459.81,CNY,Netflix,Electronics,Payment for entertainment,FALSE,1007661156,UOOWKIVW,5963387677,VPXYJCSZ,4170.02,5135.56,1,
TXN00001255,CUST007183,Mia,Martin,Male,London,UK,London,UK,London,UK,2024-12-06 11:30:14,Purchase,423.3,CNY,Target,Electronics,Payment for shopping,TRUE,2569646717,KOAUOAOD,1832749440,BJMSUARH,14207.6,14220.48,1,
TXN00001366,CUST001952,Amelia,Williams,Female,Tokyo,Japan,Tokyo,Japan,Tokyo,Japan,2024-09-15 16:45:33,Purchase,329.7,EUR,Amazon,Health & Fitness,Payment for home & garden,FALSE,1678518223,TYARYTRX,5329330202,FJYDXRXA,10420.51,11305.32,1,
TXN00000088,CUST009508,Charlotte,Jackson,Male,Singapore,Singapore,Singapore,Singapore,Singapore,Singapore,2025-03-19 12:55:23,Purchase,289.8,CAD,Home Depot,Food & Dining,Payment for entertainment,FALSE,5654923113,EWWPNMQR,2213605343,BQVJMMCE,8267.62,8419.37,1,
TXN00003870,CUST003105,Joseph,Martinez,Female,London,UK,London,UK,London,UK,2024-07-15 19:52:49,Purchase,64.55,GBP,Delta Airlines,Food & Dining,Payment for travel,FALSE,2293286263,IICNRTTT,2547236908,YCPPQOKN,11388.58,11435.49,1,
TXN00004229,CUST004784,Harper,Hernandez,Male,Rome,Italy,Rome,Italy,Rome,Italy,2024-11-11 22:05:05,Purchase,403.37,USD,Airbnb,Groceries,Payment for groceries,FALSE,4571692265,VSOQXLDN,2533859360,PPWRGNWX,5884.75,5204.95,1,
TXN00003465,CUST009190,Daniel,Thomas,Male,Toronto,Canada,Toronto,Canada,Toronto,Canada,2024-05-03 04:10:59,Purchase,506.74,CNY,McDonalds,Travel,Payment for food & dining,FALSE,8909157215,VPZGYYRZ,7319011819,KBVHMEEO,14032.28,13695.51,1,
TXN00001798,CUST008092,Olivia,Jackson,Female,Madrid,Spain,Madrid,Spain,Madrid,Spain,2024-08-01 23:59:21,Purchase,256.14,CHF,Uber,Gas & Fuel,Payment for shopping,FALSE,8618976568,JSXBRVYR,8566770780,LYELWGDO,10227.84,9457.59,1,
TXN00002246,CUST001371,Robert,Lopez,Male,Rome,Italy,Rome,Italy,Rome,Italy,2024-09-22 02:16:50,Transfer,395.03,INR,Shell Gas,Travel,Payment for food & dining,FALSE,1435866930,UFEEUHWG,8627542879,XQEDOFWD,10199.29,10660.44,1,
TXN00001684,CUST002093,David,Lopez,Female,Madrid,Spain,Madrid,Spain,Madrid,Spain,2025-04-29 21:25:18,Purchase,130.45,GBP,McDonalds,Bills & Utilities,Payment for health & fitness,FALSE,6438203997,SMPZQCDG,8366159797,JYVRISOT,8109.84,8852.37,1,
TXN00004722,CUST006232,Amelia,Lee,Male,Mumbai,India,Mumbai,India,Mumbai,India,2024-12-07 19:49:20,Transfer,25.64,CHF,Whole Foods,Groceries,Payment for gas & fuel,FALSE,6708256657,JNKTZWVB,1301158229,YXUHTNSW,10649.88,10249.28,1,
TXN00000172,CUST000733,David,Davis,Female,Dubai,UAE,Dubai,UAE,Dubai,UAE,2025-04-29 04:49:36,Purchase,399.76,AUD,Walmart,Groceries,Payment for gas & fuel,FALSE,9968472824,CFDTZEHG,8345078805,CGHACDWW,5424.3,5144.79,1,
TXN00002478,CUST000091,Olivia,Taylor,Male,Rome,Italy,Rome,Italy,Rome,Italy,2025-04-24 04:44:53,Purchase,65.13,INR,McDonalds,Electronics,Payment for groceries,FALSE,3317254578,GKKXFKWY,5990589600,JYEBJAMX,12205.2,12062.78,1,
TXN00001229,CUST007009,William,Anderson,Female,Sydney,Australia,Sydney,Australia,Sydney,Australia,2025-09-12 09:07:31,Transfer,42.06,CNY,Home Depot,Home & Garden,Payment for home & garden,FALSE,2916786704,OABHTDPA,5726551298,KYNREAYX,6722.41,6826.89,1,
TXN00002318,CUST002419,James,Jackson,Male,Singapore,Singapore,Singapore,Singapore,Singapore,Singapore,2024-04-19 19:24:35,Purchase,353.4,JPY,McDonalds,Food & Dining,Payment for bills & utilities,FALSE,2188328713,NZOAHXDH,4658571776,APGXANCQ,14073.04,13240.77,1,
TXN00000059,CUST006931,Joseph,Anderson,Female,Paris,France,Paris,France,Paris,France,2024-10-17 10:17:47,Purchase,36.79,INR,Starbucks,Groceries,Payment for food & dining,FALSE,6434736237,JHTQKNUJ,4785933713,ZJEYHGVD,7085.04,7248.76,1,
TXN00003869,CUST003984,David,Brown,Female,Mumbai,India,Mumbai,India,Mumbai,India,2024-01-26 07:30:00,Purchase,70.71,CNY,Airbnb,Entertainment,Payment for groceries,FALSE,3763640679,CTPTXLIZ,6949196483,JRUSROZU,13828.23,14290.55,1,
TXN00004627,CUST006220,Richard,Smith,Female,New York,USA,New York,USA,New York,USA,2025-05-27 15:29:16,Purchase,170.29,CAD,Airbnb,Home & Garden,Payment for food & dining,FALSE,6956949489,MMKFFGZJ,1428075928,ATWZNAYC,14104.24,13211.96,1,
TXN00004974,CUST007187,Daniel,Jones,Female,Tokyo,Japan,Mexico City,Mexico,São Paulo,Brazil,2024-04-03 07:50:56,Purchase,766.18,CNY,Airbnb,Gas & Fuel,Payment for health & fitness,FALSE,6459860545,UPVBYENP,4078635532,NQZCHWAV,7557.61,7679,0,Unusual location pattern
TXN00001868,CUST005299,Joseph,Thomas,Male,Rome,Italy,Rome,Italy,Rome,Italy,2025-04-20 01:58:03,Purchase,101.83,USD,Whole Foods,Groceries,Payment for home & garden,FALSE,6436400044,XUCLPNCT,9788813965,DHXDFTRV,10206.12,11107.95,1,
TXN00001881,CUST005214,Charlotte,Brown,Female,Toronto,Canada,Toronto,Canada,Toronto,Canada,2025-03-22 09:27:49,Purchase,94.9,CNY,Target,Home & Garden,Payment for groceries,FALSE,2896721037,QXWBJVCK,6851837463,AFSXLFCL,6273.4,5485.35,1,
TXN00001781,CUST006276,James,Hernandez,Female,Tokyo,Japan,Tokyo,Japan,Tokyo,Japan,2024-06-21 00:19:31,Transfer,266.69,USD,Uber,Travel,Payment for food & dining,FALSE,8330360280,DMCXBNMN,5384961678,AVERYMBK,9340.82,9609.78,1,
TXN00000314,CUST000602,Olivia,Anderson,Female,Singapore,Singapore,Singapore,Singapore,Singapore,Singapore,2024-11-14 18:57:18,Transfer,246.97,JPY,Target,Home & Garden,Payment for home & garden,FALSE,5729991083,YTOMNNQG,4507456633,KWZDYHOF,9196.98,8716.29,1,
TXN00003125,CUST008859,Ava,Jackson,Male,Sydney,Australia,Sydney,Australia,Sydney,Australia,2025-05-01 02:35:01,Transfer,167.34,CAD,Target,Food & Dining,Payment for entertainment,TRUE,4732583644,IKODMXKD,2030620933,PXTGAEDM,14920.99,14122.73,1,
TXN00002464,CUST005729,Mia,Miller,Female,Toronto,Canada,Toronto,Canada,Toronto,Canada,2025-01-09 02:47:30,Purchase,27.41,JPY,Shell Gas,Food & Dining,Payment for electronics,FALSE,4055890290,AZKCZXDC,8519030006,UIJLQIOI,9645.09,10115.45,1,
TXN00003978,CUST008759,Daniel,Thomas,Female,London,UK,London,UK,London,UK,2024-08-20 07:43:21,Purchase,189.55,CHF,Home Depot,Gas & Fuel,Payment for food & dining,FALSE,1148576139,ULNMPNKH,5351971378,FDHAJXTY,8679.99,8114.67,1,
TXN00004376,CUST006376,Thomas,Jackson,Male,London,UK,London,UK,London,UK,2025-02-04 23:37:07,Purchase,56.95,USD,Shell Gas,Health & Fitness,Payment for gas & fuel,FALSE,6064612785,TMNRFFTA,3273286928,URHLGOGK,7166.45,6643.64,1,
TXN00004053,CUST003973,David,Hernandez,Male,Mexico City,Mexico,Mexico City,Mexico,Mexico City,Mexico,2025-03-22 05:00:45,Transfer,32.6,EUR,Apple Store,Bills & Utilities,Payment for home & garden,FALSE,4041806037,JJMVAIKK,9898969729,JPSCHVJN,14901.47,13915.67,1,
TXN00003830,CUST008996,Mia,Lee,Female,London,UK,London,UK,London,UK,2024-10-23 19:57:01,Purchase,135.23,INR,Airbnb,Bills & Utilities,Payment for travel,FALSE,7404443621,BRHGEEFU,7122670276,GBZJASMN,8121.83,8122.66,1,
TXN00003684,CUST009776,Daniel,Lee,Female,Berlin,Germany,Berlin,Germany,Berlin,Germany,2024-06-10 12:53:48,Transfer,496.02,INR,Home Depot,Bills & Utilities,Payment for entertainment,FALSE,7973574519,HNNIBRBH,6827213879,BREVEGMD,7118,6657.3,1,
TXN00000770,CUST005880,Joseph,Thomas,Male,Shanghai,China,Shanghai,China,Shanghai,China,2024-11-02 18:52:20,Purchase,144.36,CNY,Apple Store,Food & Dining,Payment for health & fitness,TRUE,3255210407,BCHCXEWK,6620300096,UCWBKRBC,7622.37,7891.61,1,
TXN00003526,CUST005630,Robert,Rodriguez,Female,Berlin,Germany,Berlin,Germany,Berlin,Germany,2025-09-14 22:13:49,Purchase,118.25,JPY,Netflix,Bills & Utilities,Payment for travel,FALSE,4573526211,PSEJLPXL,6973816060,VILKPQYA,5079.96,5308.72,1,
TXN00003145,CUST007311,Robert,Taylor,Male,Paris,France,Paris,France,Paris,France,2024-06-10 12:05:01,Purchase,24.55,GBP,Airbnb,Shopping,Payment for travel,FALSE,2625684925,NCUCTOFP,5959744711,LEYIDJJH,13119.67,12770.32,1,
TXN00003209,CUST008893,Joseph,Hernandez,Male,Tokyo,Japan,Tokyo,Japan,Tokyo,Japan,2025-07-26 01:57:54,Purchase,262.7,EUR,Netflix,Groceries,Payment for entertainment,FALSE,5574140803,KHROTKYB,1109580022,SSECWCLP,12939.61,13741.53,1,
TXN00000039,CUST001293,David,Garcia,Male,Mumbai,India,Mumbai,India,Mumbai,India,2024-08-12 17:58:52,Purchase,301.16,AUD,Home Depot,Gas & Fuel,Payment for electronics,FALSE,7534666961,GPEGQYAN,7998550936,LAIUZOVJ,13335.46,12519.43,1,
TXN00000047,CUST002106,Thomas,Anderson,Female,Rome,Italy,Rome,Italy,Rome,Italy,2024-01-24 03:59:11,Purchase,312.28,CNY,Delta Airlines,Home & Garden,Payment for electronics,FALSE,4747662901,YYGAZYPN,1932060142,TTBMRUVL,11839.54,12239.33,1,
TXN00000659,CUST009667,William,Smith,Female,Berlin,Germany,Berlin,Germany,Berlin,Germany,2025-03-30 17:48:25,Transfer,335.35,AUD,Target,Shopping,Payment for travel,FALSE,2554398743,IEDTVQWX,1910203532,TXJQGMDW,12522.42,12259.9,1,
TXN00000522,CUST001791,Amelia,Smith,Male,Singapore,Singapore,Singapore,Singapore,Singapore,Singapore,2025-07-01 09:16:44,Purchase,357.17,INR,Marriott Hotels,Entertainment,Payment for gas & fuel,TRUE,1131780706,DUTTWLAH,5158574354,JTONEOPU,9587.09,8810.91,1,
TXN00000713,CUST001656,John,Brown,Female,Mumbai,India,Mumbai,India,Mumbai,India,2025-05-02 11:33:28,Purchase,406.69,EUR,Uber,Bills & Utilities,Payment for gas & fuel,FALSE,1329826793,AXHDSDET,2372891570,SAGPJEBX,11018.43,11328.95,1,
TXN00000511,CUST009260,William,Johnson,Female,Tokyo,Japan,Tokyo,Japan,Tokyo,Japan,2024-01-29 00:47:18,Purchase,392.5,CHF,Uber,Shopping,Payment for health & fitness,FALSE,9663726241,PAXSFYKH,4589465432,EISNZAZJ,12706.31,12360.58,1,
TXN00004461,CUST000004,Joseph,Jones,Female,Paris,France,Paris,France,Paris,France,2025-03-12 15:23:35,Transfer,433.62,EUR,Best Buy,Food & Dining,Payment for shopping,FALSE,9629375575,VEWGWMDM,9089803889,EOAEJNXF,11022.94,11131.14,1,
TXN00000874,CUST005998,John,Jackson,Female,Mumbai,India,Mumbai,India,Mumbai,India,2025-06-26 23:58:57,Purchase,60.41,USD,McDonalds,Gas & Fuel,Payment for travel,FALSE,4129260802,AQYBNCNV,8052070978,VWYSZFZY,6469.46,7332.31,1,
TXN00000799,CUST000521,Harper,Davis,Male,Singapore,Singapore,Singapore,Singapore,Singapore,Singapore,2024-03-06 06:29:23,Purchase,360.11,JPY,Starbucks,Health & Fitness,Payment for shopping,FALSE,3341944016,UWSXWHTQ,5226875326,FLXLJWPM,12434.52,12664.48,1,
TXN00000437,CUST006652,Emma,Lee,Male,London,UK,London,UK,London,UK,2024-09-05 16:36:32,Purchase,105.85,CAD,McDonalds,Gas & Fuel,Payment for bills & utilities,FALSE,5851588647,DLMYSAOS,2700025929,HUOZRALD,6700.83,6510.33,1,
TXN00000495,CUST001491,Evelyn,Rodriguez,Male,Shanghai,China,Shanghai,China,Shanghai,China,2025-06-20 18:53:00,Transfer,465.62,INR,Walmart,Health & Fitness,Payment for food & dining,TRUE,8512747577,ZCUYPTPM,4242592991,RXWGGJAX,9001.9,9132.91,1,
TXN00004415,CUST007744,Ava,Hernandez,Male,Berlin,Germany,Berlin,Germany,Berlin,Germany,2024-03-24 05:10:46,Transfer,410.78,EUR,McDonalds,Travel,Payment for gas & fuel,FALSE,8313560797,YFCHBEDV,3793179227,SVLJVFKZ,11616.56,11466.58,1,
TXN00004460,CUST000357,Olivia,Davis,Female,Mexico City,Mexico,Mexico City,Mexico,Mexico City,Mexico,2024-06-03 04:24:35,Purchase,382.26,EUR,Uber,Health & Fitness,Payment for health & fitness,FALSE,7903998954,QXNFEAES,6534216893,HCKXTNOU,9257.99,8583.26,1,
TXN00000074,CUST006569,Amelia,Lopez,Male,Toronto,Canada,Toronto,Canada,Toronto,Canada,2025-07-10 02:53:56,Transfer,436.86,CAD,Apple Store,Health & Fitness,Payment for bills & utilities,FALSE,7470619389,UBXCTHHU,8238673060,OKNRQEGG,13253.24,13879.82,1,
TXN00001316,CUST004900,Joseph,Martin,Male,Paris,France,Paris,France,Paris,France,2025-01-27 09:18:16,Transfer,357.55,CHF,Netflix,Travel,Payment for home & garden,FALSE,6483550391,QJUDSMLD,8784485713,SBMBUBAV,13419.54,13387.7,1,
TXN00001218,CUST008550,Amelia,Moore,Male,Mumbai,India,Mumbai,India,Mumbai,India,2024-11-13 19:45:44,Purchase,115.21,JPY,McDonalds,Health & Fitness,Payment for home & garden,FALSE,8709771861,THWPBHSF,3590818395,RXWBPNCX,13820.53,13683.53,1,
TXN00000719,CUST003535,Robert,Brown,Female,Paris,France,Paris,France,Paris,France,2025-01-07 02:18:08,Purchase,214.7,JPY,Marriott Hotels,Food & Dining,Payment for entertainment,TRUE,4219935222,UDZGGOII,1541087474,SSILIXVU,8332.13,8147.22,1,
TXN00001473,CUST001492,Robert,Moore,Male,New York,USA,New York,USA,New York,USA,2024-05-01 23:32:00,Transfer,54.04,CHF,Amazon,Bills & Utilities,Payment for travel,FALSE,2135847502,KBUZTWNL,9848522859,OOHGNKKT,7766.55,6858.22,1,
TXN00001505,CUST006035,Amelia,Jones,Female,São Paulo,Brazil,São Paulo,Brazil,São Paulo,Brazil,2024-12-29 01:22:36,Purchase,329,CNY,Walmart,Home & Garden,Payment for travel,FALSE,4595516497,RPJRMWYD,7351570060,DORXAUEQ,9616.46,9911.26,1,
TXN00001435,CUST002505,William,Smith,Female,Mexico City,Mexico,Mexico City,Mexico,Mexico City,Mexico,2025-03-15 04:36:36,Purchase,80.21,AUD,Delta Airlines,Electronics,Payment for travel,FALSE,7643887776,ZNUIPALH,9479152317,HLEPIWAR,8640.78,8135.22,1,
TXN00001894,CUST000960,Robert,Garcia,Male,Paris,France,Paris,France,Paris,France,2025-02-13 01:36:00,Transfer,277.66,INR,Whole Foods,Gas & Fuel,Payment for home & garden,FALSE,1099982937,RGYQPXNJ,3065987457,OCUDZTND,10808.36,11771.6,1,
TXN00004808,CUST008555,Richard,Brown,Male,Mumbai,India,Sydney,Australia,Mumbai,India,2025-02-11 03:42:39,Purchase,2511.69,EUR,Starbucks,Shopping,Payment for food & dining,FALSE,5072299250,OYBSSMPQ,8899414362,JFTJFYFA,5934.63,6815.44,0,Account takeover suspected
TXN00004847,CUST005782,Mia,Rodriguez,Male,Mumbai,India,Mumbai,India,Shanghai,China,2025-05-15 03:10:38,Transfer,4383.79,JPY,Best Buy,Shopping,Payment for bills & utilities,FALSE,8315035977,XFQKPEEA,5461965504,ALLSFJDU,14516.99,14140.34,0,High amount compared to usual
TXN00002861,CUST000833,Olivia,Miller,Male,Paris,France,Paris,France,Paris,France,2024-07-08 14:26:16,Purchase,254.25,GBP,McDonalds,Bills & Utilities,Payment for travel,FALSE,6714755633,GHWFEDWC,2961805183,CQNICHIN,12045.67,11059.58,1,
TXN00000062,CUST002538,Harper,Jones,Female,Sydney,Australia,Sydney,Australia,Sydney,Australia,2024-11-04 09:10:42,Purchase,232.83,USD,Best Buy,Health & Fitness,Payment for entertainment,FALSE,6675454192,PINSUIQR,5634831103,TCAYVSHF,12814.16,13311.53,1,
TXN00000326,CUST001309,Evelyn,Smith,Female,Shanghai,China,Shanghai,China,Shanghai,China,2024-04-26 10:59:29,Purchase,230.6,CAD,Best Buy,Travel,Payment for electronics,FALSE,3251305189,PGDVNJMZ,3699228993,EJKJWQDD,11779.79,11959.04,1,
TXN00003027,CUST009970,David,Johnson,Female,Madrid,Spain,Madrid,Spain,Madrid,Spain,2025-08-12 07:52:57,Purchase,161.99,USD,Starbucks,Health & Fitness,Payment for gas & fuel,FALSE,3909065909,LIDQSIQT,9731278992,WRKOOIPE,9362.25,9490.86,1,
TXN00001230,CUST006491,James,Moore,Female,Rome,Italy,Rome,Italy,Rome,Italy,2024-12-02 12:14:46,Transfer,193.35,EUR,Home Depot,Health & Fitness,Payment for entertainment,FALSE,5797702677,TSUGRFSW,4324021088,LCSVWRNJ,5451.16,6391.82,1,
TXN00004341,CUST004664,Isabella,Hernandez,Female,Madrid,Spain,Madrid,Spain,Madrid,Spain,2024-09-26 03:18:47,Purchase,190.03,EUR,Airbnb,Bills & Utilities,Payment for entertainment,TRUE,8341436471,MEAZBZXS,5444114737,XMQSXHZY,4623.09,5218,1,
TXN00001200,CUST009599,Emma,Jackson,Male,Shanghai,China,Shanghai,China,Shanghai,China,2025-03-12 08:21:09,Purchase,277.88,CHF,Walmart,Travel,Payment for bills & utilities,TRUE,7359598593,KDJUQQVX,9085893311,OIGHXWLU,7900.18,8595.02,1,
TXN00002060,CUST005340,John,Anderson,Female,Rome,Italy,Rome,Italy,Rome,Italy,2025-05-31 19:23:23,Transfer,392.98,JPY,Amazon,Electronics,Payment for entertainment,FALSE,6114364864,PZUVKOWU,2312927578,EOKRHDFD,6120.23,5586.58,1,
TXN00000233,CUST004762,Richard,Anderson,Male,New York,USA,New York,USA,New York,USA,2024-03-29 08:20:00,Purchase,241.37,INR,Starbucks,Gas & Fuel,Payment for electronics,FALSE,1160147464,LSMGFTKT,7823843805,GFKVDLEU,7640.43,8595.19,1,
TXN00003709,CUST005618,Olivia,Hernandez,Male,Mumbai,India,Mumbai,India,Mumbai,India,2024-06-02 20:36:38,Transfer,82,JPY,Apple Store,Electronics,Payment for travel,FALSE,9275448290,HKVFWMQJ,1330087598,UDPHUUNE,6655.15,7483.93,1,
TXN00002683,CUST008422,Olivia,Lee,Male,Mexico City,Mexico,Mexico City,Mexico,Mexico City,Mexico,2025-04-16 11:51:34,Transfer,174.95,GBP,Marriott Hotels,Electronics,Payment for gas & fuel,FALSE,8361471648,ISTEGXMN,9692177910,PBKVOZST,13998.98,14989.76,1,
TXN00002128,CUST003366,Michael,Davis,Male,London,UK,London,UK,London,UK,2025-06-11 14:28:58,Purchase,217.57,USD,Amazon,Entertainment,Payment for health & fitness,FALSE,7246667451,VQUCRZUZ,3451002048,ZUCUVKDX,13248.95,13983.34,1,
TXN00000479,CUST008921,David,Rodriguez,Male,Paris,France,Paris,France,Paris,France,2024-07-13 08:34:38,Purchase,509,EUR,Delta Airlines,Entertainment,Payment for health & fitness,FALSE,4361119104,DFCWZHMS,1218913101,WNLOHRHD,5601.98,5666.94,1,
TXN00003674,CUST004659,Richard,Johnson,Male,Mexico City,Mexico,Mexico City,Mexico,Mexico City,Mexico,2025-02-24 23:24:13,Purchase,34.28,CNY,McDonalds,Groceries,Payment for shopping,FALSE,6087470954,OHELLDEI,8539879077,CBCLILEO,14268.57,13563.03,1,
TXN00002589,CUST007641,James,Jackson,Female,Berlin,Germany,Berlin,Germany,Berlin,Germany,2024-06-19 19:18:19,Transfer,25.67,CAD,Apple Store,Groceries,Payment for shopping,FALSE,9684403374,RCILSJVL,9521197040,AMUYNZNT,11327.33,11356.32,1,
TXN00003075,CUST004818,Evelyn,Martin,Female,Berlin,Germany,Berlin,Germany,Berlin,Germany,2024-08-02 18:31:01,Purchase,430.46,EUR,Walmart,Electronics,Payment for shopping,FALSE,8184502186,JWFKIJQX,7782996044,KERBKHEY,11302.5,10936.18,1,
TXN00000773,CUST006568,Michael,Johnson,Female,New York,USA,New York,USA,New York,USA,2025-02-24 16:27:20,Transfer,61.88,INR,Apple Store,Shopping,Payment for shopping,FALSE,3909513216,PBZPDOWT,9185351663,LBAJSAXM,6752.29,7588.67,1,
TXN00000346,CUST000620,Joseph,Johnson,Female,Berlin,Germany,Berlin,Germany,Berlin,Germany,2025-01-31 08:12:35,Transfer,481.41,CHF,Starbucks,Bills & Utilities,Payment for bills & utilities,FALSE,7722955366,NLCNBAHC,4768720617,GZDNSYLC,8576.24,9333.36,1,
TXN00003239,CUST003698,Robert,Miller,Female,Singapore,Singapore,Singapore,Singapore,Singapore,Singapore,2025-07-07 01:30:15,Transfer,498.28,CHF,McDonalds,Gas & Fuel,Payment for home & garden,FALSE,3136207441,REIZLTKH,6353628811,EKJNCMOF,10112.32,10314.88,1,
TXN00000137,CUST005191,Daniel,Lopez,Male,Madrid,Spain,Madrid,Spain,Madrid,Spain,2025-03-16 00:48:42,Purchase,274.83,USD,Marriott Hotels,Travel,Payment for gas & fuel,FALSE,7662994899,WVMWEUPB,2697711368,XWDFOYQT,15593.97,14842.91,1,
TXN00000324,CUST000761,Isabella,Jackson,Male,Paris,France,Paris,France,Paris,France,2024-09-05 22:25:32,Purchase,202.19,AUD,Airbnb,Food & Dining,Payment for food & dining,TRUE,1462024022,HFCCPWEQ,2716489028,VKPFCGIF,11619.85,12389.81,1,
TXN00003067,CUST009369,Olivia,Brown,Male,Mexico City,Mexico,Mexico City,Mexico,Mexico City,Mexico,2025-08-23 20:57:54,Purchase,19.59,EUR,Walmart,Gas & Fuel,Payment for bills & utilities,FALSE,2099457229,UEISPNGG,9083581344,FRANRYIM,8266.29,8032.23,1,
TXN00000474,CUST006841,Charlotte,Lopez,Female,London,UK,London,UK,London,UK,2024-08-14 23:00:54,Purchase,379.44,JPY,Starbucks,Electronics,Payment for home & garden,FALSE,5660295978,BRCSDPXC,8535886326,JBFRPOMU,5950.79,5241.86,1,
TXN00002032,CUST001370,Amelia,Rodriguez,Male,São Paulo,Brazil,São Paulo,Brazil,São Paulo,Brazil,2025-01-11 00:46:58,Purchase,295.18,CNY,Best Buy,Shopping,Payment for shopping,FALSE,2588846580,BHMTVDUV,3018506228,QJVVEJOT,9678.97,9029.77,1,
TXN00004259,CUST008238,Emma,Anderson,Female,Mumbai,India,Mumbai,India,Mumbai,India,2025-01-27 00:50:34,Purchase,439.09,EUR,Whole Foods,Entertainment,Payment for groceries,FALSE,9383627735,VENKLBQZ,7944399629,SYVCJWBM,4851.37,5405.49,1,
TXN00004983,CUST009036,Charlotte,Garcia,Female,Berlin,Germany,Berlin,Germany,Tokyo,Japan,2024-08-23 14:46:58,Purchase,3270.13,EUR,Marriott Hotels,Gas & Fuel,Payment for shopping,TRUE,4537639076,FUXMEOEV,8367415734,BYBDQZOL,9374.81,8419.4,0,Known fraudulent merchant
TXN00003408,CUST009390,John,Moore,Female,Paris,France,Paris,France,Paris,France,2025-09-17 19:22:37,Purchase,140.52,CAD,McDonalds,Gas & Fuel,Payment for home & garden,FALSE,7807951861,YVTDBPLN,3816756889,SBDRYYOW,12086.95,12233.87,1,
TXN00001327,CUST002677,Evelyn,Jones,Female,Berlin,Germany,Berlin,Germany,Berlin,Germany,2025-03-11 12:42:50,Purchase,30.06,JPY,McDonalds,Food & Dining,Payment for shopping,FALSE,9767833158,SOQDWKVH,3834552934,DOOKOFBG,11023.8,11939.85,1,
TXN00000094,CUST007845,Daniel,Williams,Female,Rome,Italy,Rome,Italy,Rome,Italy,2025-01-21 01:58:43,Transfer,249.18,INR,McDonalds,Travel,Payment for travel,TRUE,2654329093,EKJAWFDL,2581820327,ACPXYCGH,14269.05,14576.77,1,
TXN00000701,CUST008802,Evelyn,Jones,Male,Dubai,UAE,Dubai,UAE,Dubai,UAE,2024-12-21 09:53:01,Purchase,103.36,GBP,Apple Store,Shopping,Payment for entertainment,FALSE,2136109325,WVGLZVIF,8548352679,BYZQTDJK,7983.2,7304.05,1,
TXN00002902,CUST005530,David,Garcia,Female,London,UK,London,UK,London,UK,2024-07-03 20:40:39,Purchase,278.11,CAD,Walmart,Shopping,Payment for food & dining,FALSE,3457874587,HAFLVLUL,1439006422,TOJXIHDI,9689.12,10114.16,1,
TXN00001108,CUST007229,James,Garcia,Male,Sydney,Australia,Sydney,Australia,Sydney,Australia,2024-04-14 14:10:16,Purchase,192.04,AUD,McDonalds,Entertainment,Payment for shopping,FALSE,2300392516,QDACNHLJ,2734579339,KDUZNLJS,13474.64,13704.19,1,
TXN00003318,CUST009889,John,Jones,Female,Rome,Italy,Rome,Italy,Rome,Italy,2025-03-08 08:58:09,Purchase,37.48,CAD,Home Depot,Shopping,Payment for entertainment,FALSE,4836018789,CVPNSEMW,5555898473,OZECBWFD,13917.8,14495.61,1,
TXN00004683,CUST009967,Evelyn,Smith,Female,Madrid,Spain,Madrid,Spain,Madrid,Spain,2025-07-30 16:54:29,Transfer,84.1,AUD,Netflix,Electronics,Payment for gas & fuel,FALSE,5310718393,LRESEZPR,4871365624,WSDLRVLQ,14702.14,14924.87,1,
TXN00001721,CUST008715,James,Davis,Male,Tokyo,Japan,Tokyo,Japan,Tokyo,Japan,2024-03-19 08:11:58,Transfer,200.23,CHF,Uber,Travel,Payment for shopping,FALSE,8741670144,KMBSIPET,8594470079,AOFQNYNP,6363.91,5578.56,1,
TXN00003134,CUST006778,Mia,Davis,Female,Singapore,Singapore,Singapore,Singapore,Singapore,Singapore,2024-10-10 18:13:38,Purchase,222.17,INR,Uber,Entertainment,Payment for entertainment,FALSE,4294493785,MCQKQTIU,9600804145,VDPRYWUY,8723.96,7871.92,1,
TXN00002226,CUST002156,William,Wilson,Female,Paris,France,Paris,France,Paris,France,2024-12-30 14:53:25,Purchase,328.94,AUD,Starbucks,Electronics,Payment for home & garden,FALSE,1073687970,VLVVMWLZ,1716587115,EXPSZDOQ,5010.39,5133.41,1,
TXN00004583,CUST005970,Charlotte,Martin,Male,Madrid,Spain,Madrid,Spain,Madrid,Spain,2024-04-20 21:37:37,Purchase,65.84,CAD,McDonalds,Bills & Utilities,Payment for travel,FALSE,3237438352,KLZKMZGU,5513179346,KCEUWKYR,7253.45,7696,1,
TXN00002054,CUST004096,Daniel,Davis,Male,New York,USA,New York,USA,New York,USA,2024-05-19 21:41:40,Purchase,381.98,USD,Apple Store,Electronics,Payment for shopping,FALSE,7389551532,BKTAZYNQ,4750492400,QSGIPOQI,15257.16,14979.91,1,
TXN00000175,CUST000170,Olivia,Lee,Female,Berlin,Germany,Berlin,Germany,Berlin,Germany,2025-02-20 10:35:26,Purchase,71.52,CAD,Best Buy,Food & Dining,Payment for bills & utilities,FALSE,9111173950,RANYTHEN,2299892398,MLOMGXBH,12270.79,11793.96,1,
TXN00000295,CUST000753,Sophia,Martin,Male,Sydney,Australia,Sydney,Australia,Sydney,Australia,2024-12-14 13:05:49,Purchase,103.62,CNY,Apple Store,Groceries,Payment for home & garden,FALSE,5967642191,DGBABEWW,7454855685,UIAQDJLL,9732.05,8962.02,1,
TXN00000427,CUST008053,Emma,Jackson,Female,Rome,Italy,Rome,Italy,Rome,Italy,2024-11-15 05:16:58,Purchase,273.26,EUR,Home Depot,Travel,Payment for home & garden,FALSE,3707166978,LFXMLPSD,2977658882,KQONTUSF,12260.2,11593.8,1,
TXN00001766,CUST002148,Michael,Rodriguez,Female,Paris,France,Paris,France,Paris,France,2024-03-03 13:30:27,Purchase,294.33,CNY,Starbucks,Bills & Utilities,Payment for groceries,TRUE,5017404705,WFUNIJBJ,6664507801,HZEVZACP,6820.2,6923.29,1,
TXN00002766,CUST001717,Harper,Wilson,Female,Mumbai,India,Mumbai,India,Mumbai,India,2025-07-14 04:23:29,Purchase,79.98,CAD,Shell Gas,Groceries,Payment for travel,FALSE,6830484740,TPITWKZX,9021872338,KCZDGNUV,9898.41,10230.37,1,
TXN00001338,CUST006235,David,Miller,Male,Singapore,Singapore,Singapore,Singapore,Singapore,Singapore,2024-12-26 19:58:51,Purchase,349.2,CNY,Shell Gas,Bills & Utilities,Payment for travel,TRUE,6727324113,GDTWMASO,1271123208,ULFJJYVA,7851.12,7669.53,1,
TXN00004475,CUST000495,Robert,Brown,Male,Singapore,Singapore,Singapore,Singapore,Singapore,Singapore,2024-12-20 16:48:27,Purchase,498.23,INR,Shell Gas,Entertainment,Payment for gas & fuel,FALSE,3582949862,FGALSLHD,1493949620,JDOXLISS,5684.38,5894.09,1,
TXN00004858,CUST003570,Thomas,Wilson,Female,Paris,France,Tokyo,Japan,Paris,France,2025-08-02 22:57:47,Purchase,4619.92,CAD,Best Buy,Home & Garden,Payment for home & garden,TRUE,6746410399,NSZMQOST,6163610234,KTPWAVKU,14373.56,13703.55,0,High amount compared to usual
TXN00002143,CUST004375,Evelyn,Davis,Female,Shanghai,China,Shanghai,China,Shanghai,China,2025-06-13 15:38:04,Transfer,204.8,INR,Starbucks,Gas & Fuel,Payment for gas & fuel,FALSE,5810404046,WQEFKCYS,7517022182,VWLVLSAS,12556.78,13307.1,1,
TXN00003639,CUST006581,Michael,Wilson,Male,Sydney,Australia,Sydney,Australia,Sydney,Australia,2025-02-08 09:01:21,Purchase,479.13,AUD,Airbnb,Travel,Payment for electronics,FALSE,3695401571,UPZNRRAF,7744332543,ZTMYYLMI,7160.09,6950.46,1,
TXN00001202,CUST009399,Evelyn,Smith,Male,Mexico City,Mexico,Mexico City,Mexico,Mexico City,Mexico,2024-06-17 18:24:27,Purchase,497.02,INR,Home Depot,Home & Garden,Payment for electronics,FALSE,4767084785,SKGRIHPN,6089631642,ZYHAXXRT,8269.22,7398.46,1,
TXN00001312,CUST004815,Olivia,Martin,Female,Berlin,Germany,Berlin,Germany,Berlin,Germany,2025-09-16 10:54:21,Purchase,240.64,GBP,Delta Airlines,Bills & Utilities,Payment for gas & fuel,FALSE,9052833815,BMPHEZQW,7928483552,EXDHPQHY,14467.02,14202.95,1,
TXN00002787,CUST002045,John,Smith,Female,Rome,Italy,Rome,Italy,Rome,Italy,2025-06-13 00:03:31,Purchase,505.12,JPY,Target,Gas & Fuel,Payment for shopping,TRUE,4410302777,RGKSCALR,2977887324,MWWMCQQC,7128.45,6212.48,1,
TXN00003164,CUST003631,Sophia,Martin,Female,New York,USA,New York,USA,New York,USA,2024-12-13 21:22:51,Transfer,229.43,EUR,Amazon,Electronics,Payment for home & garden,FALSE,1014493021,YEEYEPNG,2897848011,HFMBKYFT,12073.43,12998.92,1,
TXN00004456,CUST002895,Isabella,Rodriguez,Female,New York,USA,New York,USA,New York,USA,2024-09-26 05:13:30,Purchase,238.13,GBP,Uber,Home & Garden,Payment for health & fitness,FALSE,1449508494,QXDHGPVA,3528447166,SRXUFUEA,9664.99,10579.72,1,
TXN00004607,CUST009145,Ava,Davis,Male,Tokyo,Japan,Tokyo,Japan,Tokyo,Japan,2025-09-07 01:01:59,Purchase,233.91,USD,Delta Airlines,Health & Fitness,Payment for gas & fuel,FALSE,2563822347,YOYDULMV,4111512624,TPHOETDW,9509.68,9843.36,1,
TXN00000560,CUST007990,John,Moore,Male,Berlin,Germany,Berlin,Germany,Berlin,Germany,2025-04-16 18:42:32,Purchase,327.97,CHF,Uber,Shopping,Payment for shopping,FALSE,3998914911,EWUTMCGL,7238304812,UKHMMTXV,9832.8,9596.63,1,
TXN00000146,CUST009033,Harper,Jackson,Male,Mumbai,India,Mumbai,India,Mumbai,India,2025-10-03 16:02:27,Purchase,79.42,USD,Uber,Electronics,Payment for groceries,FALSE,9612373531,DSNUVVEQ,9160523691,VTNBBGTM,14480.55,14004.39,1,
TXN00004853,CUST002348,Charlotte,Garcia,Male,New York,USA,New York,USA,London,UK,2024-09-24 09:12:47,Purchase,4894.61,CNY,Starbucks,Entertainment,Payment for home & garden,FALSE,1150795045,VPFIQUCK,8092863233,UADJWGLH,7074.79,7181.66,0,Unusual location pattern
TXN00000979,CUST000643,Michael,Garcia,Male,Tokyo,Japan,Tokyo,Japan,Tokyo,Japan,2025-04-24 02:45:47,Purchase,70.7,CAD,Uber,Groceries,Payment for health & fitness,FALSE,4895764009,WKMYIAVE,7913118260,ACIBBBSA,9821.51,8908.67,1,
TXN00004982,CUST003361,Thomas,Miller,Female,New York,USA,Singapore,Singapore,New York,USA,2024-07-07 13:38:13,Purchase,3070.03,GBP,Walmart,Home & Garden,Payment for home & garden,FALSE,9237778495,MTJUCDNJ,8523237975,JTOKZCQJ,13338.23,14251.31,0,Card not present fraud
TXN00003718,CUST009719,Evelyn,Williams,Male,Sydney,Australia,Sydney,Australia,Sydney,Australia,2024-07-23 07:06:24,Transfer,69.58,CAD,Target,Electronics,Payment for groceries,FALSE,7642414108,XIUQYDNA,8165159077,ENROQYZY,8891.33,9823.11,1,
TXN00001215,CUST007423,Sophia,Garcia,Female,Paris,France,Paris,France,Paris,France,2024-11-24 09:51:44,Purchase,487.77,AUD,Apple Store,Home & Garden,Payment for electronics,FALSE,5788058603,INXPJZAM,8290828518,INOPSQCW,6185.47,5326.31,1,
TXN00002594,CUST005063,Olivia,Wilson,Male,Rome,Italy,Rome,Italy,Rome,Italy,2024-04-28 05:59:42,Purchase,364.14,CNY,McDonalds,Travel,Payment for gas & fuel,FALSE,3651195421,XUVOYTVX,4344690367,SQIILJSM,9034.47,9490.11,1,
TXN00003901,CUST008589,Evelyn,Moore,Male,Madrid,Spain,Madrid,Spain,Madrid,Spain,2024-06-05 12:02:43,Purchase,259.05,EUR,Delta Airlines,Food & Dining,Payment for electronics,FALSE,4980574666,UCMJYEGD,6508230040,IQISNDGV,12019.37,11316.62,1,
TXN00002517,CUST007746,Mia,Williams,Female,Shanghai,China,Shanghai,China,Shanghai,China,2025-04-12 11:53:26,Transfer,10.89,EUR,Airbnb,Home & Garden,Payment for home & garden,FALSE,8401917610,IBXFSGQL,6496301539,WQXWCNQB,12133.4,12776.95,1,
TXN00003988,CUST009120,Michael,Lopez,Male,London,UK,London,UK,London,UK,2025-09-06 03:27:35,Transfer,120.29,EUR,Best Buy,Bills & Utilities,Payment for electronics,FALSE,9334259311,YJIZSNQT,5860543168,QRNOOIYS,9385.02,8531.68,1,
TXN00004597,CUST008188,Thomas,Johnson,Male,Dubai,UAE,Dubai,UAE,Dubai,UAE,2025-08-05 04:57:19,Purchase,506.38,CHF,Target,Entertainment,Payment for entertainment,FALSE,5658466177,GEKGOYYN,3210313275,RDJWSDXS,9067.27,9990.93,1,
TXN00002617,CUST009345,Olivia,Johnson,Female,Dubai,UAE,Dubai,UAE,Dubai,UAE,2024-11-18 21:37:29,Purchase,14.67,USD,Apple Store,Electronics,Payment for home & garden,FALSE,5513755940,HZRBPUHP,2405719966,UOYRXVCQ,9337.14,9417.63,1,
TXN00003809,CUST008177,Thomas,Garcia,Male,Berlin,Germany,Berlin,Germany,Berlin,Germany,2025-06-30 17:27:29,Purchase,97.36,EUR,Starbucks,Food & Dining,Payment for home & garden,FALSE,1082931657,AZJOLQQR,3648170158,BWNVWWRM,6257.88,5932.44,1,
TXN00004147,CUST003919,Olivia,Miller,Female,Mumbai,India,Mumbai,India,Mumbai,India,2024-02-20 03:46:44,Transfer,93.3,CHF,Home Depot,Electronics,Payment for entertainment,FALSE,8229664840,JCFFZQXJ,8695570335,HROQSMNU,7762.97,7015.39,1,
TXN00000582,CUST002472,David,Lopez,Female,Dubai,UAE,Dubai,UAE,Dubai,UAE,2025-01-04 00:33:19,Transfer,73.3,EUR,McDonalds,Bills & Utilities,Payment for food & dining,FALSE,5899819197,EKVRGLAF,2956969765,WCRYUXYH,11487.98,11723.55,1,
TXN00004242,CUST008585,Robert,Williams,Male,Shanghai,China,Shanghai,China,Shanghai,China,2025-03-18 04:03:22,Purchase,457.57,EUR,Apple Store,Home & Garden,Payment for home & garden,FALSE,3781137594,HBEORHZQ,5003554421,MCKBXPJV,11154.44,10781.74,1,
TXN00001767,CUST005668,John,Johnson,Female,Berlin,Germany,Berlin,Germany,Berlin,Germany,2025-08-06 23:39:00,Transfer,19.52,INR,McDonalds,Groceries,Payment for shopping,FALSE,8539909418,EHGUQIFO,2420823581,YDAMJZNU,6422.64,6310.15,1,
TXN00000567,CUST007920,Evelyn,Jones,Male,Singapore,Singapore,Singapore,Singapore,Singapore,Singapore,2025-05-20 06:17:04,Transfer,148.26,AUD,Netflix,Shopping,Payment for health & fitness,FALSE,2639234314,IBJNTINC,3221613308,TEACFQAN,11507.11,11586.83,1,
TXN00004988,CUST002095,Mia,Lee,Female,Berlin,Germany,New York,USA,Mexico City,Mexico,2024-07-04 06:51:29,Purchase,2376.47,USD,Uber,Food & Dining,Payment for groceries,FALSE,4993198551,JDVFAASU,8648312197,XSWSBEPB,11223.24,11285.09,0,Known fraudulent merchant
TXN00003613,CUST007175,David,Johnson,Male,Toronto,Canada,Toronto,Canada,Toronto,Canada,2024-05-21 16:13:01,Purchase,488.47,GBP,Best Buy,Entertainment,Payment for food & dining,FALSE,5054419854,CGVWEPUZ,1295866160,QEIRVOCU,11699.33,11891.98,1,
TXN00002889,CUST001475,Richard,Johnson,Male,Sydney,Australia,Sydney,Australia,Sydney,Australia,2024-08-29 09:11:23,Purchase,410.2,INR,Target,Entertainment,Payment for health & fitness,FALSE,2478061877,AHGTNCDH,7726389966,QICEVLSU,6791.14,7269.28,1,
TXN00000217,CUST003861,Michael,Thomas,Male,Mexico City,Mexico,Mexico City,Mexico,Mexico City,Mexico,2025-08-25 10:36:12,Transfer,233.55,USD,Apple Store,Entertainment,Payment for shopping,TRUE,6196412375,AIMPCPSE,1067262944,RVNSUVLY,13423.29,12578.2,1,
TXN00000650,CUST005581,Amelia,Rodriguez,Male,Sydney,Australia,Sydney,Australia,Sydney,Australia,2025-02-15 13:02:55,Transfer,235.67,CNY,Target,Entertainment,Payment for shopping,FALSE,7609572877,UXUFXXGL,7262566990,SCIOSYJL,8007.2,7681.73,1,
TXN00004211,CUST007123,David,Martin,Female,New York,USA,New York,USA,New York,USA,2024-05-29 09:55:14,Purchase,296.15,AUD,McDonalds,Shopping,Payment for bills & utilities,FALSE,4819114726,YHDOPWYZ,9153857379,NZGFUBYP,9235.54,9860.95,1,
TXN00001067,CUST000079,Mia,Jones,Male,Dubai,UAE,Dubai,UAE,Dubai,UAE,2024-09-08 15:48:48,Purchase,382.53,EUR,Netflix,Groceries,Payment for home & garden,FALSE,5844299435,HXJFQKPJ,3944827934,OGSMBSJV,9037.64,8118.33,1,
TXN00001445,CUST004808,Joseph,Lee,Female,Rome,Italy,Rome,Italy,Rome,Italy,2025-01-26 00:48:10,Transfer,444.83,JPY,Target,Health & Fitness,Payment for groceries,FALSE,4811478049,VEMAYUOJ,7762682622,BWYFBAVV,11109.08,10905.95,1,
TXN00000100,CUST003318,Mia,Moore,Female,Mexico City,Mexico,Mexico City,Mexico,Mexico City,Mexico,2024-01-12 19:37:08,Purchase,126.26,CAD,Target,Shopping,Payment for home & garden,TRUE,3181092079,SIZURIAQ,5368168204,WPSGKSWC,7493.66,8254.72,1,
TXN00004778,CUST007826,Joseph,Williams,Male,Mumbai,India,Mumbai,India,Tokyo,Japan,2025-05-22 13:27:18,Purchase,4167.12,EUR,Walmart,Food & Dining,Payment for electronics,FALSE,9015611485,ZCQXCMYM,5198439157,QSYTFFOZ,7460.58,8377.66,0,Multiple transactions in short time
TXN00001700,CUST009410,Amelia,Jones,Female,Singapore,Singapore,Singapore,Singapore,Singapore,Singapore,2025-05-20 16:58:52,Purchase,424.96,AUD,Netflix,Health & Fitness,Payment for bills & utilities,FALSE,9794768112,HFODCNRE,9495686180,ELIOARQA,7196.21,7570.99,1,
TXN00004895,CUST005073,Mia,Jackson,Female,New York,USA,New York,USA,Singapore,Singapore,2025-06-26 22:48:58,Purchase,1106.52,EUR,Starbucks,Gas & Fuel,Payment for electronics,FALSE,4034548758,MUBZWDDS,3261033351,XGEFGWZL,8324.16,8362.17,0,High amount compared to usual
TXN00002095,CUST004650,Evelyn,Williams,Female,London,UK,London,UK,London,UK,2024-07-05 14:36:39,Purchase,97.14,EUR,Walmart,Home & Garden,Payment for health & fitness,TRUE,8402954642,ETYLNUWI,5784758358,DEZOQQNN,12515.67,11827.18,1,
TXN00002669,CUST002266,Richard,Miller,Male,Paris,France,Paris,France,Paris,France,2025-09-14 15:04:26,Purchase,165.26,GBP,Best Buy,Travel,Payment for home & garden,FALSE,4159188568,MOYRZQTB,4807856760,YQDFJXUS,9349.9,10195.89,1,
TXN00004212,CUST009626,Michael,Taylor,Male,Sydney,Australia,Sydney,Australia,Sydney,Australia,2025-05-15 13:34:00,Transfer,302.57,GBP,Delta Airlines,Electronics,Payment for groceries,FALSE,3405102032,WWZKDBFF,9748006422,JETIRAHI,13960.9,13232.08,1,
TXN00002181,CUST005252,David,Johnson,Female,London,UK,London,UK,London,UK,2024-04-14 14:27:04,Purchase,437.23,GBP,McDonalds,Entertainment,Payment for food & dining,FALSE,4370303507,CZSYDZSO,9323533811,XAQFIGKP,7173.15,6557.69,1,
TXN00001521,CUST008418,Joseph,Hernandez,Female,Berlin,Germany,Berlin,Germany,Berlin,Germany,2025-09-19 01:38:34,Transfer,145.77,EUR,Target,Bills & Utilities,Payment for bills & utilities,FALSE,2547590356,TDMWWWUJ,9965366661,ZLJBJGCZ,12452.02,13041.26,1,
TXN00000805,CUST001778,Michael,Lee,Female,Tokyo,Japan,Tokyo,Japan,Tokyo,Japan,2024-03-06 12:27:25,Purchase,492.86,INR,Best Buy,Groceries,Payment for bills & utilities,TRUE,2909151375,ANEJSVAS,1385745356,NKODUGNE,15483.66,14644.38,1,
TXN00001688,CUST002184,Daniel,Martinez,Male,New York,USA,New York,USA,New York,USA,2025-04-12 00:50:31,Transfer,361.43,JPY,Netflix,Electronics,Payment for food & dining,FALSE,4354228290,JCJSFTGF,7384274063,JRDQEJBS,13302.58,12690.96,1,
TXN00001062,CUST002200,Mia,Martin,Female,Mexico City,Mexico,Mexico City,Mexico,Mexico City,Mexico,2025-03-06 09:10:06,Transfer,109.37,EUR,Walmart,Electronics,Payment for shopping,FALSE,4869947848,VKVQAKBK,9736339443,XUAIPZCX,5900.03,5986.24,1,
TXN00002458,CUST003533,David,Smith,Male,Singapore,Singapore,Singapore,Singapore,Singapore,Singapore,2024-03-19 10:28:29,Purchase,446.86,INR,Amazon,Electronics,Payment for entertainment,FALSE,8650564410,UTLKXPPX,2325118930,VZAZVXOE,9558.61,8748.87,1,
TXN00001934,CUST001375,Richard,Taylor,Male,Shanghai,China,Shanghai,China,Shanghai,China,2025-07-25 08:34:26,Purchase,38.74,INR,Uber,Health & Fitness,Payment for entertainment,TRUE,8112197594,IIIDXJVJ,8079250250,YANWDGHY,8167.47,7556.83,1,
TXN00003243,CUST009315,Mia,Garcia,Male,New York,USA,New York,USA,New York,USA,2024-07-07 06:30:45,Transfer,235.63,GBP,Delta Airlines,Food & Dining,Payment for food & dining,FALSE,9042837082,EHMRQYNZ,7638882264,PHIBCFUD,6212.23,6163.49,1,
TXN00000940,CUST000611,Harper,Brown,Female,Toronto,Canada,Toronto,Canada,Toronto,Canada,2024-12-28 19:44:08,Purchase,184.89,EUR,Delta Airlines,Travel,Payment for home & garden,FALSE,8028534818,HJFQGWSB,8481919517,CWWZRFGG,12382.31,13181.98,1,
TXN00004228,CUST006082,Daniel,Johnson,Female,Berlin,Germany,Berlin,Germany,Berlin,Germany,2025-05-16 15:44:56,Purchase,297.27,INR,Home Depot,Home & Garden,Payment for entertainment,FALSE,7474906828,EHBARQCV,3304084658,SRNSKRXF,12060.69,11307.77,1,
TXN00002406,CUST004807,Harper,Miller,Female,Singapore,Singapore,Singapore,Singapore,Singapore,Singapore,2024-05-24 16:35:55,Purchase,52.92,CNY,McDonalds,Entertainment,Payment for groceries,FALSE,6937377568,YGTXXVPE,9815948182,DQJMLGET,15026.79,14391.72,1,
TXN00001297,CUST009682,Amelia,Rodriguez,Male,Berlin,Germany,Berlin,Germany,Berlin,Germany,2025-06-12 22:22:02,Purchase,244.64,CNY,Target,Electronics,Payment for home & garden,FALSE,8544408348,GIGXDSAB,2430147576,NSIQUOWA,4535.18,5323.74,1,
TXN00002520,CUST000095,Charlotte,Rodriguez,Male,São Paulo,Brazil,São Paulo,Brazil,São Paulo,Brazil,2025-05-05 15:06:00,Purchase,65.42,GBP,McDonalds,Food & Dining,Payment for health & fitness,FALSE,5988153281,VHBDHKIW,6218670034,UYNTRPPF,8286.01,7396.56,1,
TXN00002633,CUST003342,Harper,Hernandez,Male,Rome,Italy,Rome,Italy,Rome,Italy,2024-09-05 04:55:39,Purchase,350.63,CHF,Airbnb,Health & Fitness,Payment for food & dining,FALSE,6487254239,RVMXXILL,3490173865,JELHCCGC,13572.28,13214.61,1,
TXN00000590,CUST006431,Evelyn,Lopez,Female,Tokyo,Japan,Tokyo,Japan,Tokyo,Japan,2025-10-05 07:53:10,Purchase,357.44,CNY,Uber,Home & Garden,Payment for groceries,FALSE,1658721940,YUFBUTKV,1706323960,LKTBVCHD,7786.92,8638.75,1,
TXN00004298,CUST008460,Thomas,Johnson,Male,Berlin,Germany,Berlin,Germany,Berlin,Germany,2024-11-21 15:48:35,Purchase,374.95,EUR,Uber,Travel,Payment for groceries,TRUE,3848015135,XZBZNVSA,1111458346,CUOWPPCS,5294.4,5538.78,1,
TXN00000122,CUST009522,James,Wilson,Female,Tokyo,Japan,Tokyo,Japan,Tokyo,Japan,2025-05-19 16:15:26,Purchase,423.08,USD,Home Depot,Travel,Payment for bills & utilities,FALSE,9528833708,VDXTUOXE,9985721217,ROVLTDXX,7315.91,7354.4,1,
TXN00003102,CUST006002,Olivia,Davis,Female,Mexico City,Mexico,Mexico City,Mexico,Mexico City,Mexico,2024-08-06 11:59:24,Transfer,16.57,CNY,Starbucks,Food & Dining,Payment for bills & utilities,FALSE,3235158578,LWHSSWWU,2072571450,EEJSLYIC,14236.23,13611.86,1,
TXN00000791,CUST000754,David,Jones,Female,New York,USA,New York,USA,New York,USA,2024-09-04 20:38:47,Transfer,258.88,JPY,Starbucks,Bills & Utilities,Payment for travel,TRUE,6933316666,RONEUTRV,8968972344,JCZZVFZB,5110.63,5862.16,1,
TXN00003730,CUST002828,Evelyn,Johnson,Male,Madrid,Spain,Madrid,Spain,Madrid,Spain,2024-03-18 02:56:12,Purchase,309.77,CAD,Whole Foods,Groceries,Payment for entertainment,FALSE,1535827743,EMGDZHQY,6977151345,FLLUOBJD,8082.13,7600.79,1,
TXN00000132,CUST005954,Ava,Smith,Female,Tokyo,Japan,Tokyo,Japan,Tokyo,Japan,2025-05-26 08:09:49,Transfer,29.4,INR,Amazon,Home & Garden,Payment for entertainment,FALSE,7218714524,HXOUNZPO,4441608352,JAXJJLUR,10945.86,10032.96,1,
TXN00002397,CUST007749,David,Smith,Male,Berlin,Germany,Berlin,Germany,Berlin,Germany,2025-02-19 19:20:27,Transfer,295.06,INR,Marriott Hotels,Shopping,Payment for home & garden,FALSE,3287460716,ZINTQOFX,2308809630,WEFAWOGP,5750.63,5323.76,1,
TXN00001797,CUST008446,Mia,Rodriguez,Female,New York,USA,New York,USA,New York,USA,2025-01-23 18:32:42,Transfer,155.39,GBP,Whole Foods,Food & Dining,Payment for travel,FALSE,8685630679,LNSDIUNR,5631582393,DNOJBJPP,9291.21,10142.69,1,
TXN00000386,CUST007098,Olivia,Thomas,Female,Sydney,Australia,Sydney,Australia,Sydney,Australia,2024-03-04 06:28:29,Purchase,22.64,JPY,Delta Airlines,Home & Garden,Payment for shopping,FALSE,9691802785,YGCCBKWS,1263451949,CBAYGTSV,5497.52,5959.29,1,
TXN00001373,CUST006585,Michael,Johnson,Female,Madrid,Spain,Madrid,Spain,Madrid,Spain,2025-04-30 18:25:42,Purchase,454.4,CHF,Marriott Hotels,Health & Fitness,Payment for electronics,FALSE,1565466909,XASNTPNH,6946367669,YKDDADWS,6857.2,6044.03,1,
TXN00003148,CUST000061,Amelia,Smith,Female,Toronto,Canada,Toronto,Canada,Toronto,Canada,2025-09-21 21:35:49,Purchase,506.04,INR,Airbnb,Health & Fitness,Payment for shopping,FALSE,6791839361,IQRUZFLW,9054205168,IMLRJIMS,5610.44,5649.93,1,
TXN00002554,CUST003773,Evelyn,Anderson,Male,Mexico City,Mexico,Mexico City,Mexico,Mexico City,Mexico,2024-03-15 10:19:19,Transfer,102.95,JPY,Home Depot,Electronics,Payment for health & fitness,FALSE,3560997493,ODIKIMUX,2586271288,EFXBTKKD,12771.98,12015.54,1,
TXN00001662,CUST005469,Emma,Davis,Male,Tokyo,Japan,Tokyo,Japan,Tokyo,Japan,2025-01-02 07:37:31,Purchase,181.17,CNY,Marriott Hotels,Home & Garden,Payment for shopping,FALSE,3441337129,OBFSKPCG,1953366726,EWNTKMWH,5864.84,6556.92,1,
TXN00000744,CUST000715,Harper,Brown,Male,Dubai,UAE,Dubai,UAE,Dubai,UAE,2024-05-08 23:02:55,Purchase,174.76,CAD,Uber,Gas & Fuel,Payment for gas & fuel,FALSE,9052971519,VIUVJPXN,9561424055,ONETVCWI,11012.73,10783.42,1,
TXN00000174,CUST006041,Harper,Davis,Male,Mexico City,Mexico,Mexico City,Mexico,Mexico City,Mexico,2024-09-30 19:50:10,Purchase,106.05,CAD,Target,Groceries,Payment for home & garden,FALSE,4665916278,DKXKZHLZ,6977634475,UWEQCCTL,14393.57,14467.13,1,
TXN00003808,CUST000257,David,Jackson,Female,London,UK,London,UK,London,UK,2024-02-05 01:20:13,Purchase,482.46,JPY,Uber,Bills & Utilities,Payment for home & garden,FALSE,2979344743,XMTUTZFB,2132558546,XZOSZXIW,11318.86,12099.24,1,
TXN00002333,CUST008063,Michael,Davis,Female,São Paulo,Brazil,São Paulo,Brazil,São Paulo,Brazil,2025-09-13 03:33:52,Transfer,143.02,AUD,Best Buy,Food & Dining,Payment for groceries,FALSE,2596349673,UZMHBFMZ,4927046765,EPMKSFTA,9971.95,10622.76,1,
TXN00003330,CUST007269,Evelyn,Hernandez,Male,Berlin,Germany,Berlin,Germany,Berlin,Germany,2024-03-14 13:50:40,Purchase,207.66,CNY,Uber,Health & Fitness,Payment for travel,FALSE,6311094844,MYPFFVIK,5024050026,CYWWSRFD,10223.4,10289.02,1,
TXN00003265,CUST000043,Ava,Miller,Male,Singapore,Singapore,Singapore,Singapore,Singapore,Singapore,2025-09-26 20:33:28,Purchase,119.41,GBP,Delta Airlines,Home & Garden,Payment for health & fitness,FALSE,5396370583,TJMXPXMG,2590433070,IIBZIVAD,6890.92,6595.02,1,
TXN00000720,CUST003395,Joseph,Hernandez,Female,Tokyo,Japan,Tokyo,Japan,Tokyo,Japan,2025-06-21 20:29:57,Purchase,107.11,CAD,Target,Shopping,Payment for shopping,FALSE,6027051406,ZLGMJBIS,4880816945,MZPNGYYJ,8677.63,9558.85,1,
TXN00004616,CUST000982,Olivia,Johnson,Female,Mumbai,India,Mumbai,India,Mumbai,India,2024-11-18 06:30:46,Transfer,401.89,AUD,Home Depot,Home & Garden,Payment for electronics,FALSE,1353058380,OXVIKKWJ,2453574529,FMEUMKAD,12451.19,13428.58,1,
TXN00003275,CUST003088,Charlotte,Johnson,Female,Toronto,Canada,Toronto,Canada,Toronto,Canada,2024-02-16 05:36:38,Purchase,366.44,CHF,McDonalds,Electronics,Payment for shopping,FALSE,3381936390,MBAWFFCB,9612320953,DQVHCEWX,6573.92,6566.62,1,
TXN00000750,CUST001911,William,Johnson,Male,Mumbai,India,Mumbai,India,Mumbai,India,2024-06-07 18:04:50,Transfer,469.76,USD,Marriott Hotels,Health & Fitness,Payment for food & dining,FALSE,7834928401,HQVAABYY,2382857011,SYXROUTA,15289.84,14461.34,1,
TXN00002301,CUST005799,Sophia,Thomas,Male,Paris,France,Paris,France,Paris,France,2025-01-03 06:49:41,Transfer,103.21,USD,Delta Airlines,Shopping,Payment for bills & utilities,TRUE,2878729082,NEFEZKAA,1990401461,WROEBLHZ,7265.38,7937.96,1,
TXN00003611,CUST003482,Evelyn,Smith,Female,São Paulo,Brazil,São Paulo,Brazil,São Paulo,Brazil,2024-09-08 10:05:36,Transfer,101.77,INR,Whole Foods,Bills & Utilities,Payment for groceries,FALSE,2807415777,NSBQPSJH,6905545665,QJEARHDE,11508.54,11206.48,1,
TXN00001508,CUST009545,Isabella,Jackson,Female,São Paulo,Brazil,São Paulo,Brazil,São Paulo,Brazil,2024-08-02 03:20:09,Purchase,208.17,CNY,Walmart,Gas & Fuel,Payment for health & fitness,FALSE,9569227609,ZSHBPZJV,2009135738,TCUWSEOB,10816.18,11325.23,1,
TXN00000079,CUST005483,Richard,Martin,Female,Paris,France,Paris,France,Paris,France,2024-05-23 19:05:46,Purchase,394.68,GBP,Delta Airlines,Shopping,Payment for travel,FALSE,1175596013,PWJTZFLQ,3449197519,IEADXLXN,6377.43,7186.85,1,
TXN00004143,CUST007373,William,Taylor,Male,Rome,Italy,Rome,Italy,Rome,Italy,2025-03-28 12:35:30,Transfer,292.97,EUR,Home Depot,Entertainment,Payment for shopping,FALSE,3812441050,BQMLJKLX,1717333742,KHMXIKFR,14513.22,13774.52,1,
TXN00004295,CUST001923,Robert,Miller,Female,Rome,Italy,Rome,Italy,Rome,Italy,2024-01-06 16:53:38,Transfer,438.08,EUR,Airbnb,Health & Fitness,Payment for entertainment,FALSE,4131219032,CSDAXKQC,1390888759,PMFOANDL,13194.84,13443.95,1,
TXN00001562,CUST004094,William,Jones,Female,Sydney,Australia,Sydney,Australia,Sydney,Australia,2025-04-21 14:36:17,Transfer,386.35,GBP,Netflix,Gas & Fuel,Payment for electronics,FALSE,2612257219,GYURJHHG,6123579902,GCRMJYBX,8070.77,8897.63,1,
TXN00000228,CUST001346,David,Wilson,Female,Shanghai,China,Shanghai,China,Shanghai,China,2024-03-11 01:37:25,Transfer,463.95,USD,Amazon,Food & Dining,Payment for groceries,FALSE,8083023404,YGIMPNJX,1564033877,MDCXVQRW,7204.02,8044.94,1,
TXN00003245,CUST003639,Harper,Rodriguez,Male,Shanghai,China,Shanghai,China,Shanghai,China,2024-03-09 10:06:17,Transfer,192.29,CNY,Shell Gas,Gas & Fuel,Payment for gas & fuel,TRUE,5916343243,AXJACAWS,3076814394,ZOKHLHPH,7039.3,7511.97,1,
TXN00004663,CUST006657,David,Thomas,Female,Sydney,Australia,Sydney,Australia,Sydney,Australia,2025-09-19 16:29:37,Purchase,225.58,JPY,Amazon,Health & Fitness,Payment for entertainment,FALSE,1426416104,FANQLJMB,5020495081,CPCQLHMA,7010.62,7291.29,1,
TXN00000634,CUST008341,John,Jones,Female,Toronto,Canada,Toronto,Canada,Toronto,Canada,2024-01-03 12:40:03,Purchase,420.19,CHF,Best Buy,Electronics,Payment for food & dining,FALSE,1284665180,MFLWBPGP,7581059888,IJFEJUGN,4939.62,5226.28,1,
TXN00000915,CUST003658,William,Lee,Male,Singapore,Singapore,Singapore,Singapore,Singapore,Singapore,2025-09-24 04:01:41,Purchase,51.33,INR,Home Depot,Gas & Fuel,Payment for entertainment,FALSE,2942976847,LBBCOLIO,8232459689,KMXKTEAO,10626.83,10793.84,1,
TXN00003384,CUST008020,Harper,Jones,Male,Dubai,UAE,Dubai,UAE,Dubai,UAE,2024-10-21 09:28:55,Purchase,500.16,CHF,Shell Gas,Electronics,Payment for health & fitness,FALSE,4711357523,DAMUVAFT,1363238166,LOTVWSGA,8441.26,9416.66,1,
TXN00001538,CUST005562,Isabella,Lopez,Female,Berlin,Germany,Berlin,Germany,Berlin,Germany,2024-04-15 19:17:18,Transfer,435.45,CAD,Marriott Hotels,Bills & Utilities,Payment for bills & utilities,FALSE,3211020281,XXOPXGFX,1327082879,NOFKWVUV,7442.53,7017.38,1,
TXN00003208,CUST006958,James,Anderson,Male,Madrid,Spain,Madrid,Spain,Madrid,Spain,2024-09-08 09:54:17,Purchase,13.62,CAD,Best Buy,Health & Fitness,Payment for health & fitness,FALSE,1681529946,HZURASEX,7949358963,UJQQHWLJ,6314.67,5527.17,1,
TXN00000516,CUST008678,Daniel,Jackson,Male,Shanghai,China,Shanghai,China,Shanghai,China,2024-07-13 01:12:37,Purchase,421.71,USD,Starbucks,Travel,Payment for home & garden,FALSE,9873242153,EOIICFYG,2293022066,YWXOLJEQ,8489.91,9013.42,1,
TXN00001207,CUST003558,John,Wilson,Male,Mumbai,India,Mumbai,India,Mumbai,India,2024-11-20 04:33:09,Purchase,367.57,EUR,Best Buy,Entertainment,Payment for shopping,FALSE,5472675963,DCOEIRID,5971064544,PDDVQQFI,7346.31,7702.95,1,
TXN00004401,CUST007713,James,Lee,Female,Toronto,Canada,Toronto,Canada,Toronto,Canada,2024-12-26 10:35:57,Transfer,221.03,GBP,Starbucks,Shopping,Payment for entertainment,FALSE,2343407912,YZMNZLWO,5949336401,NTIWCTZQ,5774.48,6673.53,1,
TXN00002183,CUST008979,John,Lee,Female,Singapore,Singapore,Singapore,Singapore,Singapore,Singapore,2024-06-02 21:09:10,Purchase,333.2,JPY,Best Buy,Health & Fitness,Payment for groceries,FALSE,5558905403,EZKPWDTQ,7249222925,GHYLDIWS,14012.43,13177.03,1,
TXN00000580,CUST008137,David,Smith,Female,Mumbai,India,Mumbai,India,Mumbai,India,2025-07-22 01:53:00,Purchase,438.26,USD,Delta Airlines,Travel,Payment for food & dining,FALSE,5867139450,GNPDEBHO,5824115225,FJFSNOKX,8121.92,7934.7,1,
TXN00003296,CUST004242,Sophia,Johnson,Male,London,UK,London,UK,London,UK,2025-04-24 01:55:52,Purchase,255.19,AUD,Amazon,Travel,Payment for shopping,FALSE,9797685216,FGGGZGJX,6704962128,AONIYFGU,7259.08,7347.77,1,
TXN00004255,CUST001672,Evelyn,Anderson,Female,Berlin,Germany,Berlin,Germany,Berlin,Germany,2024-08-22 11:43:54,Transfer,350.19,AUD,Starbucks,Health & Fitness,Payment for health & fitness,FALSE,3232182407,XKRXCDER,7458450532,BDDYZGZY,5367.03,5981.22,1,
TXN00001314,CUST000422,Olivia,Anderson,Male,Sydney,Australia,Sydney,Australia,Sydney,Australia,2025-10-09 03:47:14,Purchase,199.02,CNY,Delta Airlines,Entertainment,Payment for electronics,FALSE,1707418240,ZEFEDRUA,6272957225,MZMVGFVJ,10257.26,9873.86,1,
TXN00001000,CUST001932,Robert,Anderson,Female,Toronto,Canada,Toronto,Canada,Toronto,Canada,2024-09-30 14:50:09,Purchase,446.01,GBP,Whole Foods,Electronics,Payment for food & dining,FALSE,7843508620,KHOHXIGZ,7877698909,IDNJQHOS,13477.77,13646.27,1,
TXN00000185,CUST009133,James,Lee,Female,London,UK,London,UK,London,UK,2025-05-04 00:25:52,Purchase,412.43,AUD,Amazon,Travel,Payment for entertainment,TRUE,9492780935,MBUIXFKT,7715530497,CNYPULFL,10950.8,11562.34,1,
TXN00000026,CUST004324,David,Taylor,Male,London,UK,London,UK,London,UK,2024-01-18 00:13:48,Purchase,272.18,USD,Target,Electronics,Payment for bills & utilities,FALSE,4555047744,PCABFJFS,2688719589,EDKRCMLN,6277.67,6906.98,1,
TXN00003077,CUST003184,Sophia,Brown,Female,Singapore,Singapore,Singapore,Singapore,Singapore,Singapore,2024-07-26 11:33:02,Purchase,498.39,GBP,Walmart,Health & Fitness,Payment for food & dining,FALSE,6558906811,APGRVRWN,2653955537,RFHFKZLM,13252.83,13282.24,1,
TXN00001922,CUST005163,Daniel,Moore,Female,New York,USA,New York,USA,New York,USA,2024-02-11 19:15:11,Purchase,256.71,INR,Amazon,Groceries,Payment for health & fitness,FALSE,4031997050,XCORUVJU,2495989836,QQQATSRF,5156.52,5369.98,1,
TXN00001524,CUST000729,Thomas,Jackson,Male,Sydney,Australia,Sydney,Australia,Sydney,Australia,2024-12-02 14:13:23,Purchase,237.7,USD,Target,Electronics,Payment for health & fitness,FALSE,2492788636,PVUTYZGG,1927477195,NMYBQIYQ,10045.85,9233.06,1,
TXN00003187,CUST006457,Mia,Jackson,Female,London,UK,London,UK,London,UK,2024-04-08 06:21:28,Transfer,187.2,USD,Netflix,Health & Fitness,Payment for electronics,FALSE,1388275721,OXRLDWLZ,5392243756,SRRULRNB,6147.86,6169.03,1,
TXN00003858,CUST005804,Mia,Williams,Male,Singapore,Singapore,Singapore,Singapore,Singapore,Singapore,2024-06-24 18:13:19,Purchase,155.19,CAD,McDonalds,Shopping,Payment for entertainment,FALSE,3506705131,WZRYKWUO,5333407138,KKKLHTJN,11634.78,11654.97,1,
TXN00000017,CUST004078,Emma,Jackson,Male,Toronto,Canada,Toronto,Canada,Toronto,Canada,2025-05-10 00:55:09,Purchase,294.26,CAD,Amazon,Bills & Utilities,Payment for gas & fuel,FALSE,2203510539,SHRNJYVI,4573499435,AOGLAUEM,7125.47,7044.54,1,
TXN00002086,CUST009368,Robert,Davis,Female,Mexico City,Mexico,Mexico City,Mexico,Mexico City,Mexico,2024-06-13 19:12:14,Purchase,483.43,USD,Netflix,Health & Fitness,Payment for electronics,TRUE,9731577770,SIRWEYZR,3366212699,QYMOWKPN,11198.84,11577.59,1,
TXN00000716,CUST005735,Olivia,Miller,Male,Rome,Italy,Rome,Italy,Rome,Italy,2024-05-08 01:59:46,Purchase,79.91,CNY,Whole Foods,Electronics,Payment for home & garden,FALSE,6050144901,RHIHPBYT,9431956126,UMCKOMKG,8770.71,8784.86,1,
TXN00000939,CUST002583,Michael,Anderson,Female,Rome,Italy,Rome,Italy,Rome,Italy,2025-02-02 15:30:12,Purchase,56.83,CNY,McDonalds,Food & Dining,Payment for electronics,FALSE,2972941034,NIARLWUK,9269184170,VRCFURUZ,8468.02,8322.93,1,
TXN00000518,CUST009936,Michael,Moore,Male,São Paulo,Brazil,São Paulo,Brazil,São Paulo,Brazil,2024-09-05 21:19:35,Transfer,329.03,USD,McDonalds,Home & Garden,Payment for groceries,FALSE,7770183644,XMALFSNA,5253460984,BLNOPSSC,7908.34,7773.66,1,
TXN00000642,CUST003456,Michael,Lee,Male,Madrid,Spain,Madrid,Spain,Madrid,Spain,2024-02-02 12:26:54,Purchase,90.59,CHF,Delta Airlines,Electronics,Payment for bills & utilities,TRUE,6004386962,VEXNBYGQ,2110677034,KYOFFGXC,10434.49,10893.75,1,
TXN00000345,CUST003539,John,Lee,Female,Sydney,Australia,Sydney,Australia,Sydney,Australia,2024-06-18 20:19:15,Purchase,236.18,JPY,Amazon,Bills & Utilities,Payment for gas & fuel,FALSE,4125187909,UIZTGBYF,2965254532,QALKPQZP,9616.88,10302.54,1,
TXN00000802,CUST006984,Sophia,Smith,Female,Shanghai,China,Shanghai,China,Shanghai,China,2025-10-09 10:38:48,Purchase,147.47,GBP,Target,Home & Garden,Payment for health & fitness,FALSE,4276463326,RJVBBDOH,5771741362,PSYQTMMK,14146.01,13302.98,1,
TXN00004435,CUST001910,Isabella,Rodriguez,Male,Mexico City,Mexico,Mexico City,Mexico,Mexico City,Mexico,2024-12-15 02:22:51,Purchase,374.99,AUD,Target,Shopping,Payment for groceries,FALSE,4145976858,KZLLTPYE,7355775845,SBXNNAKL,5499.03,5811.4,1,
TXN00000869,CUST003378,Amelia,Martin,Female,Singapore,Singapore,Singapore,Singapore,Singapore,Singapore,2024-06-24 07:26:37,Purchase,468.34,EUR,McDonalds,Electronics,Payment for bills & utilities,FALSE,1635482345,OLLVNABQ,5189885960,GQJNCYTY,14973.96,14324.17,1,
TXN00003286,CUST006709,Sophia,Lee,Male,Tokyo,Japan,Tokyo,Japan,Tokyo,Japan,2025-02-13 02:04:27,Purchase,406.04,CNY,McDonalds,Food & Dining,Payment for health & fitness,FALSE,3775002462,PZIDHTME,2458869017,TPOXKTQB,6700.66,6108.78,1,
TXN00002820,CUST007528,James,Moore,Female,London,UK,London,UK,London,UK,2025-02-19 09:41:57,Purchase,357.96,INR,Airbnb,Shopping,Payment for health & fitness,FALSE,2778137114,GARDSSAB,3572089614,RUOCVFGN,5788.89,6550.39,1,
TXN00002505,CUST005712,Olivia,Williams,Female,Mumbai,India,Mumbai,India,Mumbai,India,2024-10-19 13:34:10,Purchase,166.15,CNY,Netflix,Food & Dining,Payment for bills & utilities,TRUE,9032135250,TIACVQON,3545875833,KYLFAGXQ,13991.71,14633.24,1,
TXN00003924,CUST000341,Evelyn,Johnson,Male,São Paulo,Brazil,São Paulo,Brazil,São Paulo,Brazil,2025-09-21 17:17:07,Purchase,65.6,AUD,Starbucks,Food & Dining,Payment for gas & fuel,FALSE,6216492637,JMSNSAFY,7322037932,QFMDMOPT,12238.83,11516.08,1,
TXN00003570,CUST006640,James,Miller,Female,São Paulo,Brazil,São Paulo,Brazil,São Paulo,Brazil,2024-01-24 22:35:40,Purchase,345.82,JPY,Marriott Hotels,Shopping,Payment for travel,FALSE,5507524823,NLRFYDUU,3910902020,DVUOQMFS,14158.13,13302.63,1,
TXN00004334,CUST003836,Olivia,Johnson,Female,London,UK,London,UK,London,UK,2024-01-23 03:57:04,Purchase,58.8,CNY,Home Depot,Electronics,Payment for health & fitness,TRUE,7599959964,CWVYSHBQ,9966361143,YUXCJYPC,10499.38,10409.74,1,
TXN00004096,CUST001163,Joseph,Lopez,Female,São Paulo,Brazil,São Paulo,Brazil,São Paulo,Brazil,2024-07-11 09:00:20,Purchase,431.75,CAD,Starbucks,Food & Dining,Payment for food & dining,FALSE,4714969912,MISDPXQB,3918465239,UENEPBQX,11145.31,11449.55,1,
TXN00004618,CUST004591,Ava,Johnson,Female,Madrid,Spain,Madrid,Spain,Madrid,Spain,2024-07-26 16:06:40,Purchase,13.27,CHF,Apple Store,Home & Garden,Payment for electronics,FALSE,4047712201,JVRJFXSJ,3031241034,CNKEYRXA,12233.86,11373.42,1,
TXN00003274,CUST004539,David,Martin,Female,New York,USA,New York,USA,New York,USA,2024-03-06 21:09:55,Purchase,16.23,EUR,Walmart,Home & Garden,Payment for electronics,FALSE,1110388153,QOKAKJLM,5951980714,LSNGFZBX,6705.74,6709.33,1,
TXN00002356,CUST003169,Thomas,Rodriguez,Female,Mexico City,Mexico,Mexico City,Mexico,Mexico City,Mexico,2024-10-14 20:25:46,Transfer,478.5,CAD,McDonalds,Bills & Utilities,Payment for groceries,FALSE,9783344236,NIISDUMF,5887142310,DXRGYZYX,6208.48,5946.89,1,
TXN00002662,CUST003954,Daniel,Moore,Male,Mumbai,India,Mumbai,India,Mumbai,India,2024-01-16 01:18:50,Transfer,59.66,INR,Best Buy,Gas & Fuel,Payment for home & garden,FALSE,9313923798,LHJZIFJN,4796715713,RZVNJXIO,11020.6,10281.39,1,
TXN00003373,CUST005341,Thomas,Wilson,Female,New York,USA,New York,USA,New York,USA,2024-07-26 21:38:21,Purchase,115.13,JPY,Netflix,Shopping,Payment for entertainment,FALSE,1936509470,JJILADIS,3879410100,KCCYOGZN,13337.07,12413.94,1,
TXN00000923,CUST007662,Charlotte,Hernandez,Female,Madrid,Spain,Madrid,Spain,Madrid,Spain,2024-11-28 17:21:24,Transfer,498.35,CAD,Best Buy,Travel,Payment for bills & utilities,FALSE,3655775644,YSSKSAHR,5739862863,FZNBDGAQ,8482.95,7492.16,1,
TXN00004289,CUST009903,Daniel,Rodriguez,Female,Tokyo,Japan,Tokyo,Japan,Tokyo,Japan,2024-07-08 09:04:44,Purchase,442.85,EUR,McDonalds,Home & Garden,Payment for shopping,FALSE,9552139678,WCBOZRNO,2431615375,IHWJBWGV,11175.05,11362.69,1,
TXN00003262,CUST006882,Ava,Lee,Male,Sydney,Australia,Sydney,Australia,Sydney,Australia,2025-08-27 21:05:06,Transfer,53.53,CNY,Best Buy,Food & Dining,Payment for shopping,FALSE,2682755595,TMCLWCOI,2704109215,LTIMGOVP,5564.43,5705.36,1,
TXN00004535,CUST001399,Charlotte,Smith,Female,Rome,Italy,Rome,Italy,Rome,Italy,2024-05-30 03:07:31,Transfer,300.66,CAD,Starbucks,Home & Garden,Payment for home & garden,FALSE,8425544524,WVCMKBQC,9373499628,SWFJGOXL,5809.79,6278.75,1,
TXN00004550,CUST005384,Thomas,Wilson,Male,Berlin,Germany,Berlin,Germany,Berlin,Germany,2025-08-25 08:11:42,Purchase,430.79,CAD,Amazon,Gas & Fuel,Payment for shopping,TRUE,4869113871,OMDHZKOT,8806814567,UIVNRIGQ,10822.08,9896.95,1,
TXN00004745,CUST008032,Daniel,Taylor,Female,Dubai,UAE,Dubai,UAE,Dubai,UAE,2024-09-19 16:44:52,Purchase,142.68,CAD,Home Depot,Travel,Payment for home & garden,FALSE,1942109040,SCPUYZNP,1912669919,KCWZTNGA,5674.76,5900.48,1,
TXN00004168,CUST001536,Robert,Brown,Male,Paris,France,Paris,France,Paris,France,2024-12-12 12:45:15,Purchase,45.42,JPY,McDonalds,Food & Dining,Payment for health & fitness,FALSE,3566271942,LVLFZDSZ,6627452521,KCTQCDLX,12934.8,12379.79,1,
TXN00002533,CUST000173,Daniel,Anderson,Female,Madrid,Spain,Madrid,Spain,Madrid,Spain,2025-07-26 03:00:25,Purchase,371.51,GBP,Whole Foods,Health & Fitness,Payment for shopping,FALSE,3545553619,DYWSRTTE,8272513918,IONMZUJM,8702.14,8404.37,1,
TXN00002899,CUST001360,John,Garcia,Female,Rome,Italy,Rome,Italy,Rome,Italy,2024-01-28 12:23:07,Purchase,496.16,AUD,Amazon,Health & Fitness,Payment for bills & utilities,FALSE,8230004117,KPUWTJBX,1472901254,KJAWNLTV,5603.63,5735.94,1,
TXN00002502,CUST007525,Emma,Williams,Female,Tokyo,Japan,Tokyo,Japan,Tokyo,Japan,2025-07-30 11:57:10,Purchase,383.35,EUR,Marriott Hotels,Electronics,Payment for health & fitness,FALSE,9272257133,WYUFZRHB,6223095449,XZVQYRDA,10094.97,9362.54,1,
TXN00000321,CUST006466,Charlotte,Taylor,Male,Toronto,Canada,Toronto,Canada,Toronto,Canada,2024-04-19 05:33:37,Purchase,217.64,EUR,Uber,Travel,Payment for gas & fuel,FALSE,7577295008,ABJGUDRL,6934861028,TJRVUEWY,5949.66,6796.38,1,
TXN00000768,CUST008939,Mia,Thomas,Female,Madrid,Spain,Madrid,Spain,Madrid,Spain,2024-08-31 01:29:34,Purchase,115.11,CNY,Shell Gas,Entertainment,Payment for home & garden,FALSE,7315029361,BEIVJOUC,9686367324,PCJSKQEL,8608.03,8524.81,1,
TXN00002657,CUST000738,Ava,Taylor,Male,Shanghai,China,Shanghai,China,Shanghai,China,2024-04-03 13:53:28,Transfer,179.28,JPY,Amazon,Travel,Payment for entertainment,FALSE,4720584127,PMWLDQNE,6088293458,TFTHEHEB,9283.62,10281.09,1,
TXN00004344,CUST001105,James,Miller,Female,Mumbai,India,Mumbai,India,Mumbai,India,2024-07-24 14:57:45,Purchase,63.66,EUR,Marriott Hotels,Travel,Payment for bills & utilities,FALSE,2684577674,UEBWJNWB,3772516418,IUFOPDEC,7965.54,7777.93,1,
TXN00002760,CUST000850,Daniel,Smith,Female,Sydney,Australia,Sydney,Australia,Sydney,Australia,2025-03-02 11:39:40,Purchase,135.74,EUR,Airbnb,Travel,Payment for gas & fuel,FALSE,2310637812,JSNFMUWE,1751913183,NOALSEEE,13755.29,13768.88,1,
TXN00002668,CUST000947,Charlotte,Wilson,Male,Rome,Italy,Rome,Italy,Rome,Italy,2024-09-09 20:41:33,Transfer,114.42,INR,Netflix,Health & Fitness,Payment for food & dining,FALSE,3524608700,LTZPIAHA,7378912064,KMJSZEDS,9902.14,8987.83,1,
TXN00002346,CUST009445,Daniel,Moore,Female,Rome,Italy,Rome,Italy,Rome,Italy,2024-12-24 22:21:06,Transfer,192.75,CNY,Netflix,Travel,Payment for groceries,FALSE,7351885599,LVDKNQVD,3771950057,BRBBJELG,10289.63,10435.96,1,
TXN00002431,CUST009444,Olivia,Lee,Male,Shanghai,China,Shanghai,China,Shanghai,China,2025-05-13 14:02:05,Purchase,195.71,CNY,McDonalds,Entertainment,Payment for shopping,TRUE,5502891934,TZLELBJP,8931785701,CKBXHZQK,11788.51,12207.41,1,
TXN00002529,CUST007347,Sophia,Jackson,Male,Mumbai,India,Mumbai,India,Mumbai,India,2024-11-19 03:58:47,Purchase,175.58,CNY,Airbnb,Health & Fitness,Payment for home & garden,FALSE,9068419547,WLUGYXMI,4598318911,FSUSZLGR,12929.54,13709.72,1,
TXN00001278,CUST005421,Amelia,Miller,Female,Paris,France,Paris,France,Paris,France,2025-03-15 08:36:11,Purchase,323.22,EUR,Target,Entertainment,Payment for food & dining,FALSE,2979084425,CKJEKLEB,3690686328,XJSIRGRJ,5350.54,6237.27,1,
TXN00003568,CUST000257,Amelia,Thomas,Female,Sydney,Australia,Sydney,Australia,Sydney,Australia,2024-08-28 08:09:14,Purchase,314.65,GBP,Uber,Entertainment,Payment for food & dining,FALSE,3853727950,HIKVCTTR,6365969384,TVHYVVGI,6341.74,5805.85,1,
TXN00002144,CUST004391,Michael,Lee,Male,Berlin,Germany,Berlin,Germany,Berlin,Germany,2024-05-02 07:29:11,Purchase,63.49,JPY,Marriott Hotels,Home & Garden,Payment for health & fitness,FALSE,5262644363,AIMWHHXO,3133003410,LQMBIDJD,9735.77,10219.36,1,
TXN00003928,CUST003500,John,Smith,Female,Shanghai,China,Shanghai,China,Shanghai,China,2025-09-20 13:35:18,Purchase,372.03,USD,McDonalds,Shopping,Payment for bills & utilities,FALSE,4094500045,TYVYYLIK,9148467165,ZMJDLYFR,10714.56,11620.27,1,
TXN00003829,CUST007278,Thomas,Davis,Male,Tokyo,Japan,Tokyo,Japan,Tokyo,Japan,2025-05-14 09:05:57,Purchase,262.19,GBP,Delta Airlines,Bills & Utilities,Payment for shopping,TRUE,6369096206,KAKSLMIU,1824580291,KRLERQZC,9787.47,10097.47,1,
TXN00000102,CUST007885,Ava,Garcia,Female,Toronto,Canada,Toronto,Canada,Toronto,Canada,2024-06-26 01:55:48,Transfer,95.64,USD,Shell Gas,Home & Garden,Payment for food & dining,TRUE,1776745962,BVMFIPDG,2981244099,SYQHVGWP,7988.74,7250.4,1,
TXN00002721,CUST006874,Mia,Miller,Female,São Paulo,Brazil,São Paulo,Brazil,São Paulo,Brazil,2024-01-10 04:29:10,Purchase,420.54,USD,Uber,Electronics,Payment for entertainment,FALSE,4816417924,GQLYEYTE,7084993773,HFJPXKFI,11503.68,11415.71,1,
TXN00003695,CUST006118,David,Smith,Female,Rome,Italy,Rome,Italy,Rome,Italy,2024-01-21 04:05:28,Purchase,169.81,CNY,Starbucks,Health & Fitness,Payment for entertainment,FALSE,1140870277,ITXSKWNW,1278629347,UFIXMSTN,9152.35,8441.31,1,
TXN00002298,CUST002734,Mia,Anderson,Male,Mexico City,Mexico,Mexico City,Mexico,Mexico City,Mexico,2025-07-02 04:48:20,Transfer,32.89,AUD,Best Buy,Bills & Utilities,Payment for shopping,FALSE,4372393471,DVYTWFCE,4286768609,FWGGZTWL,11376.52,11514.39,1,
TXN00004254,CUST004630,Robert,Lee,Male,Toronto,Canada,Toronto,Canada,Toronto,Canada,2025-04-22 11:57:38,Transfer,254.78,CNY,McDonalds,Food & Dining,Payment for entertainment,FALSE,1752215442,SXAZSXNE,3336046235,ICSPIWWR,10092.46,10816.61,1,
TXN00000991,CUST001938,Olivia,Rodriguez,Female,Paris,France,Paris,France,Paris,France,2025-05-07 15:12:36,Purchase,389.69,CNY,Best Buy,Travel,Payment for electronics,FALSE,1480448579,XJUSUPHT,7847466426,HUKRKQNL,12505.76,13370.79,1,
TXN00004125,CUST007868,David,Lee,Female,Toronto,Canada,Toronto,Canada,Toronto,Canada,2025-08-04 05:56:30,Purchase,374.05,USD,Netflix,Travel,Payment for gas & fuel,FALSE,1865117842,TAVQIPEJ,2091664878,RRWDYIPY,9457.04,10230.81,1,
TXN00001816,CUST009516,Harper,Lopez,Female,Madrid,Spain,Madrid,Spain,Madrid,Spain,2024-04-07 06:47:22,Purchase,43.75,AUD,Whole Foods,Food & Dining,Payment for shopping,FALSE,8953299310,EALJNEFX,2468795847,AVVWKMCA,9737.62,9255.57,1,
TXN00004361,CUST006353,Richard,Garcia,Female,Paris,France,Paris,France,Paris,France,2024-02-28 20:15:11,Purchase,317.27,EUR,McDonalds,Entertainment,Payment for gas & fuel,FALSE,5109265684,YSJTDHJL,5231757064,CYKVAESA,5504.1,5988.09,1,
TXN00003247,CUST005190,Robert,Hernandez,Male,Mumbai,India,Mumbai,India,Mumbai,India,2025-05-04 16:38:18,Purchase,146.57,CNY,Uber,Electronics,Payment for entertainment,TRUE,8189156737,NPRJNDOS,4456906477,GTRFOOVP,10474.03,11177.44,1,
TXN00003518,CUST007247,Charlotte,Smith,Male,Mumbai,India,Mumbai,India,Mumbai,India,2025-07-21 18:49:45,Transfer,508.25,AUD,Home Depot,Electronics,Payment for entertainment,FALSE,5637851074,GLJNEYMQ,7145990649,AXFEGUGM,13638.64,14151.92,1,
TXN00004828,CUST006959,Sophia,Smith,Male,New York,USA,London,UK,Mumbai,India,2025-04-12 15:03:01,Transfer,5406.1,AUD,Delta Airlines,Home & Garden,Payment for bills & utilities,FALSE,2091067984,WHDLFZZX,3473174107,GYEOYVSQ,13467.21,13421.87,0,Login from different country than transaction
TXN00000666,CUST001095,Thomas,Davis,Male,Mumbai,India,Mumbai,India,Mumbai,India,2025-01-06 02:16:02,Purchase,195.73,CNY,Airbnb,Entertainment,Payment for electronics,FALSE,9655711311,RULCQMNB,3349402484,XERWOISJ,13352.54,13933.31,1,
TXN00004400,CUST009493,Daniel,Garcia,Male,Mexico City,Mexico,Mexico City,Mexico,Mexico City,Mexico,2025-05-03 18:54:52,Purchase,334.07,EUR,Airbnb,Bills & Utilities,Payment for shopping,FALSE,6407495026,SPKVOKQK,3759121567,UAKNPLUE,9622.4,9055.45,1,
TXN00000765,CUST006349,Ava,Anderson,Male,Shanghai,China,Shanghai,China,Shanghai,China,2025-01-26 05:32:31,Purchase,151.05,CAD,Delta Airlines,Electronics,Payment for gas & fuel,FALSE,6719279373,DRDVUTOS,5802851110,PSKDREAZ,12512.18,12697.07,1,
TXN00004422,CUST002865,Emma,Smith,Male,Mexico City,Mexico,Mexico City,Mexico,Mexico City,Mexico,2025-05-13 03:05:39,Transfer,398.59,EUR,Best Buy,Entertainment,Payment for groceries,FALSE,4598191758,YYANLDHX,2068143323,GMBNODGL,10124.81,10339.46,1,
TXN00003281,CUST003592,Joseph,Johnson,Female,Tokyo,Japan,Tokyo,Japan,Tokyo,Japan,2025-03-31 20:28:22,Transfer,350.87,GBP,McDonalds,Bills & Utilities,Payment for travel,FALSE,3447585398,XTCLLPLL,8244121676,GVMQUENT,7990.72,6996.37,1,
TXN00002053,CUST006269,Joseph,Wilson,Male,Dubai,UAE,Dubai,UAE,Dubai,UAE,2024-06-28 08:54:55,Purchase,264.6,CNY,Uber,Travel,Payment for gas & fuel,FALSE,7316145053,ZKUWDBVE,5353962902,WAFZKGWQ,6109.09,5997.26,1,
TXN00001360,CUST005505,William,Lopez,Female,Toronto,Canada,Toronto,Canada,Toronto,Canada,2025-04-15 04:52:50,Purchase,102.82,CAD,Airbnb,Entertainment,Payment for electronics,FALSE,3551572906,XOCIITXL,9172251476,DAOXDQRK,4799.28,5283.23,1,
TXN00000680,CUST009587,John,Davis,Female,São Paulo,Brazil,São Paulo,Brazil,São Paulo,Brazil,2025-07-11 23:53:42,Purchase,501.94,CAD,Delta Airlines,Travel,Payment for health & fitness,FALSE,4057496095,JITMXKWK,4558082023,ETNXPXBY,4333.6,5075.84,1,
TXN00004845,CUST005514,Amelia,Anderson,Female,New York,USA,New York,USA,New York,USA,2025-04-08 11:24:57,Purchase,2386.48,EUR,Uber,Gas & Fuel,Payment for electronics,TRUE,7276523691,ZFRJLTKV,6965803743,AUYPOEMF,6030.66,5294.46,0,Multiple transactions in short time
TXN00001785,CUST002110,Ava,Martinez,Female,Berlin,Germany,Berlin,Germany,Berlin,Germany,2025-04-19 22:16:42,Purchase,439.17,EUR,Netflix,Shopping,Payment for bills & utilities,FALSE,4309007373,KKEYXGNQ,2502784866,KZMTDWAD,10795.88,10077.5,1,
TXN00000638,CUST000235,Charlotte,Moore,Female,Paris,France,Paris,France,Paris,France,2024-10-20 14:56:02,Purchase,286.34,AUD,Home Depot,Health & Fitness,Payment for bills & utilities,FALSE,3203643578,AMWISIVJ,6737183024,XNSRKNKV,11960.11,12393.84,1,
TXN00003060,CUST006317,Mia,Hernandez,Male,São Paulo,Brazil,São Paulo,Brazil,São Paulo,Brazil,2025-04-05 06:05:14,Purchase,78.59,CHF,Best Buy,Entertainment,Payment for gas & fuel,FALSE,7667944588,AWWPDDYJ,2042658921,ENSDNZUM,11302.13,11145.44,1,
TXN00001476,CUST005706,Evelyn,Hernandez,Female,Singapore,Singapore,Singapore,Singapore,Singapore,Singapore,2024-07-05 19:26:42,Purchase,26.23,AUD,Airbnb,Bills & Utilities,Payment for travel,FALSE,5142488103,BYBYAGBA,2660237198,XVFVIBGL,13189.05,12220.87,1,
TXN00000625,CUST000860,James,Smith,Female,Shanghai,China,Shanghai,China,Shanghai,China,2024-03-03 08:54:58,Purchase,368.09,AUD,McDonalds,Health & Fitness,Payment for bills & utilities,FALSE,1719555103,CAPWBUAQ,4869835159,GYXTPBHF,6575.36,6924.91,1,
TXN00002704,CUST000616,David,Thomas,Male,Dubai,UAE,Dubai,UAE,Dubai,UAE,2024-09-04 01:47:27,Purchase,281.41,CNY,Apple Store,Travel,Payment for entertainment,FALSE,2205225416,TBOXNBHC,3369242549,GIWYIRAS,12017.16,11655.21,1,
TXN00001969,CUST000508,Richard,Jackson,Female,Sydney,Australia,Sydney,Australia,Sydney,Australia,2024-05-19 00:08:13,Transfer,223.82,USD,Best Buy,Food & Dining,Payment for gas & fuel,FALSE,4429577788,UDECJRGZ,9947073818,VAFHLNQD,7021.68,7818.29,1,
TXN00002142,CUST000943,Charlotte,Lopez,Female,Tokyo,Japan,Tokyo,Japan,Tokyo,Japan,2024-11-23 23:49:41,Purchase,307.78,CNY,Target,Entertainment,Payment for entertainment,FALSE,9950999442,THBGCSOG,7001105894,PGBAREKY,9219.19,8278.29,1,
TXN00000764,CUST009709,Mia,Miller,Male,Mexico City,Mexico,Mexico City,Mexico,Mexico City,Mexico,2024-08-17 16:22:01,Purchase,320.38,AUD,Apple Store,Electronics,Payment for groceries,FALSE,6860194210,SIHTKLOH,1679135172,RIAQULBN,4805.6,5164.9,1,
TXN00001085,CUST004998,Olivia,Martin,Male,Berlin,Germany,Berlin,Germany,Berlin,Germany,2024-08-26 15:08:47,Transfer,326.52,AUD,Shell Gas,Food & Dining,Payment for travel,FALSE,7374163098,TGPVFJTQ,9895773504,QHMNRERJ,8782.77,9507.15,1,
TXN00000240,CUST005612,Joseph,Lopez,Female,London,UK,London,UK,London,UK,2024-08-15 21:36:21,Purchase,446.29,EUR,Starbucks,Entertainment,Payment for gas & fuel,FALSE,2884850522,IQAHNQMC,1530645447,PPJGNRPW,9708.14,8796.46,1,
TXN00002176,CUST007335,Joseph,Anderson,Male,Tokyo,Japan,Tokyo,Japan,Tokyo,Japan,2024-06-20 05:46:13,Purchase,254.53,CHF,Home Depot,Electronics,Payment for bills & utilities,FALSE,7819114319,GOIJUAQY,4799562833,KOTOJGIW,12189.29,12460.82,1,
TXN00001926,CUST001074,Ava,Smith,Female,London,UK,London,UK,London,UK,2025-05-21 23:28:43,Purchase,267.74,EUR,Home Depot,Entertainment,Payment for shopping,FALSE,7834400514,XIJWDJKV,4923353840,BYXYOPJM,8542.36,8822.1,1,
TXN00001886,CUST005303,William,Wilson,Male,Sydney,Australia,Sydney,Australia,Sydney,Australia,2025-07-28 06:49:19,Transfer,386.12,CHF,Walmart,Travel,Payment for home & garden,FALSE,6064195624,ZGXGKJAF,4568585034,PGFZLKIR,12960.8,12734.98,1,
TXN00002845,CUST001668,Richard,Jones,Female,Toronto,Canada,Toronto,Canada,Toronto,Canada,2025-04-21 10:49:46,Transfer,243.72,CAD,Apple Store,Shopping,Payment for gas & fuel,FALSE,7384741056,JYVEREOG,4125946742,GJRKYZON,6818.63,6198.74,1,
TXN00002817,CUST002176,Charlotte,Smith,Male,New York,USA,New York,USA,New York,USA,2024-10-09 23:28:43,Transfer,338.12,JPY,Walmart,Gas & Fuel,Payment for groceries,FALSE,7211483154,JALVXVYU,1526457752,CAOWRZOL,8499.13,8566.05,1,
TXN00002380,CUST008444,John,Moore,Male,Madrid,Spain,Madrid,Spain,Madrid,Spain,2024-03-20 04:06:52,Transfer,456.49,CAD,Delta Airlines,Home & Garden,Payment for electronics,FALSE,6524033425,LGYBHILA,8304205136,IOAIUJZL,13127.16,13684.46,1,
TXN00004748,CUST001098,Amelia,Williams,Female,Berlin,Germany,Berlin,Germany,Berlin,Germany,2025-07-28 13:55:17,Purchase,188.2,AUD,Delta Airlines,Entertainment,Payment for bills & utilities,FALSE,5392881508,SOPQVBXY,4973401290,SGLKDHLD,5622.7,6485.36,1,
TXN00000609,CUST003108,Robert,Wilson,Male,Mexico City,Mexico,Mexico City,Mexico,Mexico City,Mexico,2025-01-24 16:35:30,Purchase,377.15,CNY,Delta Airlines,Electronics,Payment for home & garden,FALSE,7676157390,ZGAYAIIH,7799589613,GCXQXJVE,13483.31,12983.51,1,
TXN00000125,CUST003276,Mia,Moore,Male,São Paulo,Brazil,São Paulo,Brazil,São Paulo,Brazil,2024-05-18 08:47:12,Transfer,417.82,EUR,Delta Airlines,Gas & Fuel,Payment for food & dining,FALSE,5798197327,QQWILDCW,6919571361,SQAKKNTW,9666.14,9680.37,1,
TXN00002653,CUST001079,Richard,Lee,Female,Madrid,Spain,Madrid,Spain,Madrid,Spain,2025-04-08 13:20:16,Purchase,318.53,CHF,Apple Store,Shopping,Payment for travel,FALSE,4072598449,SHGMSLOY,5748733040,PDCYSQZU,15210.05,14623.17,1,
TXN00002519,CUST006303,Sophia,Rodriguez,Male,Mexico City,Mexico,Mexico City,Mexico,Mexico City,Mexico,2024-07-12 04:32:40,Purchase,258.17,USD,Uber,Home & Garden,Payment for health & fitness,FALSE,1710902657,GZJYBMWR,6098283622,PTWJUFTH,14813.31,13932.03,1,
TXN00003991,CUST002922,Charlotte,Anderson,Male,Sydney,Australia,Sydney,Australia,Sydney,Australia,2024-07-22 19:40:39,Purchase,318.16,INR,Whole Foods,Food & Dining,Payment for groceries,FALSE,2816827392,NOWLAUPD,3675841412,MEADUMPJ,10654.3,11034.33,1,
TXN00004850,CUST003432,Evelyn,Williams,Male,Tokyo,Japan,Tokyo,Japan,Mumbai,India,2025-08-19 03:23:49,Purchase,2402.09,INR,Whole Foods,Electronics,Payment for groceries,FALSE,1442176954,USNPWYIK,5019255080,IVTCWTZU,8613.21,8530.37,0,High amount compared to usual
TXN00003232,CUST000304,Mia,Martinez,Female,São Paulo,Brazil,São Paulo,Brazil,São Paulo,Brazil,2024-01-01 16:25:21,Purchase,106.59,JPY,Starbucks,Groceries,Payment for home & garden,FALSE,2296493054,XANPJIWU,9644450554,ZBGUIWNI,5926.61,6695.05,1,
TXN00003477,CUST008582,William,Martinez,Female,Tokyo,Japan,Tokyo,Japan,Tokyo,Japan,2025-09-04 07:06:44,Transfer,121.86,USD,Starbucks,Health & Fitness,Payment for home & garden,TRUE,2518170213,WWGKIQKC,3330328110,QGHFQPQE,10824.83,10989.32,1,
TXN00002634,CUST008962,Thomas,Martin,Male,Toronto,Canada,Toronto,Canada,Toronto,Canada,2025-01-09 00:48:43,Purchase,113.06,CNY,Shell Gas,Electronics,Payment for travel,FALSE,6869124361,ZTTESDKU,5650054733,HMVLOIQA,12526.24,13196.76,1,
TXN00002763,CUST002542,James,Jackson,Male,Berlin,Germany,Berlin,Germany,Berlin,Germany,2024-09-08 02:02:50,Purchase,25.35,GBP,Walmart,Groceries,Payment for groceries,FALSE,3338540655,WHQARBST,3490116975,UTMSJDOA,9203.9,9126.6,1,
TXN00004753,CUST000922,John,Moore,Female,Paris,France,London,UK,New York,USA,2025-05-08 21:59:14,Purchase,978.08,EUR,Whole Foods,Groceries,Payment for shopping,FALSE,8532359202,PTGHEARF,9200374964,EKETCJSG,9925.54,8978.72,0,High amount compared to usual
TXN00004757,CUST003785,Daniel,Smith,Female,London,UK,Madrid,Spain,Singapore,Singapore,2025-08-09 11:14:43,Purchase,4812.94,CHF,Best Buy,Travel,Payment for bills & utilities,FALSE,4526279848,RMNONZVU,1843800458,ZUZEELUY,7938.81,8857.96,0,Velocity check failed
TXN00000987,CUST007532,William,Wilson,Female,London,UK,London,UK,London,UK,2025-09-12 13:50:24,Purchase,250.58,EUR,Whole Foods,Shopping,Payment for travel,TRUE,8402207600,BVSFLQBC,1382778166,PHBDUHAI,13794.69,14091.89,1,
TXN00003184,CUST005996,John,Smith,Female,Toronto,Canada,Toronto,Canada,Toronto,Canada,2024-11-26 01:54:27,Purchase,340.6,GBP,Amazon,Groceries,Payment for electronics,FALSE,1202344103,OBAFWCKA,9548654572,ZYWMSBHD,9733.39,9016.38,1,
TXN00004863,CUST002737,Mia,Davis,Male,London,UK,London,UK,Mumbai,India,2025-08-16 02:40:15,Transfer,2051.83,JPY,Starbucks,Gas & Fuel,Payment for electronics,FALSE,4574712577,ETQMTIKF,7227280271,POFZEMPR,11282,12248.34,0,Account takeover suspected
TXN00004274,CUST004560,Amelia,Taylor,Female,Toronto,Canada,Toronto,Canada,Toronto,Canada,2025-02-14 07:45:18,Purchase,178.58,GBP,McDonalds,Entertainment,Payment for home & garden,TRUE,5660077037,TIAZXCEG,3941963003,HFRRWXIU,7674.54,8601.84,1,
TXN00000914,CUST009777,Charlotte,Smith,Male,Madrid,Spain,Madrid,Spain,Madrid,Spain,2025-07-25 21:28:17,Purchase,319.79,CHF,Delta Airlines,Groceries,Payment for gas & fuel,FALSE,4510324027,PSYORYPX,8105484646,URIXCBZB,11975.2,11855.83,1,
TXN00001720,CUST007481,Sophia,Davis,Male,New York,USA,New York,USA,New York,USA,2024-02-01 09:01:51,Purchase,495.26,GBP,Whole Foods,Gas & Fuel,Payment for home & garden,TRUE,1343345311,DXLGEUTG,7810908920,PQVVFKIU,5752.31,5933.05,1,
TXN00001032,CUST007462,Richard,Moore,Male,Rome,Italy,Rome,Italy,Rome,Italy,2025-09-18 07:05:40,Purchase,327.8,EUR,Marriott Hotels,Health & Fitness,Payment for shopping,FALSE,2029267446,OPMGUPTX,5387841118,OKQSLZEI,13995.8,13247.43,1,
TXN00002632,CUST003296,Robert,Wilson,Male,Paris,France,Paris,France,Paris,France,2024-01-13 01:55:35,Transfer,333.21,CHF,Walmart,Groceries,Payment for gas & fuel,FALSE,4242946480,UNQOXXJS,1823466045,ZPKPDRSN,11482.68,10732.58,1,
TXN00003178,CUST003257,Emma,Smith,Male,Berlin,Germany,Berlin,Germany,Berlin,Germany,2025-07-12 08:08:48,Purchase,88.07,AUD,Airbnb,Groceries,Payment for shopping,FALSE,5480333709,LQDBGJSD,4082408521,LWSJHNEN,11992.37,12106.92,1,
TXN00001443,CUST000963,Evelyn,Williams,Female,Toronto,Canada,Toronto,Canada,Toronto,Canada,2024-02-01 12:24:32,Transfer,109.28,USD,Shell Gas,Home & Garden,Payment for bills & utilities,FALSE,2276941464,BEGTQCJP,8681074299,DFZBNPUM,4636.02,5564.94,1,
TXN00002034,CUST003393,Daniel,Garcia,Female,Toronto,Canada,Toronto,Canada,Toronto,Canada,2025-01-24 22:02:28,Transfer,50.99,CNY,Best Buy,Entertainment,Payment for electronics,FALSE,2206752398,LNFUPJXY,4713239965,VZPHZSZJ,10648.46,11422.06,1,
TXN00000981,CUST002748,Sophia,Martinez,Male,Mumbai,India,Mumbai,India,Mumbai,India,2024-08-26 01:55:39,Purchase,104.05,GBP,Target,Shopping,Payment for travel,FALSE,9607562519,HCHKFWKJ,1573235383,YEEFGCZN,12916.41,11961.47,1,
TXN00003831,CUST006923,Michael,Garcia,Male,Berlin,Germany,Berlin,Germany,Berlin,Germany,2024-07-08 22:14:48,Purchase,382.57,CAD,Home Depot,Health & Fitness,Payment for gas & fuel,FALSE,9656595640,WQOOARSE,7907117646,SRIXHRKP,13371.88,13985.81,1,
TXN00001622,CUST009959,Joseph,Brown,Male,Madrid,Spain,Madrid,Spain,Madrid,Spain,2025-04-15 03:26:08,Purchase,470.93,EUR,Uber,Shopping,Payment for gas & fuel,FALSE,8756696578,SSOSNERM,8254746801,WDBVMBXM,14763.58,14557.42,1,
TXN00004287,CUST000727,Sophia,Garcia,Male,Sydney,Australia,Sydney,Australia,Sydney,Australia,2025-03-23 20:19:44,Purchase,370.93,GBP,Home Depot,Health & Fitness,Payment for home & garden,FALSE,4161854083,JTHOUVMK,7764991257,NZQPDIBL,11768.08,11038.24,1,
TXN00003357,CUST009339,Sophia,Johnson,Male,New York,USA,New York,USA,New York,USA,2024-05-08 17:41:41,Purchase,224.48,EUR,Walmart,Home & Garden,Payment for shopping,FALSE,2928668409,VPLMMZXU,7080112434,TNOCWTGJ,7341.55,6788.94,1,
TXN00004725,CUST009792,Daniel,Lee,Female,Tokyo,Japan,Tokyo,Japan,Tokyo,Japan,2024-06-06 12:23:24,Purchase,47.88,JPY,Airbnb,Health & Fitness,Payment for food & dining,FALSE,2594990657,EHQGFUUO,6536606039,SOTNENDU,9373.75,10010.85,1,
TXN00001913,CUST005881,Michael,Jackson,Male,Mexico City,Mexico,Mexico City,Mexico,Mexico City,Mexico,2025-09-01 19:34:30,Purchase,489.37,AUD,Target,Electronics,Payment for gas & fuel,FALSE,7945957525,NEFZYBKY,1298044498,UYAWEJRV,6206.34,6960.01,1,
TXN00001131,CUST003881,Harper,Anderson,Female,Tokyo,Japan,Tokyo,Japan,Tokyo,Japan,2024-01-13 19:19:45,Purchase,465.53,EUR,Home Depot,Travel,Payment for groceries,FALSE,7165391775,XSQSJQYF,5385031667,BTQQNYTZ,10507.94,9912.47,1,
TXN00000841,CUST000251,William,Jones,Female,Mumbai,India,Mumbai,India,Mumbai,India,2025-04-08 05:24:09,Transfer,450.56,CAD,Target,Entertainment,Payment for home & garden,FALSE,8999221536,QOFWVKTF,2244088836,JUBOCJGP,5892.92,6551.48,1,
TXN00002011,CUST002159,David,Lee,Male,Singapore,Singapore,Singapore,Singapore,Singapore,Singapore,2025-03-15 00:38:54,Purchase,500.72,GBP,Shell Gas,Entertainment,Payment for shopping,FALSE,8804446894,CPNTPICE,9782067062,MPBZQKTB,11102.1,11749.29,1,
TXN00001666,CUST004279,Daniel,Taylor,Female,London,UK,London,UK,London,UK,2024-03-21 17:00:23,Transfer,216.99,CAD,Amazon,Bills & Utilities,Payment for gas & fuel,FALSE,6705343876,NSJHQIKD,1486842388,HLJTLBCV,6105.33,5896.42,1,
TXN00001109,CUST003671,Richard,Martinez,Female,Mumbai,India,Mumbai,India,Mumbai,India,2025-01-06 23:47:31,Transfer,486.15,USD,Target,Gas & Fuel,Payment for entertainment,FALSE,3446748375,HTADCGFB,6443971007,FSHSXHVU,10964.21,10817.56,1,
TXN00004911,CUST006377,John,Rodriguez,Male,Singapore,Singapore,Mexico City,Mexico,Singapore,Singapore,2024-08-03 07:16:55,Purchase,3276.2,GBP,Home Depot,Shopping,Payment for health & fitness,FALSE,1505189710,CJTYAFKA,7206627193,UEERRONN,5324.85,5508.65,0,Unusual location pattern
TXN00004214,CUST002827,Mia,Jones,Male,New York,USA,New York,USA,New York,USA,2024-05-02 13:05:01,Purchase,99.7,CNY,Apple Store,Electronics,Payment for gas & fuel,TRUE,2168893441,BSVHFNUO,6787384089,CLEVUBFM,8291.51,8109.49,1,
TXN00003874,CUST008227,Sophia,Brown,Male,Rome,Italy,Rome,Italy,Rome,Italy,2024-08-04 06:39:36,Purchase,302.3,EUR,Amazon,Groceries,Payment for gas & fuel,FALSE,1840456470,CLCGZLAP,7229727816,HGGPRWRU,7543.01,8462.51,1,
TXN00004485,CUST000099,Ava,Jackson,Female,Singapore,Singapore,Singapore,Singapore,Singapore,Singapore,2025-09-29 06:52:45,Purchase,383.75,USD,Starbucks,Groceries,Payment for home & garden,FALSE,8170498608,MXBSBPEZ,5582002984,AMOXRTCD,13485.45,13080.46,1,
TXN00001941,CUST006589,Daniel,Hernandez,Female,Madrid,Spain,Madrid,Spain,Madrid,Spain,2025-03-22 14:50:43,Purchase,406.92,CAD,Shell Gas,Electronics,Payment for home & garden,FALSE,2917799213,VYFSLFXZ,6946474262,KXQIVTKR,7867.84,8665.03,1,
TXN00003519,CUST001679,Charlotte,Johnson,Male,New York,USA,New York,USA,New York,USA,2024-11-06 14:18:07,Transfer,469.15,INR,Best Buy,Travel,Payment for food & dining,FALSE,3903375467,YPSXBUZR,5791112765,NGREVSQF,8803.58,9471.19,1,
TXN00004178,CUST004290,William,Martinez,Female,Singapore,Singapore,Singapore,Singapore,Singapore,Singapore,2024-02-23 15:28:38,Transfer,446.87,AUD,Uber,Groceries,Payment for bills & utilities,FALSE,8094533905,YJDKXHLT,1434522923,PFAXKXLO,6462.45,7242.99,1,
TXN00000762,CUST001866,Richard,Miller,Male,Rome,Italy,Rome,Italy,Rome,Italy,2024-06-08 20:37:57,Purchase,162.29,INR,Whole Foods,Food & Dining,Payment for shopping,FALSE,9027792057,GHPBMYGM,3358190109,BTCSQZKV,10137.86,10399.49,1,
TXN00003327,CUST004385,Isabella,Hernandez,Male,Shanghai,China,Shanghai,China,Shanghai,China,2024-07-25 23:48:34,Purchase,220.58,CHF,Netflix,Groceries,Payment for home & garden,FALSE,9493886925,ZYFPIROO,3040017629,VMLJEYNK,5711.41,6544.73,1,
TXN00003805,CUST005543,Daniel,Hernandez,Male,Tokyo,Japan,Tokyo,Japan,Tokyo,Japan,2025-02-05 06:30:21,Transfer,160.26,CNY,Whole Foods,Food & Dining,Payment for groceries,FALSE,6292249986,NYWXISBN,1327476855,JUAIQYFJ,11748.73,11679.61,1,
TXN00003525,CUST002426,John,Rodriguez,Male,Rome,Italy,Rome,Italy,Rome,Italy,2024-07-25 06:07:38,Purchase,408.59,GBP,Starbucks,Health & Fitness,Payment for groceries,FALSE,9032310199,ZGZHNLOX,2947770113,IQWBSKZX,9121.89,8343.33,1,
TXN00000483,CUST008390,Amelia,Martinez,Female,London,UK,London,UK,London,UK,2024-09-16 19:59:02,Transfer,357.06,CNY,Uber,Travel,Payment for travel,TRUE,2962205702,LBGAXAQD,3688761252,ISFANJXZ,9665.1,10096.55,1,
TXN00004724,CUST006032,David,Jones,Female,Rome,Italy,Rome,Italy,Rome,Italy,2024-08-23 11:22:06,Purchase,151.74,AUD,Walmart,Shopping,Payment for groceries,FALSE,3939100186,XPKNFWZI,9652108234,NZQUYHVS,7981.97,7041.18,1,
TXN00000532,CUST000417,Isabella,Rodriguez,Female,Singapore,Singapore,Singapore,Singapore,Singapore,Singapore,2025-04-16 07:52:23,Purchase,475.14,GBP,Netflix,Gas & Fuel,Payment for health & fitness,TRUE,8233075393,OGSOWIBV,5613691716,UVUFIMVD,9847.24,10290.59,1,
TXN00000443,CUST003489,William,Anderson,Female,Tokyo,Japan,Tokyo,Japan,Tokyo,Japan,2024-04-12 06:01:22,Transfer,226.76,CHF,Netflix,Electronics,Payment for entertainment,FALSE,9902760697,NMIPXIAJ,6579380728,POVFKQWY,6067.96,6376.4,1,
TXN00000496,CUST006622,William,Jackson,Male,Mexico City,Mexico,Mexico City,Mexico,Mexico City,Mexico,2024-11-21 14:27:46,Transfer,348.43,CNY,Airbnb,Shopping,Payment for bills & utilities,FALSE,9292255215,DHQXHGBB,2655639870,ZAUDVALI,11019.19,11516.32,1,
TXN00002797,CUST000719,David,Taylor,Female,New York,USA,New York,USA,New York,USA,2025-05-24 20:10:32,Purchase,218.37,USD,Whole Foods,Home & Garden,Payment for groceries,FALSE,9162650380,ETGHYGIN,3228666673,ZNHSVUUR,4713.23,5374.45,1,
TXN00002976,CUST008747,Mia,Martin,Male,London,UK,London,UK,London,UK,2024-08-24 01:41:05,Transfer,155.32,EUR,Best Buy,Groceries,Payment for groceries,FALSE,9455416762,OIDPZVSG,1323088146,RDBCYQMT,6823.24,6972.59,1,
TXN00001591,CUST001806,James,Lee,Male,Shanghai,China,Shanghai,China,Shanghai,China,2025-01-09 20:57:35,Transfer,169.86,INR,Delta Airlines,Bills & Utilities,Payment for food & dining,FALSE,8678486014,MJSMOGIA,3328127473,NVYFQWJH,10418.51,11223.99,1,
TXN00002512,CUST008264,James,Moore,Male,Paris,France,Paris,France,Paris,France,2024-01-31 06:09:42,Purchase,74.12,AUD,McDonalds,Home & Garden,Payment for shopping,FALSE,3110433331,MOVLUYNC,3735665295,GAXNOEIA,7053.64,6102.43,1,
TXN00001280,CUST003085,Thomas,Lopez,Female,Shanghai,China,Shanghai,China,Shanghai,China,2025-06-03 22:23:47,Transfer,41.71,CNY,Shell Gas,Shopping,Payment for groceries,FALSE,9343129094,QHLMDFFU,6115037369,LSLKZEKD,6582,5725.7,1,
TXN00000069,CUST003382,Emma,Brown,Female,Singapore,Singapore,Singapore,Singapore,Singapore,Singapore,2025-03-24 03:37:29,Transfer,362.02,GBP,Netflix,Home & Garden,Payment for electronics,FALSE,7153075425,KHDNWVGJ,5759900572,FMBQUOCM,12679.46,13029.77,1,
TXN00001005,CUST005513,Evelyn,Wilson,Male,Madrid,Spain,Madrid,Spain,Madrid,Spain,2024-03-12 04:58:06,Purchase,452.57,INR,Marriott Hotels,Bills & Utilities,Payment for food & dining,FALSE,9946642292,TSWZSKTU,3981441993,KTAJJXCX,10823.24,10581.94,1,
TXN00003560,CUST009449,Amelia,Rodriguez,Female,São Paulo,Brazil,São Paulo,Brazil,São Paulo,Brazil,2024-03-04 06:30:40,Purchase,173.2,USD,Delta Airlines,Shopping,Payment for groceries,TRUE,3363008468,EQCRPOLT,7378792438,PILHLDER,5284.33,5600.55,1,
TXN00000367,CUST006768,William,Jackson,Male,Sydney,Australia,Sydney,Australia,Sydney,Australia,2024-08-10 00:05:37,Purchase,238.25,CAD,Starbucks,Entertainment,Payment for bills & utilities,FALSE,3853573153,TJMLSNHQ,4393277175,MVLJZVPC,9707.77,8770.55,1,
TXN00001446,CUST007999,Harper,Lopez,Male,Mumbai,India,Mumbai,India,Mumbai,India,2025-01-10 05:20:34,Purchase,136.98,INR,Netflix,Food & Dining,Payment for shopping,FALSE,1167247841,UBPTBYNC,2055536689,XVBPBPEU,10245.42,10495.1,1,
TXN00004126,CUST006100,Thomas,Taylor,Male,Mumbai,India,Mumbai,India,Mumbai,India,2025-04-07 19:25:08,Purchase,105.47,USD,Walmart,Entertainment,Payment for bills & utilities,FALSE,5008551746,DZQDBSTS,1958110884,HJBZLPFM,13339.01,13668.77,1,
TXN00004970,CUST003626,John,Lopez,Male,Mexico City,Mexico,Mexico City,Mexico,São Paulo,Brazil,2025-04-22 01:37:30,Purchase,1134.48,JPY,Uber,Entertainment,Payment for shopping,FALSE,3685445078,NGFSIGKQ,9420617299,TFCFZAEO,12682.41,12245.7,0,Account takeover suspected
TXN00000503,CUST001647,Emma,Jones,Male,Paris,France,Paris,France,Paris,France,2025-06-23 10:41:21,Transfer,436.26,JPY,Best Buy,Health & Fitness,Payment for travel,FALSE,6119077522,FNIZWTTF,4464318215,GKWSXWQM,12545.13,12161.89,1,
TXN00003534,CUST007507,Olivia,Brown,Male,New York,USA,New York,USA,New York,USA,2025-07-20 00:13:17,Purchase,251.6,AUD,Walmart,Entertainment,Payment for health & fitness,FALSE,8390061456,RJXESCMD,8077057397,LYPKCGYX,12764.95,12233.5,1,
TXN00000065,CUST005867,Ava,Garcia,Male,Sydney,Australia,Sydney,Australia,Sydney,Australia,2024-05-14 21:21:19,Transfer,213.32,USD,Whole Foods,Travel,Payment for gas & fuel,FALSE,5797916809,ZVZWJQLB,3075519460,APYGUPRM,8559,7775.89,1,
TXN00002767,CUST008326,Evelyn,Jones,Male,Madrid,Spain,Madrid,Spain,Madrid,Spain,2024-12-10 09:44:59,Purchase,369.97,JPY,Target,Gas & Fuel,Payment for shopping,FALSE,8057385270,ASGBSFPF,6602006169,UFONOQSZ,12050.17,12617.16,1,
TXN00003389,CUST003428,Joseph,Williams,Female,Tokyo,Japan,Tokyo,Japan,Tokyo,Japan,2025-07-13 20:44:16,Purchase,320.97,CNY,Target,Gas & Fuel,Payment for groceries,TRUE,9658732040,ZTDCEZCH,9212456991,CHIVFPIC,8346.52,8859.84,1,
TXN00001722,CUST007406,Joseph,Garcia,Female,São Paulo,Brazil,São Paulo,Brazil,São Paulo,Brazil,2024-02-19 18:37:19,Purchase,71.18,USD,Home Depot,Food & Dining,Payment for groceries,FALSE,9202006344,EMVADEBJ,2792279156,OSDFPFOI,12047.8,12157.41,1,
TXN00002658,CUST008760,Michael,Lee,Female,Sydney,Australia,Sydney,Australia,Sydney,Australia,2024-12-31 16:22:31,Transfer,48.8,AUD,Best Buy,Groceries,Payment for health & fitness,FALSE,1539144437,RUKQZGQB,5088743190,RZVATWNX,8990.32,9635.25,1,
TXN00003390,CUST001549,Isabella,Brown,Female,São Paulo,Brazil,São Paulo,Brazil,São Paulo,Brazil,2024-02-27 20:48:47,Purchase,392.03,CAD,Airbnb,Gas & Fuel,Payment for entertainment,TRUE,4018998052,ANFLEZBK,3495755960,UWCUMIND,6444.14,6338.42,1,
TXN00001010,CUST000793,Daniel,Jackson,Female,New York,USA,New York,USA,New York,USA,2025-07-26 06:09:23,Purchase,10.49,CAD,Shell Gas,Bills & Utilities,Payment for health & fitness,FALSE,2861687663,REVYWFZM,4912758111,QXXFAUCE,10402.2,10288.79,1,
TXN00001906,CUST003710,Richard,Martin,Male,Berlin,Germany,Berlin,Germany,Berlin,Germany,2025-03-05 11:26:51,Transfer,120.38,CHF,Delta Airlines,Home & Garden,Payment for shopping,FALSE,7842760166,XDOSRJHX,4585343978,FLUZCDRA,5855.68,6383.54,1,
TXN00004063,CUST001990,David,Johnson,Male,Madrid,Spain,Madrid,Spain,Madrid,Spain,2024-07-27 07:16:05,Purchase,108.38,AUD,Amazon,Food & Dining,Payment for health & fitness,TRUE,5194828246,WIMXGVFJ,1157118881,YXWDYYTF,9947.19,9784.79,1,
TXN00004201,CUST009248,Emma,Miller,Female,Tokyo,Japan,Tokyo,Japan,Tokyo,Japan,2024-04-15 00:04:07,Transfer,350.6,USD,Marriott Hotels,Shopping,Payment for food & dining,FALSE,7499700310,UJLEMIIB,8941480843,CVSVVNZU,5089.75,5995.97,1,
TXN00001228,CUST008650,Joseph,Smith,Male,São Paulo,Brazil,São Paulo,Brazil,São Paulo,Brazil,2025-03-22 18:46:10,Purchase,417.34,CHF,Home Depot,Shopping,Payment for travel,TRUE,5167735514,IVUJOUAC,2423554792,YFEYNOVJ,13162.63,13809.27,1,
TXN00002234,CUST002631,Michael,Miller,Female,Singapore,Singapore,Singapore,Singapore,Singapore,Singapore,2024-10-17 10:35:10,Purchase,285.43,INR,Netflix,Entertainment,Payment for travel,FALSE,2710344513,ECSTPUFU,2562678404,IEFSAVIN,13051.71,12561.08,1,
TXN00003162,CUST007099,Amelia,Johnson,Female,São Paulo,Brazil,São Paulo,Brazil,São Paulo,Brazil,2025-07-08 22:06:04,Transfer,130.38,USD,Best Buy,Electronics,Payment for home & garden,FALSE,2409539834,PLAGITDP,4543847077,XCGADHCY,6771.88,6494.49,1,
TXN00002783,CUST006482,Charlotte,Moore,Male,Tokyo,Japan,Tokyo,Japan,Tokyo,Japan,2024-11-27 14:53:48,Transfer,17.21,INR,Delta Airlines,Health & Fitness,Payment for gas & fuel,FALSE,2591265879,VXHROEOT,4617489031,YUEFMEID,9502.16,9512.77,1,
TXN00002134,CUST004514,William,Martinez,Male,London,UK,London,UK,London,UK,2024-01-12 01:43:43,Transfer,190.54,CHF,Marriott Hotels,Travel,Payment for bills & utilities,FALSE,1879471155,MRBMFZOQ,5462617991,QYDTSLZI,5555.54,5486.94,1,
TXN00004951,CUST001955,Emma,Johnson,Female,Dubai,UAE,Dubai,UAE,Dubai,UAE,2025-05-25 05:01:04,Purchase,2694.76,CHF,Apple Store,Groceries,Payment for bills & utilities,FALSE,2964665453,ARRSQVLO,2701229508,CIAXMZQC,6692.27,7116.55,0,Login from different country than transaction
TXN00004320,CUST002334,Mia,Thomas,Male,London,UK,London,UK,London,UK,2025-07-01 20:34:26,Purchase,383.37,CNY,Shell Gas,Food & Dining,Payment for health & fitness,FALSE,1407466628,AWPLSYAL,6106912974,INCOPNWD,10957.81,11854.19,1,
TXN00003671,CUST004047,Thomas,Lee,Female,Mumbai,India,Mumbai,India,Mumbai,India,2025-01-29 12:02:22,Purchase,239.18,CNY,Shell Gas,Health & Fitness,Payment for shopping,FALSE,1956931241,XNCQPZIJ,8522334408,FYQYSHFS,8299.47,7460.35,1,
TXN00002857,CUST000288,Emma,Smith,Female,Mexico City,Mexico,Mexico City,Mexico,Mexico City,Mexico,2024-09-26 03:53:02,Purchase,196.45,JPY,Netflix,Electronics,Payment for entertainment,FALSE,9240987385,CJHEYKPL,4032083585,RIPKHBAH,9558.18,10520.54,1,
TXN00002304,CUST001561,Sophia,Jackson,Male,São Paulo,Brazil,São Paulo,Brazil,São Paulo,Brazil,2024-10-25 09:23:42,Purchase,480.34,INR,Marriott Hotels,Entertainment,Payment for gas & fuel,FALSE,5472718317,BZXPYRYO,4348972105,MJLIBONJ,10506.43,10963.7,1,
TXN00004565,CUST008687,David,Brown,Female,Mumbai,India,Mumbai,India,Mumbai,India,2025-09-21 23:08:15,Purchase,477.55,CNY,Marriott Hotels,Shopping,Payment for gas & fuel,FALSE,6708116003,ZPVNSOIE,3003142743,ACJHSHWA,5576.4,5041.19,1,
TXN00001240,CUST007949,Evelyn,Martin,Female,Berlin,Germany,Berlin,Germany,Berlin,Germany,2025-09-09 08:38:07,Purchase,194.47,EUR,Home Depot,Groceries,Payment for entertainment,FALSE,9742993651,TLWDSJUG,5722099204,OKFVULTK,7597.33,6925.91,1,
TXN00004739,CUST009364,Thomas,Miller,Male,Dubai,UAE,Dubai,UAE,Dubai,UAE,2025-08-04 14:11:53,Purchase,335.32,JPY,Apple Store,Travel,Payment for bills & utilities,FALSE,4137648832,AWXLXAGD,2496063462,ARBDIGPQ,12387.86,12340.59,1,
TXN00001777,CUST004135,Harper,Wilson,Female,São Paulo,Brazil,São Paulo,Brazil,São Paulo,Brazil,2024-02-26 20:44:07,Purchase,507.82,GBP,Walmart,Entertainment,Payment for shopping,FALSE,4953713890,TBKSYNOE,5479168735,PVSJWQGP,8906.01,8197.28,1,
TXN00004224,CUST001657,John,Martin,Male,Tokyo,Japan,Tokyo,Japan,Tokyo,Japan,2025-02-06 23:51:18,Transfer,209.37,AUD,Amazon,Bills & Utilities,Payment for food & dining,FALSE,9901328668,ZWXKMBYK,5838111882,LWQYXMYW,9648.56,10536.09,1,
TXN00000444,CUST002137,Harper,Miller,Female,Singapore,Singapore,Singapore,Singapore,Singapore,Singapore,2024-07-31 02:38:32,Purchase,369.59,AUD,Marriott Hotels,Bills & Utilities,Payment for home & garden,FALSE,7617104416,KTRQPAVO,5424167764,HBUDQROT,13447.43,14062.68,1,
TXN00002266,CUST007567,Sophia,Martin,Female,Sydney,Australia,Sydney,Australia,Sydney,Australia,2024-12-29 09:38:35,Purchase,481.08,EUR,Whole Foods,Food & Dining,Payment for bills & utilities,FALSE,4631718752,RUIHFHHB,4235790164,MNRPDPNJ,10695.98,9843.96,1,
TXN00000861,CUST005099,Michael,Jackson,Male,Dubai,UAE,Dubai,UAE,Dubai,UAE,2025-02-12 01:36:07,Purchase,509.56,CHF,Amazon,Entertainment,Payment for bills & utilities,FALSE,9134261294,ELVSKIKU,6588830134,EEBVYWYB,12912.95,12813.5,1,
TXN00002312,CUST001564,Amelia,Lee,Male,Singapore,Singapore,Singapore,Singapore,Singapore,Singapore,2025-03-17 16:56:12,Transfer,433.01,EUR,Amazon,Electronics,Payment for electronics,FALSE,9174773916,SZETBEMB,2770440735,GTHDSVAD,7751.01,8639.84,1,
TXN00001537,CUST008001,James,Moore,Male,London,UK,London,UK,London,UK,2024-03-15 22:46:50,Purchase,112.69,CNY,Best Buy,Electronics,Payment for health & fitness,FALSE,9915737905,JQNIAOZX,6373838509,ZIJHSKEZ,6698.27,6601.44,1,
TXN00002699,CUST008201,Isabella,Jones,Male,London,UK,London,UK,London,UK,2024-03-23 13:37:39,Purchase,469.55,CAD,Airbnb,Bills & Utilities,Payment for electronics,FALSE,9218515106,MWQPSVDL,1666339433,RODFRPKT,11461.45,12459.04,1,
TXN00001299,CUST002229,Olivia,Lopez,Female,Dubai,UAE,Dubai,UAE,Dubai,UAE,2024-03-22 23:38:40,Purchase,295.63,CNY,Whole Foods,Home & Garden,Payment for groceries,FALSE,8448126957,TFNHNHEY,9214815670,ZHKIKLRU,8649.37,8613.26,1,
TXN00001267,CUST001613,Joseph,Martinez,Male,Sydney,Australia,Sydney,Australia,Sydney,Australia,2024-11-03 13:21:42,Purchase,43.82,JPY,Marriott Hotels,Electronics,Payment for shopping,FALSE,6105862508,JVYFQRBO,5454076172,JNBUKBDB,15039.3,14873.59,1,
TXN00001213,CUST009395,Robert,Moore,Male,Toronto,Canada,Toronto,Canada,Toronto,Canada,2024-08-27 03:02:30,Purchase,498.47,CAD,Starbucks,Gas & Fuel,Payment for entertainment,FALSE,1426493765,FDPICMTE,4308043256,LNTOBPNE,11774.48,11373.41,1,
TXN00004800,CUST004392,Sophia,Martin,Male,Sydney,Australia,Madrid,Spain,Dubai,UAE,2025-01-20 09:56:11,Purchase,1424.27,GBP,Uber,Gas & Fuel,Payment for groceries,FALSE,5493069218,GUZKFEGX,6575772120,SKGQOGCE,8518.21,8048.07,0,Card not present fraud
TXN00003291,CUST000882,Charlotte,Smith,Male,Paris,France,Paris,France,Paris,France,2025-04-20 17:18:32,Purchase,509.05,CHF,Starbucks,Food & Dining,Payment for gas & fuel,FALSE,6130948831,PGLLXEQO,8688696934,BEXWBJDU,8626.42,9122.12,1,
TXN00002237,CUST009595,Robert,Lee,Male,Sydney,Australia,Sydney,Australia,Sydney,Australia,2024-12-29 13:41:13,Purchase,132.58,EUR,McDonalds,Electronics,Payment for food & dining,FALSE,7188573492,SQXTIKKV,3139471025,TDXXABCE,14131.92,14272.99,1,
TXN00003744,CUST004248,Michael,Jackson,Male,Tokyo,Japan,Tokyo,Japan,Tokyo,Japan,2024-06-03 09:10:21,Purchase,139.68,JPY,Best Buy,Home & Garden,Payment for food & dining,FALSE,4957951720,JUQMUXAC,3667463659,DFSQFVXL,7290.72,7381.39,1,
TXN00004217,CUST008912,Olivia,Jones,Female,Madrid,Spain,Madrid,Spain,Madrid,Spain,2025-04-07 12:53:21,Purchase,209.45,INR,Whole Foods,Electronics,Payment for health & fitness,FALSE,6916905599,RLCNHRVK,2656641289,ACQZGAWH,14318.5,13340.93,1,
TXN00002948,CUST003685,Ava,Smith,Male,Rome,Italy,Rome,Italy,Rome,Italy,2025-08-14 14:45:54,Purchase,72.6,EUR,Airbnb,Entertainment,Payment for travel,FALSE,1069835712,UJYXNRIX,1489650873,DEAIRTBA,14005.96,13391.11,1,
TXN00002891,CUST007024,Robert,Johnson,Female,Berlin,Germany,Berlin,Germany,Berlin,Germany,2025-07-25 00:19:02,Purchase,111,CNY,McDonalds,Shopping,Payment for electronics,FALSE,8946774026,KMMXSELV,3202824903,ZEHVJNKV,12646.16,12585.57,1,
TXN00002655,CUST009770,Amelia,Taylor,Female,Mexico City,Mexico,Mexico City,Mexico,Mexico City,Mexico,2025-05-12 22:02:34,Transfer,197.2,INR,McDonalds,Groceries,Payment for bills & utilities,TRUE,2125591277,JEMZYXUL,8038865814,UJMONKGW,9105.72,9568.94,1,
TXN00001784,CUST004609,Thomas,Thomas,Male,Tokyo,Japan,Tokyo,Japan,Tokyo,Japan,2024-12-18 06:10:13,Purchase,77.08,GBP,Uber,Shopping,Payment for entertainment,FALSE,9079933057,JTHQTGOJ,4054177346,PLKSVOSH,4319.08,5244.45,1,
TXN00004530,CUST000445,Mia,Moore,Male,Sydney,Australia,Sydney,Australia,Sydney,Australia,2025-06-28 06:58:44,Purchase,344.67,CAD,McDonalds,Shopping,Payment for bills & utilities,FALSE,9200287456,ISQAVINM,4081791299,EQNHZJNG,8527.5,9288.44,1,
TXN00002347,CUST009858,Richard,Wilson,Male,New York,USA,New York,USA,New York,USA,2024-02-22 04:59:17,Purchase,357.9,CNY,Apple Store,Home & Garden,Payment for groceries,FALSE,7761548462,ODVPMCUW,2103972609,DMJCVGXN,10853.2,10478.77,1,
TXN00004002,CUST000919,William,Williams,Female,São Paulo,Brazil,São Paulo,Brazil,São Paulo,Brazil,2024-05-16 16:42:45,Purchase,242.68,JPY,Marriott Hotels,Bills & Utilities,Payment for gas & fuel,FALSE,2236309747,LYWOUCKE,6950357189,ZGPZEYRN,9794.26,9952.69,1,
TXN00004570,CUST002652,William,Moore,Male,Mumbai,India,Mumbai,India,Mumbai,India,2025-02-06 12:24:24,Purchase,459.02,JPY,Best Buy,Groceries,Payment for food & dining,FALSE,8137223830,FPZYCUUY,4244235226,JTKDTNJU,10712.56,10349.76,1,
TXN00004899,CUST005709,Joseph,Jones,Female,São Paulo,Brazil,São Paulo,Brazil,São Paulo,Brazil,2025-06-08 03:15:49,Purchase,5120.62,INR,Marriott Hotels,Entertainment,Payment for shopping,FALSE,8419073017,FSWFPXGL,8032800308,MJLVNQRZ,13658.95,14001.61,0,Account takeover suspected
TXN00002719,CUST008707,Michael,Hernandez,Female,Mexico City,Mexico,Mexico City,Mexico,Mexico City,Mexico,2024-04-18 17:24:46,Purchase,208.97,CAD,Walmart,Bills & Utilities,Payment for food & dining,FALSE,5806226394,OXEVVJSN,8860524546,DLQCFXTL,9520.97,9568.74,1,
TXN00000745,CUST008454,Sophia,Johnson,Female,Paris,France,Paris,France,Paris,France,2025-05-16 08:01:37,Purchase,291.08,AUD,Target,Home & Garden,Payment for gas & fuel,FALSE,7648929570,OACFABBL,3648063641,QUHLXIUV,9966.19,9091.07,1,
TXN00004440,CUST002085,Thomas,Martin,Female,Sydney,Australia,Sydney,Australia,Sydney,Australia,2024-03-08 21:43:33,Transfer,133.14,CHF,Apple Store,Electronics,Payment for entertainment,FALSE,1000623388,CVXLYTBR,5867839434,VSXVABQD,5534.28,5293.21,1,
TXN00003207,CUST002300,Richard,Garcia,Female,Dubai,UAE,Dubai,UAE,Dubai,UAE,2024-01-10 07:03:51,Transfer,266.56,GBP,Starbucks,Home & Garden,Payment for shopping,FALSE,3721901702,HKRMCJCD,8602085101,OYTJGHBF,9930.03,10555.57,1,
TXN00001935,CUST007432,James,Martin,Female,Mexico City,Mexico,Mexico City,Mexico,Mexico City,Mexico,2024-02-10 01:43:30,Purchase,278.58,AUD,Home Depot,Entertainment,Payment for shopping,FALSE,7640916886,SOGLWNTN,7424995179,NNIIHJRE,10183.75,10206.94,1,
TXN00001526,CUST005676,William,Hernandez,Female,Mumbai,India,Mumbai,India,Mumbai,India,2024-01-25 06:54:16,Purchase,328.6,GBP,Target,Travel,Payment for entertainment,FALSE,1806850858,KCWITDAA,4633558918,DREWGPWL,10057.55,10714.29,1,
TXN00004180,CUST005262,John,Martinez,Male,Berlin,Germany,Berlin,Germany,Berlin,Germany,2024-06-08 01:54:36,Transfer,239.88,USD,Marriott Hotels,Gas & Fuel,Payment for bills & utilities,FALSE,4669135375,EVEZOYWK,1788130280,UOPVPMCX,7819.39,7728.77,1,
TXN00003871,CUST002268,John,Anderson,Female,Sydney,Australia,Sydney,Australia,Sydney,Australia,2024-05-23 01:04:59,Purchase,76.5,JPY,Walmart,Electronics,Payment for travel,FALSE,9895493046,CSPDDAEP,9411974314,NRDFFHYB,13782.66,13026.66,1,
TXN00003596,CUST007418,Emma,Johnson,Male,Toronto,Canada,Toronto,Canada,Toronto,Canada,2025-05-16 06:35:12,Transfer,261.07,USD,Home Depot,Gas & Fuel,Payment for health & fitness,FALSE,5716173152,BLGCFBLT,8164833110,FAGKUNEA,13178.17,12873.92,1,
TXN00000328,CUST005957,Robert,Johnson,Female,Rome,Italy,Rome,Italy,Rome,Italy,2024-11-28 10:09:24,Purchase,95.43,AUD,Delta Airlines,Entertainment,Payment for travel,TRUE,2764770519,TJFFLYBW,7116583870,IHDUMMME,7745.11,7407.43,1,
TXN00001333,CUST009801,Mia,Jones,Male,Mumbai,India,Mumbai,India,Mumbai,India,2025-09-06 20:17:15,Purchase,481.89,CHF,Uber,Groceries,Payment for travel,FALSE,9650444131,JUEIYIYZ,4596371813,VXPJLAEC,8523.02,8403.83,1,
TXN00003662,CUST004227,Robert,Smith,Female,Shanghai,China,Shanghai,China,Shanghai,China,2025-01-01 10:02:36,Purchase,445.69,CNY,Starbucks,Health & Fitness,Payment for entertainment,FALSE,2315179220,GOEEOIYT,9741413366,BWDUXBCL,15261.3,14724.63,1,
TXN00004579,CUST003491,Michael,Lee,Male,New York,USA,New York,USA,New York,USA,2024-05-14 21:01:28,Purchase,203.26,CHF,Marriott Hotels,Health & Fitness,Payment for entertainment,FALSE,3586662109,LQNYIEIT,3288307832,QEYGJOWF,11271.34,11576.49,1,
TXN00002416,CUST008718,Richard,Williams,Female,Paris,France,Paris,France,Paris,France,2025-08-25 06:48:01,Transfer,491.65,INR,Whole Foods,Bills & Utilities,Payment for electronics,FALSE,5785962804,UKNSXAJE,4790075176,ZUNGFXEG,6764.68,6687.96,1,
TXN00002436,CUST007758,Mia,Lee,Female,Mumbai,India,Mumbai,India,Mumbai,India,2025-06-16 23:37:37,Purchase,390.46,CNY,Best Buy,Gas & Fuel,Payment for groceries,FALSE,6401988428,CGZAQLRT,4055507385,TLKBHWJG,9475.72,9254.7,1,
TXN00004660,CUST004745,John,Garcia,Female,Rome,Italy,Rome,Italy,Rome,Italy,2025-08-27 17:04:51,Purchase,151.94,USD,Airbnb,Gas & Fuel,Payment for shopping,FALSE,7050957866,LEUBCIAC,1808724664,KZFLVMGQ,14060.79,14294.69,1,
TXN00004142,CUST002960,Richard,Wilson,Female,Berlin,Germany,Berlin,Germany,Berlin,Germany,2024-02-11 15:53:44,Purchase,232.49,CAD,Delta Airlines,Gas & Fuel,Payment for bills & utilities,FALSE,9882717660,XATWRCIU,2740373493,FRPHWUIN,10755.76,9951.52,1,
TXN00003652,CUST001278,Ava,Rodriguez,Male,São Paulo,Brazil,São Paulo,Brazil,São Paulo,Brazil,2024-12-03 10:58:09,Transfer,205.25,GBP,Shell Gas,Home & Garden,Payment for food & dining,TRUE,4914240801,XSUFTRLJ,4539890716,STEWXYPE,12308.52,12823.46,1,
TXN00001356,CUST007317,Emma,Brown,Female,London,UK,London,UK,London,UK,2025-04-23 09:07:51,Transfer,307.24,AUD,Amazon,Bills & Utilities,Payment for food & dining,TRUE,9318737582,BXLQSQTQ,2043709216,VGGVUQMC,9946.28,10430.1,1,
TXN00001762,CUST003179,Mia,Smith,Male,Mumbai,India,Mumbai,India,Mumbai,India,2024-01-25 00:49:44,Purchase,333,CHF,Walmart,Health & Fitness,Payment for travel,TRUE,9736142039,JMNHMMDX,7336395064,DCJPDAPU,4580.87,5293.66,1,
TXN00003612,CUST009314,William,Johnson,Female,Paris,France,Paris,France,Paris,France,2025-04-23 09:10:05,Purchase,175.88,USD,Home Depot,Bills & Utilities,Payment for gas & fuel,TRUE,2262475759,EGDRCRPW,3997857950,FFCLKVGZ,11646.17,12017.42,1,
TXN00004277,CUST004908,Evelyn,Rodriguez,Male,Shanghai,China,Shanghai,China,Shanghai,China,2025-08-26 12:33:25,Purchase,420.1,INR,Netflix,Bills & Utilities,Payment for travel,FALSE,3617565226,NKNAFILL,1153381712,UHLEMKOB,11080.76,10517.55,1,
TXN00002501,CUST008093,Sophia,Hernandez,Female,Tokyo,Japan,Tokyo,Japan,Tokyo,Japan,2025-06-24 06:21:57,Purchase,294.73,CHF,Marriott Hotels,Groceries,Payment for home & garden,FALSE,1024392123,EJNDBDOQ,4872120905,EGJOJFWR,11816.24,12565.61,1,
TXN00000058,CUST006499,Charlotte,Williams,Male,Tokyo,Japan,Tokyo,Japan,Tokyo,Japan,2025-07-12 19:43:44,Purchase,110.01,CHF,Best Buy,Gas & Fuel,Payment for shopping,FALSE,2736691611,RGKYQRPE,6849771348,XYAJJRGB,15641.53,14918.49,1,
TXN00001568,CUST007313,Harper,Martin,Female,Mumbai,India,Mumbai,India,Mumbai,India,2025-09-16 00:08:01,Purchase,284.86,GBP,Shell Gas,Electronics,Payment for home & garden,FALSE,6352340447,UXCOQTGP,3124339131,GIXKLTIX,6431.44,7202.38,1,
TXN00004633,CUST000190,Mia,Davis,Female,Paris,France,Paris,France,Paris,France,2024-05-23 11:12:20,Transfer,479.59,EUR,Walmart,Entertainment,Payment for entertainment,FALSE,7430713401,JODPLTBM,6850819236,KLGMRJLX,8177.46,8369.9,1,
TXN00003992,CUST007351,Michael,Anderson,Female,Paris,France,Paris,France,Paris,France,2025-08-25 22:26:03,Purchase,353.3,GBP,Netflix,Food & Dining,Payment for home & garden,FALSE,2473935064,UYBOWVKQ,6431678575,UUMPKWXS,14500.8,13704.75,1,
TXN00002789,CUST004975,David,Johnson,Female,Paris,France,Paris,France,Paris,France,2024-11-03 21:38:31,Purchase,213.32,INR,Airbnb,Groceries,Payment for groceries,FALSE,1106053493,UTHJFTEB,5275755922,UWYQXVOH,11325.44,11446.57,1,
TXN00003713,CUST003435,Richard,Martinez,Male,Madrid,Spain,Madrid,Spain,Madrid,Spain,2024-01-04 15:06:51,Purchase,238.12,CHF,Apple Store,Bills & Utilities,Payment for bills & utilities,TRUE,8450300704,VGECIVUT,7693995185,TOMHZULU,8688.94,8134.54,1,
TXN00000662,CUST009971,Michael,Rodriguez,Male,Sydney,Australia,Sydney,Australia,Sydney,Australia,2024-07-18 16:52:34,Purchase,43.23,JPY,Best Buy,Electronics,Payment for travel,FALSE,1342165778,WVFNNMLD,4979056156,YJBUETZF,13070,13522.1,1,
TXN00002780,CUST003492,Olivia,Jones,Female,Toronto,Canada,Toronto,Canada,Toronto,Canada,2025-07-25 02:25:21,Purchase,72.95,AUD,Netflix,Groceries,Payment for groceries,FALSE,9785400388,ILEUZSIX,3530393822,SPQHQWUV,6852.82,7354.12,1,
TXN00003433,CUST006587,Mia,Wilson,Male,Madrid,Spain,Madrid,Spain,Madrid,Spain,2024-07-23 18:16:01,Purchase,257.05,CNY,Best Buy,Electronics,Payment for gas & fuel,TRUE,2252094463,VROEUUAF,5989291452,VKSGPNLJ,7834.34,7738.52,1,
TXN00004930,CUST005719,Evelyn,Jackson,Male,Dubai,UAE,Paris,France,Sydney,Australia,2025-02-21 12:33:19,Transfer,1538.35,AUD,Amazon,Gas & Fuel,Payment for health & fitness,FALSE,4132994920,FAGTMGKZ,9725642644,WXFAPUGS,9131.96,9946.33,0,Account takeover suspected
TXN00004707,CUST002311,David,Jones,Female,Paris,France,Paris,France,Paris,France,2025-05-19 01:47:26,Purchase,350.69,CHF,Netflix,Groceries,Payment for gas & fuel,TRUE,1079867115,UPYIRFIP,9854619066,NQDVRNNP,8359.82,8978.63,1,
TXN00001303,CUST006327,Evelyn,Hernandez,Male,Singapore,Singapore,Singapore,Singapore,Singapore,Singapore,2024-10-27 12:35:14,Purchase,104.17,CAD,Walmart,Gas & Fuel,Payment for health & fitness,FALSE,4508745896,FCUZVDAE,2758924133,GASDXPHR,5672.52,6073.39,1,
TXN00001122,CUST008905,Charlotte,Lopez,Female,Singapore,Singapore,Singapore,Singapore,Singapore,Singapore,2024-06-22 06:43:29,Purchase,270.74,USD,Netflix,Bills & Utilities,Payment for bills & utilities,FALSE,4082715554,YFDZVUBE,5721628486,PGSHDBVM,6036.6,5242.6,1,
TXN00000880,CUST003293,Ava,Jackson,Female,Paris,France,Paris,France,Paris,France,2025-08-06 00:01:31,Purchase,14.88,USD,McDonalds,Travel,Payment for food & dining,FALSE,1287624006,GPFCKKZU,1566846449,JKPGDVGL,8181.33,8872.09,1,
TXN00003609,CUST000552,Sophia,Anderson,Female,New York,USA,New York,USA,New York,USA,2024-09-16 16:19:24,Purchase,341.03,CNY,Uber,Gas & Fuel,Payment for travel,FALSE,1579986396,USVWQNSC,8822506428,ZHNISNNE,7113.09,6596.04,1,
TXN00000694,CUST001808,Harper,Brown,Male,Shanghai,China,Shanghai,China,Shanghai,China,2025-03-12 00:26:11,Purchase,241.39,INR,Marriott Hotels,Entertainment,Payment for gas & fuel,FALSE,5109430941,HHGSFCER,1788694489,UCWYVIAK,11135.29,10228.29,1,
TXN00003343,CUST007195,David,Thomas,Female,London,UK,London,UK,London,UK,2025-07-22 07:34:33,Purchase,390.14,JPY,Whole Foods,Home & Garden,Payment for travel,FALSE,7915173109,QMMEUVOG,7401784919,OUZFDSEE,13982.66,13229.33,1,
TXN00002281,CUST001167,Mia,Johnson,Female,London,UK,London,UK,London,UK,2024-05-20 15:42:57,Purchase,80.16,CAD,Uber,Gas & Fuel,Payment for entertainment,FALSE,7051793122,MLVKEGAY,1340878605,YKKFLTOG,7184.13,6494.46,1,
TXN00001469,CUST000044,James,Wilson,Female,Toronto,Canada,Toronto,Canada,Toronto,Canada,2025-05-11 11:45:28,Transfer,74.98,CNY,Shell Gas,Groceries,Payment for food & dining,FALSE,7087733421,IMZYQRYF,1178437501,KXDYOYVY,6808.64,6260.56,1,
TXN00003020,CUST006221,Joseph,Jackson,Female,São Paulo,Brazil,São Paulo,Brazil,São Paulo,Brazil,2025-02-07 00:10:55,Purchase,275.12,EUR,Delta Airlines,Gas & Fuel,Payment for shopping,FALSE,9386709290,TCKLFZUX,3764486730,WXRKBVDI,6052.6,6962.11,1,
TXN00004678,CUST000417,James,Williams,Female,Mumbai,India,Mumbai,India,Mumbai,India,2025-08-22 07:30:27,Transfer,452.15,GBP,Delta Airlines,Entertainment,Payment for travel,FALSE,9021762448,JQCCWZWA,4830597582,GQJBUSWP,14382.24,14802.38,1,
TXN00004364,CUST000516,Mia,Jackson,Male,São Paulo,Brazil,São Paulo,Brazil,São Paulo,Brazil,2025-08-29 02:14:39,Purchase,300.47,AUD,Uber,Groceries,Payment for home & garden,FALSE,1056325795,AEHVQNXL,6724246249,HEYKHNYD,7209.17,7711.48,1,
TXN00000214,CUST009706,John,Rodriguez,Male,Paris,France,Paris,France,Paris,France,2024-08-21 03:09:58,Transfer,203.52,AUD,Home Depot,Gas & Fuel,Payment for electronics,FALSE,3415525728,TLAGTMHX,6775114716,MDVOPHJY,6566.66,6545.12,1,
TXN00000208,CUST003208,Sophia,Johnson,Male,Tokyo,Japan,Tokyo,Japan,Tokyo,Japan,2025-03-30 13:58:09,Purchase,39.71,CNY,Uber,Home & Garden,Payment for travel,FALSE,9986621458,XGZHYFPG,8679380073,OLVVNSSY,11011.28,11723.57,1,
TXN00002092,CUST007856,Olivia,Martinez,Male,Mumbai,India,Mumbai,India,Mumbai,India,2025-05-24 21:21:32,Transfer,249.59,CNY,Netflix,Entertainment,Payment for home & garden,FALSE,3892953065,PAVQVVUL,4261597170,EOYFKUEH,13481.59,14348.45,1,
TXN00003370,CUST006791,Mia,Hernandez,Male,Rome,Italy,Rome,Italy,Rome,Italy,2025-03-05 03:31:17,Transfer,463.81,AUD,Best Buy,Groceries,Payment for electronics,FALSE,5625364366,FATCFVSM,3085157828,DWHQSHGN,11241.5,10608.62,1,
TXN00002824,CUST005837,Emma,Thomas,Male,Toronto,Canada,Toronto,Canada,Toronto,Canada,2025-04-15 13:39:19,Purchase,120.49,USD,Best Buy,Home & Garden,Payment for bills & utilities,FALSE,3601858435,HODBPXZA,8859820984,DAMXQIAN,11338.33,10550.51,1,
TXN00002905,CUST002887,Ava,Wilson,Female,Toronto,Canada,Toronto,Canada,Toronto,Canada,2025-02-28 12:44:08,Purchase,42.56,AUD,Delta Airlines,Shopping,Payment for health & fitness,TRUE,3224887102,LRCMUZMY,9542217178,POOEVPJP,13429.82,12743.4,1,
TXN00003626,CUST001099,Evelyn,Davis,Female,Dubai,UAE,Dubai,UAE,Dubai,UAE,2024-10-06 02:25:01,Purchase,239.82,CNY,Walmart,Home & Garden,Payment for shopping,FALSE,5626540380,UUCTFRIC,2809835014,IDPRQQES,6081.58,6218.47,1,
TXN00004561,CUST009185,David,Jones,Female,London,UK,London,UK,London,UK,2024-01-18 02:30:28,Purchase,33.18,CHF,Walmart,Groceries,Payment for health & fitness,FALSE,3804843146,ISYBTRCB,4554828637,JYHQSSUP,11884.64,12106.18,1,
TXN00004321,CUST004498,Thomas,Martinez,Female,Mexico City,Mexico,Mexico City,Mexico,Mexico City,Mexico,2024-08-15 21:42:01,Purchase,435.98,GBP,Uber,Groceries,Payment for entertainment,FALSE,5316767009,TJCOAPFV,1876970750,SRASQKUZ,8864.65,8373.83,1,
TXN00002028,CUST008437,Sophia,Davis,Female,Mexico City,Mexico,Mexico City,Mexico,Mexico City,Mexico,2024-12-24 15:45:22,Transfer,72.07,CAD,Walmart,Bills & Utilities,Payment for groceries,FALSE,2987387889,SMHZVNXH,3984788993,WFKLMKNB,6268.8,7132.57,1,
TXN00002624,CUST007216,Amelia,Rodriguez,Male,Mexico City,Mexico,Mexico City,Mexico,Mexico City,Mexico,2025-02-22 11:32:04,Purchase,246.86,CNY,McDonalds,Electronics,Payment for electronics,FALSE,2308790007,WKVDDCDD,1896440544,DDISVJXF,4619.84,5553.36,1,
TXN00003319,CUST000991,Richard,Brown,Male,Madrid,Spain,Madrid,Spain,Madrid,Spain,2025-04-22 05:32:13,Purchase,442.23,INR,Netflix,Health & Fitness,Payment for shopping,FALSE,4435023600,CJPNGVKX,1039791701,PDSJGLQI,11168.48,11977.28,1,
TXN00002463,CUST005450,Amelia,Garcia,Female,Toronto,Canada,Toronto,Canada,Toronto,Canada,2025-03-30 21:19:42,Transfer,88.04,EUR,Airbnb,Food & Dining,Payment for groceries,FALSE,1234510697,MIXMELHY,1057316350,WAKAWPDU,7645.37,6971.4,1,
TXN00002161,CUST000158,Evelyn,Jones,Female,New York,USA,New York,USA,New York,USA,2025-03-02 18:24:45,Purchase,179.52,CNY,Marriott Hotels,Home & Garden,Payment for gas & fuel,FALSE,9941244624,VOHZSNKW,2621793043,KHTUPDMG,12032.7,12947.56,1,
TXN00004621,CUST008340,James,Moore,Female,Tokyo,Japan,Tokyo,Japan,Tokyo,Japan,2024-04-14 21:37:21,Purchase,189.24,JPY,Uber,Entertainment,Payment for travel,FALSE,4687959163,NEANRFIY,2739594496,NEMKTAAJ,11130.17,10774.25,1,
TXN00003782,CUST009959,Ava,Martinez,Male,Rome,Italy,Rome,Italy,Rome,Italy,2024-11-23 04:53:51,Purchase,331.18,GBP,Uber,Bills & Utilities,Payment for bills & utilities,FALSE,3900703074,FSUZAMMO,4335207452,LNMGUFOW,10548.13,9812.46,1,
TXN00001956,CUST000539,William,Hernandez,Female,New York,USA,New York,USA,New York,USA,2025-02-22 03:16:03,Purchase,357.56,JPY,Delta Airlines,Electronics,Payment for home & garden,FALSE,3892774908,XSILNZYB,2420467643,VRQJNCRE,15524.86,14784.93,1,
TXN00002148,CUST006235,James,Martin,Female,Toronto,Canada,Toronto,Canada,Toronto,Canada,2024-05-04 16:41:47,Purchase,172.28,INR,Best Buy,Travel,Payment for shopping,FALSE,4875106101,YYYYAXHP,4255294624,KSQQAFQI,14881.02,14057.13,1,
TXN00004624,CUST009323,Mia,Thomas,Male,Mexico City,Mexico,Mexico City,Mexico,Mexico City,Mexico,2024-05-15 05:00:50,Transfer,425.72,EUR,Uber,Electronics,Payment for travel,FALSE,1900800925,TDSTGMGB,9970132857,BVOZKDGG,10942.36,11296.8,1,
TXN00001433,CUST000796,Emma,Miller,Female,Berlin,Germany,Berlin,Germany,Berlin,Germany,2024-07-27 00:36:53,Transfer,344.43,EUR,Best Buy,Gas & Fuel,Payment for travel,FALSE,2346552592,CAJNUAAZ,2440959744,TFWGNLWE,6240.97,5943.23,1,
TXN00002398,CUST008825,Amelia,Brown,Male,Madrid,Spain,Madrid,Spain,Madrid,Spain,2024-10-12 16:05:21,Purchase,490.51,USD,Home Depot,Electronics,Payment for entertainment,FALSE,2621238671,PQYHDTZW,3850205899,YJALFCTX,10023.46,10430.49,1,
TXN00001871,CUST003665,Mia,Jackson,Female,Madrid,Spain,Madrid,Spain,Madrid,Spain,2024-11-14 06:00:29,Transfer,128.79,JPY,Marriott Hotels,Home & Garden,Payment for shopping,FALSE,8487794151,DDHZIIHS,8196781173,PBIGGHHM,8986.05,8521.38,1,
TXN00003837,CUST002776,Thomas,Wilson,Female,Tokyo,Japan,Tokyo,Japan,Tokyo,Japan,2024-09-28 05:22:44,Purchase,294.29,USD,Airbnb,Bills & Utilities,Payment for groceries,FALSE,8718044138,MPWCPORM,9528664134,FWNECFKA,13820.41,14050.14,1,
TXN00004589,CUST009794,Richard,Lee,Male,Toronto,Canada,Toronto,Canada,Toronto,Canada,2024-09-09 05:30:39,Purchase,390.63,AUD,Target,Bills & Utilities,Payment for home & garden,FALSE,1110016319,QRHSZXBH,3180830642,MZHJAZFM,14040.88,14133.61,1,
TXN00000154,CUST009503,Charlotte,Johnson,Male,São Paulo,Brazil,São Paulo,Brazil,São Paulo,Brazil,2025-05-31 00:37:13,Purchase,117.14,AUD,Delta Airlines,Health & Fitness,Payment for entertainment,FALSE,7609731429,SRFGLDYN,6513339556,AAWAJUHG,9707.91,10027.98,1,
TXN00003110,CUST005897,Ava,Martin,Male,São Paulo,Brazil,São Paulo,Brazil,São Paulo,Brazil,2024-10-30 09:18:15,Purchase,13.03,INR,Target,Electronics,Payment for travel,FALSE,7911060955,AMMSIKUM,4093029986,JXORORHS,10258.24,10285.64,1,
TXN00001292,CUST004385,William,Anderson,Female,Berlin,Germany,Berlin,Germany,Berlin,Germany,2025-03-25 01:36:21,Purchase,441.4,AUD,Netflix,Food & Dining,Payment for bills & utilities,FALSE,1250234782,WPAFMHBT,5339102537,BJXYACWK,4579.23,5541.07,1,
TXN00004756,CUST002302,Olivia,Moore,Male,Paris,France,Rome,Italy,Paris,France,2025-07-31 21:07:40,Transfer,3858.32,EUR,Airbnb,Bills & Utilities,Payment for shopping,FALSE,6962642168,CBKORQTK,8388929519,YBVAHSUH,6064.88,6986.02,0,Unusual location pattern
TXN00000365,CUST002003,David,Hernandez,Female,Mexico City,Mexico,Mexico City,Mexico,Mexico City,Mexico,2024-08-19 09:59:43,Purchase,270.91,CHF,Target,Shopping,Payment for shopping,FALSE,8724086176,GYZLSLIH,5038622961,WGEUIWBG,11027.19,10081.23,1,
TXN00000594,CUST007920,Sophia,Lee,Male,Madrid,Spain,Madrid,Spain,Madrid,Spain,2024-08-12 19:29:25,Purchase,222.45,CNY,Starbucks,Health & Fitness,Payment for groceries,FALSE,9076425686,ADCTNBYN,6515906966,ZUSMJOGO,9875.18,9064.39,1,
TXN00003230,CUST000110,Michael,Anderson,Male,London,UK,London,UK,London,UK,2025-04-14 02:52:23,Transfer,336.43,EUR,Home Depot,Shopping,Payment for bills & utilities,TRUE,6418130709,PGXXDUEE,3488143964,LJGSHHAI,8975.37,8264.45,1,
TXN00001352,CUST001533,James,Wilson,Male,Dubai,UAE,Dubai,UAE,Dubai,UAE,2024-12-15 21:14:14,Purchase,272.94,CNY,Airbnb,Bills & Utilities,Payment for food & dining,FALSE,3850311879,VOXXZKWX,5349628357,QQCAXMLY,11802.75,11444.78,1,
TXN00001348,CUST003901,Olivia,Jones,Female,Paris,France,Paris,France,Paris,France,2024-09-28 01:13:29,Transfer,308.16,CAD,Target,Electronics,Payment for electronics,FALSE,8152028416,WNXYDXUY,9329191124,NDOWDROZ,11303.02,11672.07,1,
TXN00000761,CUST000828,Daniel,Thomas,Female,Berlin,Germany,Berlin,Germany,Berlin,Germany,2025-07-28 16:36:27,Purchase,202.7,INR,Shell Gas,Electronics,Payment for bills & utilities,FALSE,4909270756,YVOFWDHA,7436437910,IXPELSSC,9060.97,9923.06,1,
TXN00000978,CUST009532,Charlotte,Lopez,Female,Sydney,Australia,Sydney,Australia,Sydney,Australia,2025-09-05 10:12:05,Purchase,445.02,JPY,Marriott Hotels,Shopping,Payment for gas & fuel,FALSE,9671217754,FLAHELTX,2903575947,UYOMYVIZ,14081.05,14183.36,1,
TXN00001009,CUST009510,John,Wilson,Female,Mumbai,India,Mumbai,India,Mumbai,India,2024-10-12 16:27:44,Purchase,501.49,EUR,Target,Groceries,Payment for home & garden,FALSE,6723123089,PNUJGIMP,2883111183,ZFMPUECM,10513.63,10035.72,1,
TXN00000797,CUST002556,Robert,Taylor,Male,Tokyo,Japan,Tokyo,Japan,Tokyo,Japan,2024-01-04 19:17:20,Purchase,289.09,CHF,Marriott Hotels,Food & Dining,Payment for entertainment,FALSE,8890485190,RFHSKLXX,1779992933,YEUHNWXJ,5811.05,6626.78,1,
TXN00000411,CUST007144,Amelia,Smith,Female,New York,USA,New York,USA,New York,USA,2024-08-26 00:30:33,Purchase,55.07,EUR,Apple Store,Health & Fitness,Payment for home & garden,FALSE,7833092081,FEAPUTYD,2802095651,KKYORMHS,9538.63,9468.05,1,
TXN00004199,CUST007899,Richard,Smith,Male,Mexico City,Mexico,Mexico City,Mexico,Mexico City,Mexico,2024-02-03 16:02:01,Transfer,343.4,GBP,Starbucks,Electronics,Payment for travel,FALSE,7963448454,LEITOSCT,1195156319,XJFXDWJZ,9350.49,9670.91,1,
TXN00004194,CUST005891,Emma,Martin,Male,Paris,France,Paris,France,Paris,France,2024-08-07 10:54:57,Purchase,433.03,JPY,Apple Store,Bills & Utilities,Payment for food & dining,FALSE,1247761082,VFGFEOTF,4988447970,CDQZHBZY,10051.32,9440.69,1,
TXN00003420,CUST001996,Harper,Martin,Male,Shanghai,China,Shanghai,China,Shanghai,China,2024-07-20 16:45:34,Transfer,370.56,GBP,Target,Food & Dining,Payment for home & garden,FALSE,5264809921,IQUSHBQE,3698402034,QZCSHXWJ,12288.26,11975.92,1,
TXN00005000,CUST004241,Harper,Williams,Male,Tokyo,Japan,Tokyo,Japan,Singapore,Singapore,2025-04-24 14:53:55,Transfer,913.8,CHF,Marriott Hotels,Home & Garden,Payment for entertainment,FALSE,2594215377,IXVLHWJZ,8150796495,ACQHZBNG,13002.44,12982.06,0,Card not present fraud
TXN00000815,CUST002203,Sophia,Williams,Female,Berlin,Germany,Berlin,Germany,Berlin,Germany,2024-01-12 16:45:34,Transfer,125.67,CNY,Netflix,Bills & Utilities,Payment for entertainment,TRUE,3175216086,WYKZUBDL,9088397256,KNELVRBV,11290.96,12098.79,1,
TXN00001137,CUST003862,William,Hernandez,Female,Mumbai,India,Mumbai,India,Mumbai,India,2024-04-04 17:38:30,Purchase,282.55,USD,Home Depot,Health & Fitness,Payment for food & dining,FALSE,5632564094,TLMUNWCO,6134175091,MJTCKYKI,9583.87,10023.52,1,
TXN00002800,CUST007929,Ava,Smith,Male,Tokyo,Japan,Tokyo,Japan,Tokyo,Japan,2025-06-03 23:44:28,Purchase,110.14,INR,Delta Airlines,Electronics,Payment for shopping,FALSE,9407906170,CVGQRQQP,6958671756,QZHONUCI,7408.56,8001.08,1,
TXN00002793,CUST004806,Emma,Taylor,Male,Mumbai,India,Mumbai,India,Mumbai,India,2024-12-08 15:28:22,Transfer,275.36,CAD,Starbucks,Gas & Fuel,Payment for electronics,FALSE,3637302835,KQRXBUZY,5882726045,GTPYJHLE,10411.69,9830.08,1,
TXN00004513,CUST003804,John,Wilson,Male,Sydney,Australia,Sydney,Australia,Sydney,Australia,2025-04-16 10:31:26,Transfer,475.91,INR,Airbnb,Health & Fitness,Payment for entertainment,FALSE,2064115779,WTGKBIAD,2502523126,ZTMAKDLH,7558.63,7301.41,1,
TXN00003618,CUST007962,Ava,Wilson,Female,Paris,France,Paris,France,Paris,France,2025-03-30 01:41:38,Purchase,264.99,EUR,Delta Airlines,Health & Fitness,Payment for entertainment,FALSE,2394581536,DDUWDGOZ,3462506281,GGZOHIDS,5640.93,6177.57,1,
TXN00004188,CUST004933,Isabella,Martin,Male,Mumbai,India,Mumbai,India,Mumbai,India,2024-04-30 10:40:41,Purchase,345.21,GBP,Uber,Health & Fitness,Payment for health & fitness,FALSE,2148693902,EKBODBMJ,3330725231,DNMOQJJP,8771.2,9503.65,1,
TXN00003236,CUST002420,James,Davis,Female,Rome,Italy,Rome,Italy,Rome,Italy,2025-06-25 14:15:44,Purchase,88.63,EUR,Uber,Entertainment,Payment for shopping,FALSE,7598849486,QTESUGGU,2950974184,QCBGOKVI,15182.43,14217.34,1,
TXN00001073,CUST003817,James,Lopez,Male,Singapore,Singapore,Singapore,Singapore,Singapore,Singapore,2025-02-09 17:28:18,Purchase,470.17,JPY,McDonalds,Travel,Payment for entertainment,FALSE,9286173553,RLTEBODY,3723991959,CJMTROOG,12511.65,12384.04,1,
TXN00000272,CUST002792,Thomas,Moore,Male,Sydney,Australia,Sydney,Australia,Sydney,Australia,2024-08-21 18:40:37,Transfer,117.04,AUD,Walmart,Electronics,Payment for food & dining,FALSE,2617304549,BXDSIWEG,4174292758,QSGOJIOR,12112,12507.87,1,
TXN00003036,CUST008912,James,Taylor,Male,Mumbai,India,Mumbai,India,Mumbai,India,2025-05-03 18:36:41,Purchase,272.43,CNY,Amazon,Food & Dining,Payment for home & garden,FALSE,5793721894,OTRNKNCZ,6864652478,CILOWMIO,11343.4,11173.12,1,
TXN00001592,CUST008559,Olivia,Lopez,Female,London,UK,London,UK,London,UK,2025-08-17 11:13:59,Purchase,432.15,JPY,Airbnb,Food & Dining,Payment for entertainment,FALSE,2288236756,MRZLWSHD,9301212142,WOVFFOVR,7842.57,7316.45,1,
TXN00001536,CUST006696,Richard,Martinez,Male,London,UK,London,UK,London,UK,2025-05-29 07:26:09,Purchase,463.17,GBP,Target,Home & Garden,Payment for groceries,FALSE,2118807289,MLUGMYUA,5070929952,IBIOCNSW,7401.49,7841.32,1,
TXN00001796,CUST008129,Charlotte,Garcia,Female,São Paulo,Brazil,São Paulo,Brazil,São Paulo,Brazil,2024-12-20 18:51:17,Purchase,131.87,USD,Target,Travel,Payment for groceries,FALSE,1795311871,FBOZJHYJ,9640373015,JBIHVUBV,5431.04,5284.57,1,
TXN00003572,CUST001492,Michael,Wilson,Male,Dubai,UAE,Dubai,UAE,Dubai,UAE,2025-05-01 11:14:06,Purchase,458.16,CAD,Amazon,Gas & Fuel,Payment for travel,FALSE,7924711625,LBEEWOJJ,7258391549,XGIFZEYE,13538.73,14454.81,1,
TXN00002297,CUST000127,Evelyn,Martin,Male,São Paulo,Brazil,São Paulo,Brazil,São Paulo,Brazil,2024-01-05 07:09:57,Transfer,79.27,AUD,Best Buy,Health & Fitness,Payment for groceries,FALSE,3694570583,YUHQLVRM,7558672055,KOIEXQGP,10908.81,10664.47,1,
TXN00000808,CUST003743,William,Martin,Male,Toronto,Canada,Toronto,Canada,Toronto,Canada,2024-11-01 14:57:35,Purchase,339.64,CHF,Best Buy,Food & Dining,Payment for bills & utilities,FALSE,3352917844,OMXGPYWK,7911216296,WABPGVPF,9617.63,10025.59,1,
TXN00003037,CUST009159,William,Jackson,Male,Madrid,Spain,Madrid,Spain,Madrid,Spain,2024-12-10 01:54:50,Purchase,175.28,JPY,Walmart,Shopping,Payment for shopping,FALSE,3160432414,UINUPPWU,7003901450,DGXGOCMB,10164.48,10857.47,1,
TXN00000003,CUST006820,Amelia,Brown,Female,Dubai,UAE,Dubai,UAE,Dubai,UAE,2025-01-14 01:57:28,Purchase,225.19,USD,McDonalds,Travel,Payment for bills & utilities,FALSE,2144555125,EMJOMRQH,8707250587,HUFFQAVU,10170.56,9654.15,1,
TXN00004566,CUST009100,William,Taylor,Male,Madrid,Spain,Madrid,Spain,Madrid,Spain,2024-04-07 21:14:34,Purchase,80.48,USD,Apple Store,Shopping,Payment for groceries,TRUE,8922545933,ASCSQVCH,4183758533,UIORLFWP,14136.28,13205.4,1,
TXN00001234,CUST003710,Evelyn,Moore,Male,Toronto,Canada,Toronto,Canada,Toronto,Canada,2025-09-24 20:47:02,Purchase,217.21,GBP,Apple Store,Groceries,Payment for health & fitness,FALSE,7241828080,UROFYZVM,1037810182,PDBVPSCE,5626.63,5489.41,1,
TXN00000455,CUST008038,Harper,Martinez,Female,Tokyo,Japan,Tokyo,Japan,Tokyo,Japan,2024-07-07 01:33:04,Purchase,223.53,CHF,Starbucks,Health & Fitness,Payment for shopping,FALSE,1969991140,IPULDMGQ,9551193556,TNZHDOQE,9745.12,9028.03,1,
TXN00002615,CUST005459,Daniel,Hernandez,Female,Rome,Italy,Rome,Italy,Rome,Italy,2024-03-05 16:08:55,Purchase,349.68,CNY,Walmart,Bills & Utilities,Payment for gas & fuel,TRUE,9294171868,FRIAPFIQ,9980637720,ITNXAWVO,13470.56,13569.79,1,
TXN00002189,CUST000734,Thomas,Lee,Male,Sydney,Australia,Sydney,Australia,Sydney,Australia,2024-05-26 14:07:31,Purchase,383.36,INR,Best Buy,Electronics,Payment for gas & fuel,FALSE,5004164918,WSDPWPOL,6722476055,ATKHNSBG,11002.23,10063.02,1,
TXN00001808,CUST008861,Isabella,Lopez,Female,Shanghai,China,Shanghai,China,Shanghai,China,2024-03-19 23:27:42,Purchase,315.49,CHF,Marriott Hotels,Entertainment,Payment for health & fitness,FALSE,3212490716,FOGXECGD,5626025863,KWKSTLSI,5600.23,5544.27,1,
TXN00004323,CUST007553,Emma,Davis,Female,New York,USA,New York,USA,New York,USA,2024-11-10 20:26:56,Purchase,386.44,JPY,Home Depot,Gas & Fuel,Payment for entertainment,FALSE,2327003336,SSIFZHBQ,7227265910,JIDOBXGL,11761.41,12342.08,1,
TXN00003180,CUST008429,Daniel,Davis,Male,Sydney,Australia,Sydney,Australia,Sydney,Australia,2025-09-04 12:27:10,Purchase,470.63,JPY,Home Depot,Entertainment,Payment for travel,FALSE,3855069450,VGJMJCPQ,5209640474,TERGFIPA,6582.34,6896.65,1,
TXN00003266,CUST005715,Richard,Garcia,Male,Berlin,Germany,Berlin,Germany,Berlin,Germany,2025-05-30 21:17:20,Purchase,269.17,CNY,McDonalds,Electronics,Payment for shopping,FALSE,9172716183,RUTIKXSH,4836765095,TCTQPCMB,13446.72,12793.2,1,
TXN00002112,CUST002197,Amelia,Smith,Female,Mexico City,Mexico,Mexico City,Mexico,Mexico City,Mexico,2025-09-23 13:07:17,Transfer,449.73,USD,Apple Store,Bills & Utilities,Payment for shopping,FALSE,6055716369,GCCZFIDP,3014338476,ELMTWMUN,6023.26,6516.45,1,
TXN00001046,CUST000653,Amelia,Davis,Male,São Paulo,Brazil,São Paulo,Brazil,São Paulo,Brazil,2024-03-18 15:57:51,Purchase,125.83,CAD,Home Depot,Shopping,Payment for food & dining,FALSE,6254316026,MHIHSSBU,3190673817,XKSMXUCC,11247.12,10385.53,1,
TXN00004128,CUST000378,William,Jackson,Male,New York,USA,New York,USA,New York,USA,2024-06-29 23:40:12,Transfer,453.85,AUD,Apple Store,Bills & Utilities,Payment for shopping,FALSE,2648704913,GNSBGBFN,2418531938,SUCDLGFP,12577.76,13249.78,1,
TXN00000287,CUST001951,Thomas,Moore,Female,São Paulo,Brazil,São Paulo,Brazil,São Paulo,Brazil,2024-01-14 10:25:28,Purchase,10.24,USD,Walmart,Shopping,Payment for health & fitness,TRUE,3924822782,NIQLBHRZ,3797307028,ADWNOZDJ,5471.44,6464.07,1,
TXN00003049,CUST002405,Thomas,Martin,Female,Rome,Italy,Rome,Italy,Rome,Italy,2024-02-27 00:43:40,Purchase,122.04,USD,Netflix,Groceries,Payment for health & fitness,FALSE,3787169906,QJVXUENL,5401149412,PWCVDUIG,9277.07,8345.97,1,
TXN00004843,CUST005546,Charlotte,Brown,Male,New York,USA,London,UK,São Paulo,Brazil,2024-09-09 17:51:34,Purchase,684.69,USD,Shell Gas,Home & Garden,Payment for electronics,FALSE,1680114663,WARJJXSJ,8874552625,IDDHSXAP,9121.67,8607.13,0,Multiple transactions in short time
TXN00000527,CUST008737,David,Garcia,Female,Shanghai,China,Shanghai,China,Shanghai,China,2024-07-02 09:10:26,Transfer,497.63,CNY,Airbnb,Gas & Fuel,Payment for bills & utilities,FALSE,4388463759,UWRAOUBG,8228723356,EERDAZLZ,13703.55,14079.01,1,
TXN00002453,CUST000490,Ava,Thomas,Female,New York,USA,New York,USA,New York,USA,2025-03-29 23:11:13,Transfer,81.49,GBP,Home Depot,Groceries,Payment for entertainment,FALSE,4849655846,CCFALQKR,2112915939,XPRXKVRY,13046.72,13834.22,1,
TXN00004527,CUST004528,Charlotte,Taylor,Female,Madrid,Spain,Madrid,Spain,Madrid,Spain,2025-08-04 12:51:53,Purchase,236.26,GBP,Apple Store,Shopping,Payment for bills & utilities,FALSE,2852339136,FAHAHVDD,3817110621,DVTWQJUM,10436.91,11072.75,1,
TXN00004028,CUST000682,David,Davis,Female,Mumbai,India,Mumbai,India,Mumbai,India,2025-01-15 23:34:28,Purchase,143.86,JPY,Target,Gas & Fuel,Payment for gas & fuel,FALSE,7223878156,SXNYXXAD,8002694028,DREWMWNC,14891.08,13993.48,1,
TXN00001985,CUST003368,Mia,Johnson,Female,Rome,Italy,Rome,Italy,Rome,Italy,2024-02-25 23:15:24,Transfer,406.29,INR,Starbucks,Shopping,Payment for entertainment,FALSE,7791620392,YXZMNEXN,3519809978,KLSOXEBW,14602.87,14187.96,1,
TXN00003704,CUST000972,David,Martin,Male,Tokyo,Japan,Tokyo,Japan,Tokyo,Japan,2025-02-07 01:47:23,Purchase,247.88,USD,Netflix,Electronics,Payment for electronics,TRUE,6850677884,VCZNXGNH,4032795846,KPWXKWJK,14283.4,14936.2,1,
TXN00003984,CUST001794,Amelia,Lopez,Female,Madrid,Spain,Madrid,Spain,Madrid,Spain,2025-09-29 10:41:55,Purchase,365.83,INR,Whole Foods,Gas & Fuel,Payment for bills & utilities,FALSE,4897308779,DHIOPXJS,3857506109,XVEMFMRM,8458.69,9159.66,1,
TXN00001512,CUST006520,William,Rodriguez,Male,Madrid,Spain,Madrid,Spain,Madrid,Spain,2025-06-14 23:43:27,Purchase,473.15,GBP,Apple Store,Travel,Payment for bills & utilities,FALSE,6412814484,DZAYRGNK,5109238201,TDSXDEXJ,5613.57,5424.45,1,
TXN00001252,CUST004773,Amelia,Jackson,Male,Rome,Italy,Rome,Italy,Rome,Italy,2025-04-01 10:48:46,Purchase,41.38,GBP,Marriott Hotels,Entertainment,Payment for gas & fuel,FALSE,4952846685,QDYKNZOV,6105933320,TKXGBYBM,11250.94,11590.03,1,
TXN00003339,CUST001876,Amelia,Thomas,Female,Singapore,Singapore,Singapore,Singapore,Singapore,Singapore,2025-05-11 04:35:15,Transfer,40.53,CHF,Home Depot,Health & Fitness,Payment for groceries,FALSE,4991277184,QDTWPTIA,2215414524,EPLJPEZD,13635.57,14094.97,1,
TXN00000170,CUST005451,Robert,Lopez,Male,São Paulo,Brazil,São Paulo,Brazil,São Paulo,Brazil,2024-01-13 18:14:53,Purchase,33.98,EUR,Best Buy,Gas & Fuel,Payment for health & fitness,FALSE,1088453681,WPYSJGVS,7349732693,UXJJSNOD,7975.88,7245.06,1,
TXN00001070,CUST007304,Sophia,Rodriguez,Female,Toronto,Canada,Toronto,Canada,Toronto,Canada,2024-01-08 00:27:11,Purchase,484.03,INR,McDonalds,Gas & Fuel,Payment for bills & utilities,FALSE,6700682605,FIOCVOTE,2218417892,TEQTWGHT,9558.78,8862.47,1,
TXN00001776,CUST000901,Michael,Rodriguez,Female,Madrid,Spain,Madrid,Spain,Madrid,Spain,2025-07-14 21:48:22,Purchase,273.69,INR,Walmart,Bills & Utilities,Payment for groceries,FALSE,3759001880,BUCZVBKD,6175222365,VLWSNTNQ,4981.22,5882.37,1,
TXN00001765,CUST006609,Isabella,Garcia,Female,Toronto,Canada,Toronto,Canada,Toronto,Canada,2025-06-06 08:40:33,Purchase,115.46,CNY,Home Depot,Travel,Payment for groceries,FALSE,1790566355,NGASKURK,9482594579,SERDSYBV,10089.65,9620.41,1,
TXN00004919,CUST008515,James,Johnson,Female,Shanghai,China,Rome,Italy,Shanghai,China,2024-11-10 23:29:11,Transfer,3493.33,INR,Walmart,Home & Garden,Payment for shopping,FALSE,6748106675,VANTHQOL,6545534061,KKTDPMQD,14194.17,13632.38,0,Multiple transactions in short time
TXN00003038,CUST003640,Emma,Martinez,Female,Madrid,Spain,Madrid,Spain,Madrid,Spain,2025-04-14 18:06:07,Purchase,437.76,CHF,Best Buy,Electronics,Payment for travel,FALSE,4389893009,WVPKSXTD,2368831823,LQMNPIWC,13469.77,12940.2,1,
TXN00004161,CUST009747,Amelia,Jackson,Male,Tokyo,Japan,Tokyo,Japan,Tokyo,Japan,2024-02-22 07:25:13,Transfer,86.76,CNY,Uber,Home & Garden,Payment for health & fitness,FALSE,4320833920,LBSQUCAN,1066345542,EUMZSDQC,7596.42,7965.71,1,
TXN00002872,CUST004787,Emma,Miller,Female,Singapore,Singapore,Singapore,Singapore,Singapore,Singapore,2025-01-13 21:25:04,Purchase,174.9,GBP,Best Buy,Entertainment,Payment for travel,FALSE,8995314073,VLEOQVEP,6991786827,KMYDDRAG,7608.68,7670.48,1,
TXN00004233,CUST001425,Robert,Martin,Female,Singapore,Singapore,Singapore,Singapore,Singapore,Singapore,2025-05-08 00:58:21,Purchase,106.32,CAD,Best Buy,Shopping,Payment for food & dining,TRUE,8848985149,HDIATXYT,9364133696,EXWPFFJW,12014.08,11869.62,1,
TXN00000687,CUST002616,Ava,Garcia,Female,Shanghai,China,Shanghai,China,Shanghai,China,2025-10-03 11:14:36,Purchase,287.22,INR,Marriott Hotels,Travel,Payment for groceries,FALSE,9556481024,KPMCBBAG,1924529743,WLRBNYCZ,15588.32,14622.74,1,
TXN00004115,CUST007721,Amelia,Davis,Male,New York,USA,New York,USA,New York,USA,2025-06-05 19:20:18,Transfer,119.73,CHF,Walmart,Gas & Fuel,Payment for shopping,FALSE,8877380080,EGVRYVXM,4845243759,DLOONIYH,11259.21,10663.73,1,
TXN00002428,CUST008793,Evelyn,Johnson,Male,São Paulo,Brazil,São Paulo,Brazil,São Paulo,Brazil,2025-03-24 18:42:40,Purchase,364.41,CAD,Best Buy,Health & Fitness,Payment for shopping,FALSE,9549622258,IIHKWIWK,9386993315,PRRQBHCZ,10094.86,9224.11,1,
TXN00000706,CUST002953,Charlotte,Anderson,Female,São Paulo,Brazil,São Paulo,Brazil,São Paulo,Brazil,2025-09-15 03:07:20,Purchase,97.07,CAD,Shell Gas,Groceries,Payment for entertainment,FALSE,3931552583,VKWPQOSN,6073974171,FBYKLWWA,12934.36,12382.17,1,
TXN00000888,CUST004990,Richard,Anderson,Male,Mumbai,India,Mumbai,India,Mumbai,India,2025-05-16 21:19:42,Purchase,492.95,CHF,Whole Foods,Health & Fitness,Payment for electronics,TRUE,2259337855,JJDGMLET,5298739457,XFYCSLFV,11649.82,11145.52,1,
TXN00004705,CUST008307,Robert,Smith,Male,New York,USA,New York,USA,New York,USA,2025-08-25 09:24:51,Purchase,471.97,JPY,Whole Foods,Groceries,Payment for entertainment,FALSE,1320760694,IRFYLRZS,9224200726,UOKXAXFK,12424.03,12916.63,1,
TXN00001190,CUST000599,Olivia,Martin,Female,Shanghai,China,Shanghai,China,Shanghai,China,2024-10-10 14:53:18,Purchase,267.01,JPY,Home Depot,Groceries,Payment for groceries,FALSE,2074397379,VAXJRWOC,2226528853,ZJZXOAEW,11404.02,12348.63,1,
TXN00002597,CUST004051,Joseph,Rodriguez,Male,London,UK,London,UK,London,UK,2024-11-29 05:01:04,Purchase,177.22,INR,Shell Gas,Home & Garden,Payment for electronics,FALSE,8916028770,XVFVYGFM,6019030787,XLCGVFNL,9726.49,10724.68,1,
TXN00001201,CUST000752,John,Jackson,Female,Dubai,UAE,Dubai,UAE,Dubai,UAE,2024-03-08 08:57:25,Purchase,29.97,INR,Best Buy,Gas & Fuel,Payment for food & dining,FALSE,2259503487,JJDURJPS,2362992411,UFCLONXK,7170.14,7452.9,1,
TXN00001523,CUST005648,Mia,Davis,Female,Mumbai,India,Mumbai,India,Mumbai,India,2025-06-28 02:09:02,Purchase,438.98,JPY,Apple Store,Travel,Payment for groceries,FALSE,9705208482,DJOKIFLO,2946023947,MYZFJWWQ,10353.16,11287.41,1,
TXN00000361,CUST005031,Michael,Moore,Male,Mexico City,Mexico,Mexico City,Mexico,Mexico City,Mexico,2025-03-07 09:12:33,Transfer,488.21,CAD,Delta Airlines,Food & Dining,Payment for home & garden,FALSE,9603438266,FWAMAWRJ,6445915809,UWJUOEKO,5878.15,6451.53,1,
TXN00004487,CUST004709,Isabella,Lee,Male,Mexico City,Mexico,Mexico City,Mexico,Mexico City,Mexico,2024-06-27 11:03:11,Purchase,33.85,CHF,Home Depot,Entertainment,Payment for electronics,FALSE,1308290325,JFRUYSHV,4302667017,AZWIMUXG,5774.68,6326.83,1,
TXN00004721,CUST002967,Joseph,Anderson,Female,Dubai,UAE,Dubai,UAE,Dubai,UAE,2024-03-24 02:33:09,Purchase,121.82,GBP,Starbucks,Travel,Payment for food & dining,FALSE,1870077722,LWBCRACB,1331330121,LFTXTDXK,12414.83,12411.41,1,
TXN00004373,CUST005911,Sophia,Martinez,Female,Madrid,Spain,Madrid,Spain,Madrid,Spain,2025-05-25 22:16:47,Purchase,342.86,INR,Netflix,Groceries,Payment for health & fitness,FALSE,8835290472,DUHQZPGU,1783806514,TBMSWTXO,5669.62,5694.85,1,
TXN00004109,CUST003043,James,Jackson,Female,Rome,Italy,Rome,Italy,Rome,Italy,2025-07-02 08:00:20,Transfer,441.3,CAD,Apple Store,Electronics,Payment for bills & utilities,FALSE,5235431938,UCNUODLC,1302056886,UVFEJRLJ,7391.81,7003.17,1,
TXN00002217,CUST004332,Emma,Moore,Male,Shanghai,China,Shanghai,China,Shanghai,China,2024-07-22 05:33:40,Purchase,461.09,EUR,Apple Store,Bills & Utilities,Payment for home & garden,FALSE,9806533921,UBXCWULS,8169990031,LFNEXEQN,14868.1,14932.6,1,
TXN00000457,CUST009070,Sophia,Wilson,Female,Madrid,Spain,Madrid,Spain,Madrid,Spain,2024-10-31 15:11:15,Purchase,500.19,GBP,Apple Store,Gas & Fuel,Payment for food & dining,FALSE,7102297629,VHOUONZD,8383793170,OHYCKMXC,8701.49,9690.97,1,
TXN00004106,CUST006721,Amelia,Wilson,Male,Tokyo,Japan,Tokyo,Japan,Tokyo,Japan,2024-06-14 16:20:05,Transfer,266.79,CAD,Amazon,Electronics,Payment for groceries,FALSE,3472053732,DBFWIKQY,7805559879,IBVSCTNL,6255.22,6015.1,1,
TXN00004127,CUST006429,Isabella,Rodriguez,Female,Paris,France,Paris,France,Paris,France,2024-03-27 14:55:01,Purchase,55.65,GBP,Delta Airlines,Electronics,Payment for food & dining,FALSE,5020642739,POHVDERQ,7300884198,SSNZMYFD,9695.8,9717.14,1,
TXN00000462,CUST004478,William,Wilson,Female,Tokyo,Japan,Tokyo,Japan,Tokyo,Japan,2024-10-31 11:45:12,Transfer,66.17,USD,Amazon,Electronics,Payment for shopping,FALSE,5022131022,RYTPWASX,4361215624,BLMOAAGM,14295.86,13377.64,1,
TXN00004086,CUST000501,James,Johnson,Male,New York,USA,New York,USA,New York,USA,2025-01-31 12:21:23,Transfer,434.69,EUR,Best Buy,Home & Garden,Payment for entertainment,FALSE,9740166254,RSFQGDMG,2963102826,TSGLZHXN,11724.3,11776.98,1,
TXN00004981,CUST002909,Michael,Davis,Male,São Paulo,Brazil,São Paulo,Brazil,New York,USA,2025-08-20 04:21:12,Transfer,5259.29,JPY,Shell Gas,Electronics,Payment for groceries,FALSE,4916766815,PLQKXBVE,4368314564,MHWTQJGO,10450.91,11211.41,0,Unusual location pattern
TXN00001693,CUST002245,Olivia,Thomas,Female,Dubai,UAE,Dubai,UAE,Dubai,UAE,2024-08-11 06:31:56,Purchase,63.48,AUD,Walmart,Electronics,Payment for electronics,FALSE,8215824967,UNXPULEG,3226010665,XNGGPVIB,11508.88,11282.18,1,
TXN00003115,CUST001670,Mia,Moore,Female,Tokyo,Japan,Tokyo,Japan,Tokyo,Japan,2024-11-20 19:42:05,Purchase,104.36,GBP,Home Depot,Entertainment,Payment for groceries,FALSE,2683542440,HALDKNFH,6480779659,NBENOBJN,7166.3,8038.62,1,
TXN00002778,CUST006906,Charlotte,Lopez,Male,Berlin,Germany,Berlin,Germany,Berlin,Germany,2025-04-21 13:47:13,Purchase,314.41,CHF,Target,Entertainment,Payment for entertainment,FALSE,2004152770,JTBVJBYE,1277692067,QQHVMGNW,7873.32,7635.29,1,
TXN00000758,CUST008909,Charlotte,Brown,Male,Madrid,Spain,Madrid,Spain,Madrid,Spain,2025-07-15 16:14:23,Purchase,264.33,CHF,Starbucks,Electronics,Payment for health & fitness,FALSE,8057359256,UYHWXZZN,3900793142,DEUNPIXW,12233.45,12911.3,1,
TXN00000083,CUST005896,Thomas,Rodriguez,Male,London,UK,London,UK,London,UK,2024-07-07 21:58:40,Transfer,377.45,CNY,Airbnb,Shopping,Payment for shopping,FALSE,6793037968,NWHTLOBN,8618329038,FRMWBWZH,9871.54,9275.16,1,
TXN00002639,CUST006699,Amelia,Miller,Female,Berlin,Germany,Berlin,Germany,Berlin,Germany,2025-10-11 01:26:18,Transfer,147.64,USD,Uber,Groceries,Payment for health & fitness,FALSE,7614729658,SILYIYIH,7940835789,FFOOMQGW,11185.51,10806.18,1,
TXN00000829,CUST002109,Joseph,Martin,Female,Singapore,Singapore,Singapore,Singapore,Singapore,Singapore,2025-09-17 23:38:52,Purchase,487.39,CAD,McDonalds,Electronics,Payment for shopping,FALSE,2216075588,DFDQAYNK,1891246511,EPDAQKDJ,11825.26,11379.05,1,
TXN00002965,CUST009763,Michael,Anderson,Female,Dubai,UAE,Dubai,UAE,Dubai,UAE,2024-03-02 20:11:04,Transfer,245.25,CHF,Apple Store,Shopping,Payment for home & garden,FALSE,6788216129,JSAXZBNO,8865604513,YQGFPRRE,13938.39,13813.18,1,
TXN00003587,CUST000018,Olivia,Jackson,Male,Shanghai,China,Shanghai,China,Shanghai,China,2024-03-04 09:12:55,Purchase,465.1,INR,Walmart,Travel,Payment for food & dining,FALSE,1965570625,KPXRYWTY,8201840636,AIHEHUIZ,12840.87,12035.26,1,
TXN00003939,CUST002018,Ava,Taylor,Male,Tokyo,Japan,Tokyo,Japan,Tokyo,Japan,2024-05-21 01:15:32,Purchase,392.09,CNY,Starbucks,Groceries,Payment for food & dining,FALSE,6828795694,AXOXTZTD,7803884185,ZRPXWGDI,5366.09,5971.68,1,
TXN00000447,CUST006640,Thomas,Brown,Male,Madrid,Spain,Madrid,Spain,Madrid,Spain,2024-03-05 04:17:55,Transfer,449.17,AUD,Shell Gas,Entertainment,Payment for food & dining,FALSE,1979693975,UGFMPUJB,4694771893,FEBYKGHO,13525.55,12704.79,1,
TXN00000441,CUST008556,Joseph,Martinez,Female,Tokyo,Japan,Tokyo,Japan,Tokyo,Japan,2024-08-18 02:40:02,Transfer,392,AUD,Whole Foods,Shopping,Payment for electronics,FALSE,8249131083,VWLPQVIE,8571269564,YYFBFRAD,8534.32,8279.26,1,
TXN00000712,CUST006860,Harper,Williams,Male,Toronto,Canada,Toronto,Canada,Toronto,Canada,2025-05-17 18:38:28,Transfer,330.89,CNY,Walmart,Bills & Utilities,Payment for food & dining,FALSE,9010899957,AFDWHBPO,4255187131,FLEWVYAY,10766.64,10204.23,1,
TXN00002375,CUST008457,Ava,Rodriguez,Female,Singapore,Singapore,Singapore,Singapore,Singapore,Singapore,2024-03-31 08:29:21,Purchase,353.78,USD,Best Buy,Groceries,Payment for home & garden,FALSE,9519834899,CHOZRLTP,2773045748,XNNWYPGE,5913.34,5487.41,1,
TXN00003844,CUST003497,James,Lopez,Female,Mexico City,Mexico,Mexico City,Mexico,Mexico City,Mexico,2024-01-29 06:49:19,Purchase,188.59,USD,Apple Store,Home & Garden,Payment for travel,FALSE,6990098506,ENQVPYCP,6750776477,CGHWCGCE,7792.94,7918.19,1,
TXN00003199,CUST002018,Michael,Williams,Female,São Paulo,Brazil,São Paulo,Brazil,São Paulo,Brazil,2025-07-16 10:33:25,Purchase,255.29,AUD,Airbnb,Groceries,Payment for electronics,FALSE,9434942130,HKGCHPKE,2529885241,XPOZPMMD,10754.54,10274.43,1,
TXN00000853,CUST003158,Robert,Garcia,Female,Singapore,Singapore,Singapore,Singapore,Singapore,Singapore,2025-03-14 10:59:43,Transfer,393.61,GBP,Delta Airlines,Home & Garden,Payment for food & dining,FALSE,1393854329,UAJGVZNF,8984316477,TESSJNWF,6838.64,6429.82,1,
TXN00000550,CUST003150,Thomas,Martin,Male,Tokyo,Japan,Tokyo,Japan,Tokyo,Japan,2024-02-18 21:48:55,Purchase,398.11,EUR,Marriott Hotels,Electronics,Payment for bills & utilities,FALSE,2490493763,ZFZIPFZM,1956716685,BZISTLFI,8531.14,8265.82,1,
TXN00001635,CUST004243,Joseph,Williams,Male,Tokyo,Japan,Tokyo,Japan,Tokyo,Japan,2024-10-28 18:01:57,Purchase,459.36,CHF,Best Buy,Home & Garden,Payment for electronics,FALSE,1895003867,PLELNTTX,8770343437,IEGCFBQO,11091.18,10453.91,1,
TXN00001709,CUST002047,Emma,Johnson,Female,Mexico City,Mexico,Mexico City,Mexico,Mexico City,Mexico,2025-01-12 19:17:23,Purchase,165.9,CAD,Target,Food & Dining,Payment for bills & utilities,FALSE,1871527817,VZMSDRJQ,8261613192,YHOSYZNE,11356.4,10561.44,1,
TXN00000440,CUST001102,John,Lee,Female,Sydney,Australia,Sydney,Australia,Sydney,Australia,2024-03-11 00:31:55,Purchase,206.04,USD,Apple Store,Travel,Payment for electronics,FALSE,3555000113,KEOMZZWQ,1368119571,WQIORTEM,15444.71,14608.48,1,
TXN00002197,CUST000843,Daniel,Jones,Female,Berlin,Germany,Berlin,Germany,Berlin,Germany,2024-06-12 16:41:12,Purchase,148.3,CAD,Home Depot,Home & Garden,Payment for groceries,TRUE,9315783697,JXHMRDBM,2911181494,VGYXDTRH,14755.42,14638.87,1,
TXN00003346,CUST003202,Michael,Smith,Male,Toronto,Canada,Toronto,Canada,Toronto,Canada,2025-03-02 06:43:25,Purchase,235.57,CNY,Delta Airlines,Shopping,Payment for health & fitness,FALSE,3888129782,IIIRFZAX,1927492811,XNDJKZNC,13046.19,12468.13,1,
TXN00004928,CUST009485,Charlotte,Moore,Female,London,UK,London,UK,London,UK,2024-10-11 11:27:31,Transfer,695.54,CHF,Uber,Groceries,Payment for electronics,TRUE,9812679173,XLOBAVVY,5328230631,DXNRQZAJ,10827.46,11600.5,0,Account takeover suspected
TXN00004601,CUST008643,Robert,Davis,Female,Tokyo,Japan,Tokyo,Japan,Tokyo,Japan,2024-07-27 06:06:59,Purchase,199.2,CNY,Delta Airlines,Entertainment,Payment for health & fitness,FALSE,6956345520,SJNIAFNR,6171944462,CIPEUJRW,7146.96,6882.72,1,
TXN00000544,CUST000634,James,Anderson,Female,Singapore,Singapore,Singapore,Singapore,Singapore,Singapore,2025-02-03 07:55:46,Purchase,170.85,CNY,Apple Store,Travel,Payment for electronics,FALSE,5661250694,HLZITRWJ,4500978961,YCLCCHYD,13217.39,12684.38,1,
TXN00001154,CUST004552,Charlotte,Johnson,Male,New York,USA,New York,USA,New York,USA,2024-10-25 08:53:07,Purchase,409.7,JPY,Walmart,Bills & Utilities,Payment for health & fitness,FALSE,9988020829,HWZVUTVU,1767787470,WMSBKTWI,6528.85,6143.42,1,
TXN00002671,CUST009092,Charlotte,Lee,Female,Madrid,Spain,Madrid,Spain,Madrid,Spain,2025-02-21 10:52:15,Purchase,321.31,CHF,Amazon,Food & Dining,Payment for health & fitness,FALSE,5357652629,WPISHIHY,4483507019,YMNMEXVF,8281.4,9196.45,1,
TXN00002906,CUST003199,Harper,Martinez,Male,Madrid,Spain,Madrid,Spain,Madrid,Spain,2024-07-08 22:52:35,Transfer,493.51,GBP,Uber,Shopping,Payment for electronics,FALSE,2504357190,NZQUEXTI,1472126597,ZXALCGXN,8872.42,9225.02,1,
TXN00000608,CUST001163,Olivia,Anderson,Female,Shanghai,China,Shanghai,China,Shanghai,China,2024-05-16 14:47:05,Purchase,194.99,AUD,Airbnb,Electronics,Payment for entertainment,FALSE,7479611249,GBEOMHKP,8198672628,VVJDHVEH,12247.63,12632.74,1,
TXN00000459,CUST003686,Charlotte,Lee,Female,Sydney,Australia,Sydney,Australia,Sydney,Australia,2025-05-07 19:33:38,Transfer,450.79,CHF,Walmart,Health & Fitness,Payment for home & garden,FALSE,4957053222,GDPRMILM,1703197976,OYQVPDLN,11081.97,10678.06,1,
TXN00004788,CUST005195,Richard,Jackson,Male,Mexico City,Mexico,Toronto,Canada,New York,USA,2024-10-10 19:07:42,Transfer,3954.29,JPY,Netflix,Electronics,Payment for health & fitness,FALSE,9024557019,AOKSHULE,5682424357,HAVGEKYF,9438.74,8952.66,0,Account takeover suspected
TXN00001582,CUST004417,Harper,Davis,Male,Madrid,Spain,Madrid,Spain,Madrid,Spain,2024-04-26 04:15:57,Purchase,449.5,JPY,Shell Gas,Bills & Utilities,Payment for health & fitness,FALSE,7147888404,FXKBICPZ,6525063035,VOYHVUWW,14022.03,13222.25,1,
TXN00001938,CUST006406,Sophia,Williams,Male,Rome,Italy,Rome,Italy,Rome,Italy,2025-02-05 11:32:13,Purchase,116.01,GBP,Best Buy,Groceries,Payment for entertainment,FALSE,7417739743,CAKHDJML,8973125835,MCCFPMRM,5523.27,6319.87,1,
TXN00002583,CUST006610,Emma,Lee,Male,Sydney,Australia,Sydney,Australia,Sydney,Australia,2024-04-21 01:41:52,Transfer,152.63,CAD,Starbucks,Home & Garden,Payment for shopping,FALSE,5894562538,EYLQCMCR,7009236184,NWJCYSYO,10705.97,10031.24,1,
TXN00004163,CUST009933,Ava,Lee,Female,São Paulo,Brazil,São Paulo,Brazil,São Paulo,Brazil,2025-08-17 21:58:10,Purchase,16.67,CNY,Home Depot,Gas & Fuel,Payment for groceries,FALSE,5780327198,UZTTXQLM,9157892526,ICPSHPHC,9991.57,9775.5,1,
TXN00002400,CUST000217,Emma,Taylor,Male,London,UK,London,UK,London,UK,2025-04-03 03:46:23,Transfer,376.87,INR,Marriott Hotels,Travel,Payment for gas & fuel,FALSE,3159117849,WPYUJKNP,6677297421,LGWFNCUY,9671.48,10500.14,1,
TXN00000206,CUST001228,William,Moore,Male,Tokyo,Japan,Tokyo,Japan,Tokyo,Japan,2024-12-12 17:00:51,Purchase,190.57,CAD,Apple Store,Home & Garden,Payment for groceries,FALSE,7161169432,OLGGRHRT,7359193176,TAEXOOKD,9090.13,9743.19,1,
TXN00002269,CUST002716,Charlotte,Lee,Female,New York,USA,New York,USA,New York,USA,2024-06-12 14:08:26,Purchase,275.38,USD,Airbnb,Travel,Payment for bills & utilities,FALSE,8517275057,QZVKDXSK,6010069593,PLOHAPJK,6702.55,6058.95,1,
TXN00004048,CUST008952,James,Lopez,Female,Berlin,Germany,Berlin,Germany,Berlin,Germany,2024-07-13 22:59:32,Purchase,324.45,EUR,Marriott Hotels,Bills & Utilities,Payment for health & fitness,FALSE,2586216662,MXJHIDSW,4813825715,ASCPBKGV,10115.11,10175.87,1,
TXN00001711,CUST009961,Robert,Wilson,Male,Singapore,Singapore,Singapore,Singapore,Singapore,Singapore,2025-05-20 06:05:15,Purchase,360.97,CNY,Delta Airlines,Shopping,Payment for food & dining,FALSE,4954011936,OZAOELEZ,5331822997,WHYFDSLB,7840.1,7698.38,1,
TXN00000150,CUST001244,Isabella,Taylor,Female,Toronto,Canada,Toronto,Canada,Toronto,Canada,2024-09-11 13:26:03,Purchase,320.07,AUD,Marriott Hotels,Food & Dining,Payment for electronics,FALSE,6746024526,MIQGXGHO,4887196477,BCXIYNEO,8615.02,9038.5,1,
TXN00002465,CUST007154,Ava,Anderson,Male,Rome,Italy,Rome,Italy,Rome,Italy,2025-09-22 14:57:31,Purchase,260.72,GBP,Uber,Gas & Fuel,Payment for entertainment,TRUE,6021861209,WANYXZTZ,2821418896,TOUNGUYW,9209.87,10065.75,1,
TXN00000193,CUST009418,Ava,Moore,Female,London,UK,London,UK,London,UK,2025-07-07 19:48:35,Purchase,503.13,EUR,Best Buy,Gas & Fuel,Payment for groceries,FALSE,4414144474,SLCVQRHZ,8872723781,BNARNOHR,13001.19,13994.73,1,
TXN00004897,CUST006986,Thomas,Jones,Female,Mexico City,Mexico,Mexico City,Mexico,Tokyo,Japan,2024-06-26 18:52:08,Purchase,1039.92,GBP,Netflix,Food & Dining,Payment for bills & utilities,FALSE,5894939630,RCFZTGPJ,6766250950,KZJGROOO,6611.73,6864.71,0,Known fraudulent merchant
TXN00002561,CUST000919,Charlotte,Wilson,Male,Sydney,Australia,Sydney,Australia,Sydney,Australia,2024-03-01 16:53:11,Purchase,98.06,AUD,Target,Electronics,Payment for gas & fuel,FALSE,1537412821,LLWMWDBM,6138165012,PMRRXLVA,6477.33,6071.83,1,
TXN00003404,CUST003583,William,Rodriguez,Male,Sydney,Australia,Sydney,Australia,Sydney,Australia,2025-04-19 12:03:15,Transfer,428.3,EUR,Amazon,Bills & Utilities,Payment for travel,FALSE,2747345894,XPSLQHQI,2819856035,MLYPKEIK,9218.17,9405.92,1,
TXN00002042,CUST006549,Robert,Moore,Male,London,UK,London,UK,London,UK,2025-08-11 15:02:26,Purchase,440.64,AUD,Starbucks,Electronics,Payment for travel,FALSE,6925202005,VFCARMGB,4121115444,PLJVVHHY,13879.71,13446.22,1,
TXN00002681,CUST002775,Thomas,Thomas,Male,São Paulo,Brazil,São Paulo,Brazil,São Paulo,Brazil,2024-03-06 12:26:32,Transfer,158.82,CNY,Delta Airlines,Entertainment,Payment for electronics,FALSE,4335581225,EGIGVTCK,5498908886,GKIJWDRN,6494.74,5982.65,1,
TXN00001309,CUST008776,Charlotte,Smith,Female,Singapore,Singapore,Singapore,Singapore,Singapore,Singapore,2024-02-07 07:19:51,Purchase,37.37,EUR,Marriott Hotels,Bills & Utilities,Payment for electronics,FALSE,3046832449,YNTSOASM,8853484486,JLVKTCPE,12093.36,13038.59,1,
TXN00001016,CUST006666,Emma,Davis,Male,Mumbai,India,Mumbai,India,Mumbai,India,2024-10-26 10:38:54,Purchase,15.92,EUR,Starbucks,Travel,Payment for entertainment,FALSE,4991056606,HORDINYX,3181336708,GVWMDLHS,12943.03,13435.43,1,
TXN00004220,CUST000551,Harper,Thomas,Male,Sydney,Australia,Sydney,Australia,Sydney,Australia,2025-04-22 19:16:37,Purchase,234.91,CAD,Home Depot,Gas & Fuel,Payment for shopping,TRUE,7893727937,OQVCHITQ,9721610194,UTCRRDFK,7712.45,7205.1,1,
TXN00004113,CUST002026,James,Johnson,Female,São Paulo,Brazil,São Paulo,Brazil,São Paulo,Brazil,2024-08-23 15:02:54,Transfer,421.61,CAD,Apple Store,Travel,Payment for electronics,TRUE,1260003498,UXPMUBET,9305849702,ZYUHYQDV,11320.41,10895.63,1,
TXN00003307,CUST000059,Sophia,Garcia,Female,Paris,France,Paris,France,Paris,France,2024-02-06 13:03:34,Transfer,132.68,AUD,Airbnb,Entertainment,Payment for shopping,TRUE,2865273784,XIUQRJTR,6636489205,TIARJKUB,5091.13,5299,1,
TXN00000746,CUST000643,Daniel,Moore,Female,Berlin,Germany,Berlin,Germany,Berlin,Germany,2024-04-05 08:04:51,Purchase,391.69,JPY,Delta Airlines,Food & Dining,Payment for food & dining,FALSE,3180988726,MCAPQZYE,2040356753,MFRLJETF,10493.34,9502.01,1,
TXN00000793,CUST009971,Evelyn,Johnson,Male,Madrid,Spain,Madrid,Spain,Madrid,Spain,2025-05-08 15:43:14,Transfer,180.55,CAD,Starbucks,Gas & Fuel,Payment for shopping,FALSE,8898604738,IRCOGHII,2033170948,SYHGNYFW,5421.65,5147.4,1,
TXN00000021,CUST007542,David,Lopez,Female,Singapore,Singapore,Singapore,Singapore,Singapore,Singapore,2024-08-12 17:59:26,Purchase,40.2,CAD,Netflix,Home & Garden,Payment for shopping,TRUE,3217819722,QVRWZCUA,6190595131,FKSYSSSG,7424.31,6486,1,
TXN00002200,CUST003669,Isabella,Jones,Female,Paris,France,Paris,France,Paris,France,2025-09-26 10:45:43,Purchase,373.08,CHF,Target,Entertainment,Payment for entertainment,FALSE,4177555162,IOJVNQYT,2325418986,BGYZNIKS,6946.88,7405.98,1,
TXN00000585,CUST008379,John,Wilson,Female,Shanghai,China,Shanghai,China,Shanghai,China,2024-01-23 06:59:30,Purchase,300.38,EUR,Marriott Hotels,Health & Fitness,Payment for health & fitness,FALSE,5751539517,OHOBIFPJ,8924997593,GYQQFAVF,8046.28,7433.21,1,
TXN00000415,CUST003396,Daniel,Thomas,Male,Toronto,Canada,Toronto,Canada,Toronto,Canada,2025-09-13 04:11:52,Purchase,455.35,JPY,Home Depot,Entertainment,Payment for gas & fuel,FALSE,5849094623,OTMTFVGX,5030619666,OTTBRWXW,5226.23,5302.89,1,
TXN00003198,CUST001931,Sophia,Wilson,Female,Mumbai,India,Mumbai,India,Mumbai,India,2025-09-25 00:10:36,Purchase,167.82,INR,Marriott Hotels,Shopping,Payment for gas & fuel,FALSE,1848300635,NWSMJBRS,4613669889,GMDCESRC,5717.22,5855.69,1,
TXN00002523,CUST003801,James,Rodriguez,Male,New York,USA,New York,USA,New York,USA,2024-10-15 07:59:52,Purchase,180.1,USD,Apple Store,Shopping,Payment for bills & utilities,FALSE,6790896636,HEVEPDWI,1988710143,JDKLVABD,12586.92,11777.21,1,
TXN00002803,CUST009507,Richard,Martin,Female,Mumbai,India,Mumbai,India,Mumbai,India,2024-08-18 12:37:59,Transfer,418.63,GBP,Marriott Hotels,Travel,Payment for food & dining,FALSE,2712266076,URJGHXGC,1361923722,XLFZSUGX,7703.28,6959.05,1,
TXN00004256,CUST005953,Sophia,Moore,Male,São Paulo,Brazil,São Paulo,Brazil,São Paulo,Brazil,2024-05-03 19:23:03,Purchase,86.1,CNY,Target,Travel,Payment for bills & utilities,FALSE,8299950681,DKJSHTYR,6084609760,ZKPZYHXZ,9160,10146.3,1,
TXN00004080,CUST005248,John,Taylor,Female,London,UK,London,UK,London,UK,2025-09-20 15:55:28,Purchase,267.63,CNY,Apple Store,Bills & Utilities,Payment for bills & utilities,FALSE,5981258470,KPCVZUHV,1750230501,IVNUSTTL,12887.92,12192.15,1,
TXN00003359,CUST006643,Michael,Miller,Male,New York,USA,New York,USA,New York,USA,2024-06-21 19:37:57,Transfer,292.89,EUR,Best Buy,Electronics,Payment for travel,FALSE,3296517325,WSEKWPYJ,7431651841,CWZFVVXT,13567.19,12864.32,1,
TXN00004397,CUST003702,Robert,Davis,Male,New York,USA,New York,USA,New York,USA,2024-11-30 08:03:15,Transfer,116.3,CNY,Walmart,Electronics,Payment for entertainment,FALSE,4177725685,BCYPJJNG,9324546970,EAZCCGJE,11128.35,10680.97,1,
TXN00004474,CUST007847,Michael,Garcia,Female,Berlin,Germany,Berlin,Germany,Berlin,Germany,2025-07-13 20:51:32,Transfer,509.09,JPY,Target,Shopping,Payment for gas & fuel,FALSE,6681923039,HZIRMSOP,1948026778,IGPCRFVZ,10974.06,10355.55,1,
TXN00001449,CUST006505,Evelyn,Johnson,Female,Sydney,Australia,Sydney,Australia,Sydney,Australia,2024-01-07 16:17:01,Purchase,20.58,JPY,Airbnb,Gas & Fuel,Payment for home & garden,FALSE,9471759627,OIILPKKH,7185525374,QXKRQCYG,8812.95,7943.89,1,
TXN00000947,CUST008704,Charlotte,Martin,Male,London,UK,London,UK,London,UK,2025-04-30 17:10:55,Purchase,50.54,CAD,Home Depot,Electronics,Payment for electronics,FALSE,8238138134,AAHNKXJD,1512685439,TNLKZITN,7539.29,7089.38,1,
TXN00002485,CUST005299,Daniel,Johnson,Female,Dubai,UAE,Dubai,UAE,Dubai,UAE,2025-04-14 16:40:18,Transfer,74.82,CNY,Walmart,Home & Garden,Payment for bills & utilities,FALSE,1779136513,XLPAUYFF,2953778169,UJUERLEQ,8306.95,9021.46,1,
TXN00002737,CUST001591,Thomas,Martin,Male,Madrid,Spain,Madrid,Spain,Madrid,Spain,2024-10-21 21:30:02,Purchase,182.1,CAD,Airbnb,Home & Garden,Payment for groceries,FALSE,3069698753,OPGDMFXF,7245096034,HRXPHTAH,6404.19,6412.72,1,
TXN00004715,CUST006710,William,Rodriguez,Male,Dubai,UAE,Dubai,UAE,Dubai,UAE,2024-08-16 15:03:57,Transfer,281.89,EUR,Marriott Hotels,Travel,Payment for travel,FALSE,2295840758,TSNJJPPF,5249317326,GMFNYKLP,7238.22,6249.97,1,
TXN00004999,CUST007269,Richard,Miller,Female,Rome,Italy,Dubai,UAE,New York,USA,2025-01-03 12:58:07,Purchase,4813.84,INR,Delta Airlines,Food & Dining,Payment for health & fitness,FALSE,3185239371,CTDBUOOW,7013961342,MDJPLXSK,12247.73,13100.59,0,Unusual location pattern
TXN00001080,CUST001241,Thomas,Thomas,Female,Toronto,Canada,Toronto,Canada,Toronto,Canada,2025-01-04 00:13:35,Purchase,463.96,JPY,Uber,Entertainment,Payment for food & dining,FALSE,6947933668,ULSIERXR,1801845650,BGEGFZKZ,13292.25,12722.7,1,
TXN00004517,CUST008700,Sophia,Garcia,Male,Madrid,Spain,Madrid,Spain,Madrid,Spain,2024-03-27 09:34:47,Purchase,323.46,AUD,McDonalds,Food & Dining,Payment for entertainment,TRUE,8871611478,SJSZCXFF,9106370465,PESAUTLK,7925.91,6934.66,1,
TXN00003633,CUST006911,Joseph,Wilson,Female,Rome,Italy,Rome,Italy,Rome,Italy,2024-07-13 04:27:07,Purchase,103.87,USD,Amazon,Gas & Fuel,Payment for travel,TRUE,2685268833,FXSQGKLD,7670905913,KCTINUIV,14532.63,14024.67,1,
TXN00001100,CUST000828,Harper,Rodriguez,Male,Sydney,Australia,Sydney,Australia,Sydney,Australia,2024-05-31 08:42:11,Transfer,224.79,USD,Home Depot,Electronics,Payment for home & garden,TRUE,7985978162,QAAKFVFE,9399731244,HYVEYJXH,11200.62,11653.68,1,
TXN00000616,CUST001698,Sophia,Lopez,Male,Sydney,Australia,Sydney,Australia,Sydney,Australia,2024-12-27 03:24:52,Transfer,134.52,USD,Delta Airlines,Travel,Payment for groceries,FALSE,1977630188,SNFVINUH,4505007654,BDMIIWAD,13795.59,14525.91,1,
TXN00004935,CUST008158,Ava,Davis,Female,Singapore,Singapore,Singapore,Singapore,Toronto,Canada,2025-05-28 10:09:25,Purchase,1330.62,USD,Shell Gas,Bills & Utilities,Payment for gas & fuel,FALSE,5671844913,RUWEJYBD,9884925539,TZDXUHEJ,10843.66,10072.57,0,High amount compared to usual
TXN00003223,CUST006264,Sophia,Miller,Male,Madrid,Spain,Madrid,Spain,Madrid,Spain,2024-09-21 00:53:30,Transfer,21.2,CNY,Walmart,Electronics,Payment for entertainment,TRUE,5357583301,HTOXAWTZ,4029242248,NOZAZMRL,11503.21,11449.46,1,
TXN00004648,CUST003898,Daniel,Jones,Male,São Paulo,Brazil,São Paulo,Brazil,São Paulo,Brazil,2025-05-07 21:05:28,Purchase,195.98,GBP,Walmart,Entertainment,Payment for travel,TRUE,6469908034,VBPQXMNQ,8749412516,ACBEEPLG,9151.53,9239.67,1,
TXN00001019,CUST004686,Olivia,Taylor,Female,Toronto,Canada,Toronto,Canada,Toronto,Canada,2024-06-26 18:33:09,Purchase,171.22,USD,Home Depot,Shopping,Payment for gas & fuel,FALSE,4389325426,CCPUPXKS,3536424094,MQNOKYJY,7337.04,8164.96,1,
TXN00002993,CUST002241,Evelyn,Miller,Female,Singapore,Singapore,Singapore,Singapore,Singapore,Singapore,2025-05-24 18:03:13,Purchase,345.54,CAD,Netflix,Travel,Payment for health & fitness,FALSE,6332696256,ETZMVTDM,7427109051,XIFKWWXW,13596.33,13548.68,1,
TXN00002686,CUST009125,David,Davis,Male,Toronto,Canada,Toronto,Canada,Toronto,Canada,2024-05-24 14:57:37,Purchase,425.72,INR,Delta Airlines,Gas & Fuel,Payment for gas & fuel,FALSE,3960027485,NJKTXTKF,5258061705,XIUWAKKQ,13514.06,13741.25,1,
TXN00000759,CUST003667,James,Lopez,Female,Toronto,Canada,Toronto,Canada,Toronto,Canada,2025-09-14 16:10:21,Transfer,26.51,JPY,Delta Airlines,Home & Garden,Payment for electronics,FALSE,2152679585,IHMLJZAP,3369058794,VYKGFEHY,10010.29,10159.02,1,
TXN00003107,CUST001829,Daniel,Wilson,Female,São Paulo,Brazil,São Paulo,Brazil,São Paulo,Brazil,2024-09-14 13:25:25,Purchase,390.38,CNY,Airbnb,Health & Fitness,Payment for shopping,FALSE,7997231363,NGJXCQDX,2251446630,KTANRPZM,7681.97,7451.65,1,
TXN00003423,CUST002815,Thomas,Garcia,Female,Toronto,Canada,Toronto,Canada,Toronto,Canada,2024-09-30 06:06:06,Transfer,330.64,CHF,Delta Airlines,Shopping,Payment for electronics,FALSE,3474923491,VRGHZYIB,7720993481,GCMISIBU,13323.58,13850.83,1,
TXN00003257,CUST000628,Daniel,Miller,Female,Madrid,Spain,Madrid,Spain,Madrid,Spain,2025-08-20 09:47:47,Purchase,218.21,AUD,Target,Shopping,Payment for entertainment,FALSE,7937029285,QGNUPPDX,3498845166,RURMYDHE,7893.58,6900.34,1,
TXN00003888,CUST005626,Amelia,Wilson,Male,Singapore,Singapore,Singapore,Singapore,Singapore,Singapore,2025-03-02 23:14:24,Purchase,339.86,CAD,Shell Gas,Home & Garden,Payment for groceries,FALSE,2575580706,QDWQIHRZ,1649662417,MNXODSYY,11268.68,11294.93,1,
TXN00000227,CUST000674,William,Jones,Male,Paris,France,Paris,France,Paris,France,2024-11-20 08:24:24,Transfer,306.53,CNY,Netflix,Entertainment,Payment for home & garden,FALSE,8971461951,NBRKDDXX,5597714415,WEFTPOKT,6095.94,5689.05,1,
TXN00001780,CUST008111,Daniel,Taylor,Female,São Paulo,Brazil,São Paulo,Brazil,São Paulo,Brazil,2024-03-31 02:50:56,Transfer,19.61,CHF,Marriott Hotels,Shopping,Payment for gas & fuel,FALSE,7534644741,ZINBUVMH,5836454939,OZMGVSCH,11326.41,11456.78,1,
TXN00001730,CUST000598,Mia,Smith,Female,Singapore,Singapore,Singapore,Singapore,Singapore,Singapore,2025-07-18 00:33:22,Purchase,486.7,JPY,Starbucks,Travel,Payment for health & fitness,FALSE,8280441466,CZGKKUSD,8063601489,FGLEQMUI,9335.03,9704.09,1,
TXN00000927,CUST000564,Emma,Wilson,Male,Tokyo,Japan,Tokyo,Japan,Tokyo,Japan,2025-04-01 12:01:18,Purchase,256.05,INR,Walmart,Entertainment,Payment for travel,FALSE,5667676058,JYSLSHTN,9239899339,EAPXSKNH,12219,11708.73,1,
TXN00004890,CUST006897,Mia,Miller,Female,São Paulo,Brazil,Tokyo,Japan,Berlin,Germany,2025-06-30 06:06:19,Purchase,2066.15,JPY,Walmart,Shopping,Payment for health & fitness,FALSE,6523071313,YLBKSDLM,6551901864,FXXOJAHL,13878.02,13173.85,0,Unusual location pattern
TXN00002466,CUST009349,James,Brown,Male,Rome,Italy,Rome,Italy,Rome,Italy,2025-10-12 05:56:38,Purchase,16.37,GBP,Delta Airlines,Gas & Fuel,Payment for entertainment,FALSE,5246981154,LIYYYLGO,3334360337,SMXOHJLI,7437.14,6475.47,1,
TXN00000721,CUST005696,Ava,Anderson,Male,Rome,Italy,Rome,Italy,Rome,Italy,2025-01-30 21:02:40,Purchase,159.08,CHF,Uber,Entertainment,Payment for groceries,FALSE,5339463004,PHFFJZDN,5995140265,GSXLUFRK,11312.94,12220.63,1,
TXN00004372,CUST009717,Amelia,Martin,Female,New York,USA,New York,USA,New York,USA,2025-08-30 02:16:21,Purchase,63.02,CAD,Delta Airlines,Groceries,Payment for gas & fuel,FALSE,9856549882,GKGDHSZC,8401755539,GCJVMZTC,8105.42,8030.53,1,
TXN00002841,CUST000976,John,Brown,Female,Dubai,UAE,Dubai,UAE,Dubai,UAE,2025-05-09 20:20:14,Purchase,506.18,GBP,Amazon,Shopping,Payment for shopping,TRUE,7846302194,KGDIDPSX,3338220079,UXTKOKBE,7244.96,8232.6,1,
TXN00001539,CUST004092,Emma,Johnson,Male,New York,USA,New York,USA,New York,USA,2024-12-26 14:39:47,Purchase,218.77,CAD,Walmart,Electronics,Payment for shopping,FALSE,3666070224,BTYAPPBE,5476944119,KVQCBORS,14038.85,13949.59,1,
TXN00000245,CUST002001,Olivia,Wilson,Female,Sydney,Australia,Sydney,Australia,Sydney,Australia,2024-12-28 01:12:45,Purchase,313.06,CAD,Shell Gas,Shopping,Payment for entertainment,FALSE,2224638549,GLORUPFW,7653003158,RCIMNCQV,13438.81,13798.22,1,
TXN00000430,CUST006108,Robert,Jackson,Male,Dubai,UAE,Dubai,UAE,Dubai,UAE,2024-10-30 23:20:47,Purchase,160.04,USD,McDonalds,Gas & Fuel,Payment for travel,FALSE,5607198705,VZBBVXUG,6323615620,ZHQPSAJQ,11486,10603.74,1,
TXN00002408,CUST007374,John,Brown,Male,Berlin,Germany,Berlin,Germany,Berlin,Germany,2025-01-12 08:19:10,Transfer,150.4,AUD,Delta Airlines,Health & Fitness,Payment for health & fitness,FALSE,2039201376,XHREFZDX,3895870131,KPBPSUSV,11818.92,10930.7,1,
TXN00000310,CUST002474,Richard,Taylor,Male,Paris,France,Paris,France,Paris,France,2025-04-30 23:23:15,Purchase,13.24,CNY,Target,Groceries,Payment for groceries,FALSE,4586717313,VNFNDTUN,1570906419,NHBVCBTX,5143.86,5227.38,1,
TXN00004119,CUST008680,Thomas,Williams,Female,Rome,Italy,Rome,Italy,Rome,Italy,2024-08-31 19:11:43,Purchase,404.52,GBP,Home Depot,Travel,Payment for electronics,FALSE,7671341366,XJHHKSCM,2242113030,ALOXJHFQ,11508.4,10863.8,1,
TXN00002584,CUST009972,William,Thomas,Male,New York,USA,New York,USA,New York,USA,2024-04-26 06:41:56,Purchase,150.85,CAD,Best Buy,Health & Fitness,Payment for bills & utilities,FALSE,4302544235,RKNEMCOF,5429936185,ZBCDMQQU,6032.21,6741.8,1,
TXN00002970,CUST008795,Olivia,Brown,Female,Paris,France,Paris,France,Paris,France,2024-09-11 10:53:27,Purchase,182.53,AUD,Target,Health & Fitness,Payment for food & dining,TRUE,1448142098,SIBHOIDD,7561884611,SBZPUOBC,14159.82,13624.78,1,
TXN00002020,CUST005898,Evelyn,Smith,Male,Mumbai,India,Mumbai,India,Mumbai,India,2024-02-05 17:09:49,Purchase,283.49,USD,Best Buy,Shopping,Payment for bills & utilities,FALSE,6031835560,CMHXYOYS,7751657175,YAHCYPWJ,14552.42,13831.5,1,
TXN00001541,CUST002758,Ava,Lopez,Male,Toronto,Canada,Toronto,Canada,Toronto,Canada,2025-03-05 21:10:39,Purchase,201.51,GBP,Apple Store,Entertainment,Payment for shopping,FALSE,4455306189,ARUVSTQZ,9073755698,EYWSAYVX,13148.67,13178.51,1,
TXN00003641,CUST002266,Sophia,Wilson,Male,Berlin,Germany,Berlin,Germany,Berlin,Germany,2024-07-25 10:40:21,Purchase,198.49,CNY,Delta Airlines,Groceries,Payment for entertainment,FALSE,5382751659,YCODJLIV,8023932161,ZZUCXJSG,8881.48,8433.36,1,
TXN00001714,CUST004072,Richard,Moore,Female,Tokyo,Japan,Tokyo,Japan,Tokyo,Japan,2025-08-14 07:23:56,Purchase,459.35,GBP,Amazon,Gas & Fuel,Payment for bills & utilities,FALSE,5524870932,QMMJCJSI,2542747415,QDBDHDOX,11073.17,11691.02,1,
TXN00003760,CUST005736,Ava,Rodriguez,Male,São Paulo,Brazil,São Paulo,Brazil,São Paulo,Brazil,2024-06-30 17:02:05,Purchase,35.68,EUR,Shell Gas,Gas & Fuel,Payment for health & fitness,FALSE,4559269745,VNVIBSDU,7978656344,TFIONQOF,10174.98,10702.65,1,
TXN00003563,CUST001585,Thomas,Smith,Female,Shanghai,China,Shanghai,China,Shanghai,China,2024-02-12 03:42:46,Transfer,376.38,INR,Starbucks,Electronics,Payment for shopping,FALSE,6926079055,CROQHFSQ,5442530266,LLKDBKKJ,12102.22,12561.58,1,
TXN00000517,CUST005438,Charlotte,Wilson,Female,São Paulo,Brazil,São Paulo,Brazil,São Paulo,Brazil,2024-08-20 10:54:20,Transfer,39.05,INR,Walmart,Electronics,Payment for health & fitness,FALSE,4273774742,CVBCLNDC,7037191888,UETZFWOV,12582.56,13512.55,1,
TXN00003499,CUST007222,Ava,Wilson,Male,Dubai,UAE,Dubai,UAE,Dubai,UAE,2024-08-30 09:19:27,Purchase,76.9,EUR,Airbnb,Shopping,Payment for home & garden,FALSE,6799619222,RTFTRELZ,1828081080,KNIUZWOZ,4398.27,5122.43,1,
TXN00001633,CUST009317,Isabella,Moore,Male,Paris,France,Paris,France,Paris,France,2024-10-07 23:35:37,Purchase,134.26,CHF,McDonalds,Travel,Payment for entertainment,FALSE,6895903484,SOFTYRGR,6184402629,SJWHNODO,11924.09,10941,1,
TXN00001052,CUST006974,Harper,Rodriguez,Female,Dubai,UAE,Dubai,UAE,Dubai,UAE,2025-09-24 14:30:20,Transfer,358.27,CHF,Airbnb,Bills & Utilities,Payment for shopping,FALSE,2346724178,SNEHQPHI,2986601849,WNVZYKMG,12818.66,12258.36,1,
TXN00001094,CUST006057,Richard,Johnson,Male,Dubai,UAE,Dubai,UAE,Dubai,UAE,2024-07-01 08:12:35,Transfer,178.71,INR,Shell Gas,Shopping,Payment for travel,FALSE,4655243455,RTVFVJWL,7977353060,YZADELZA,9703,9508.28,1,
TXN00001851,CUST003286,David,Miller,Male,Tokyo,Japan,Tokyo,Japan,Tokyo,Japan,2025-05-01 12:14:49,Purchase,377.97,GBP,Best Buy,Food & Dining,Payment for home & garden,FALSE,6830025251,HPYCCZLA,3013463842,CLXIHWSS,8487.9,8632.84,1,
TXN00001818,CUST005410,Mia,Taylor,Male,Tokyo,Japan,Tokyo,Japan,Tokyo,Japan,2024-12-07 12:58:53,Purchase,314.01,EUR,Uber,Travel,Payment for food & dining,FALSE,8109548348,PYXBWRDR,3782226414,TFQJKXCR,13513.87,13372.55,1,
TXN00000428,CUST009580,William,Smith,Female,Paris,France,Paris,France,Paris,France,2024-05-06 18:01:49,Purchase,95.12,CAD,Apple Store,Travel,Payment for food & dining,FALSE,1583291074,JQEAQTBV,5606973206,OKFQOMJU,5505.77,6126.28,1,
TXN00001496,CUST006686,Joseph,Williams,Male,Rome,Italy,Rome,Italy,Rome,Italy,2025-03-03 08:43:47,Purchase,232.55,AUD,McDonalds,Travel,Payment for shopping,FALSE,7939913270,UQLPSHIB,5351415543,HWMUOZVE,11519.7,10874.61,1,
TXN00003898,CUST001676,Harper,Lopez,Male,Tokyo,Japan,Tokyo,Japan,Tokyo,Japan,2024-12-28 11:16:06,Purchase,111.79,CNY,Home Depot,Gas & Fuel,Payment for health & fitness,FALSE,9901405323,CZKKQBWC,7010092603,WGZMHBGY,8057.24,8324.2,1,
TXN00003775,CUST008000,James,Rodriguez,Male,São Paulo,Brazil,São Paulo,Brazil,São Paulo,Brazil,2024-03-17 10:43:09,Transfer,237.77,GBP,Home Depot,Bills & Utilities,Payment for electronics,FALSE,7765237924,SPZLKPEN,7244935876,OQRGXRES,11290.29,10879.1,1,
TXN00001012,CUST000956,Evelyn,Garcia,Female,Rome,Italy,Rome,Italy,Rome,Italy,2025-01-19 20:56:45,Purchase,258.74,GBP,Marriott Hotels,Groceries,Payment for electronics,FALSE,6317841720,SNVUCKCS,4024943788,SURLVXSC,13380.97,12494.05,1,
TXN00003073,CUST009007,Evelyn,Johnson,Male,Madrid,Spain,Madrid,Spain,Madrid,Spain,2025-08-15 11:02:01,Purchase,230.62,CAD,Target,Health & Fitness,Payment for travel,FALSE,6276318596,TKFGLWRA,4689967281,IZJKJGUN,10537.44,11267.83,1,
TXN00002492,CUST008260,Olivia,Anderson,Female,Mexico City,Mexico,Mexico City,Mexico,Mexico City,Mexico,2024-03-21 17:11:53,Purchase,75,AUD,Home Depot,Home & Garden,Payment for travel,TRUE,6896543583,LCJUMFGV,5619417747,FDTVFDYM,10026.45,10157.76,1,
TXN00000955,CUST006581,Michael,Anderson,Male,Madrid,Spain,Madrid,Spain,Madrid,Spain,2025-04-27 04:06:00,Transfer,490.35,CAD,Whole Foods,Home & Garden,Payment for health & fitness,FALSE,9116299409,CUGNQZFO,1210847072,AGEMTXKM,13249.91,13264.4,1,
TXN00000896,CUST009150,Joseph,Moore,Female,São Paulo,Brazil,São Paulo,Brazil,São Paulo,Brazil,2025-02-08 08:44:12,Transfer,220,JPY,Uber,Travel,Payment for electronics,FALSE,3655895297,CWQQHSVN,2386330249,DTMGXKDU,6788.82,6880.33,1,
TXN00004713,CUST000922,William,Anderson,Female,Rome,Italy,Rome,Italy,Rome,Italy,2024-11-25 02:54:30,Purchase,203.54,GBP,Netflix,Entertainment,Payment for food & dining,FALSE,4512788490,USSSYHRE,5237355845,KZXYGSCP,9912.73,9092.36,1,
TXN00003185,CUST007582,Ava,Johnson,Female,Dubai,UAE,Dubai,UAE,Dubai,UAE,2024-07-23 20:55:56,Purchase,104.64,INR,Uber,Travel,Payment for groceries,FALSE,8027496500,EFWJPPFI,2129346522,YVGYQAQG,13171.15,13762.94,1,
TXN00001596,CUST000351,John,Miller,Male,Singapore,Singapore,Singapore,Singapore,Singapore,Singapore,2024-01-20 23:18:33,Purchase,380.28,GBP,Shell Gas,Electronics,Payment for entertainment,FALSE,8096201630,FBRZROQE,5323859102,SIESAQJZ,9398.78,10338.97,1,
TXN00003267,CUST009154,Evelyn,Hernandez,Male,Shanghai,China,Shanghai,China,Shanghai,China,2024-12-17 10:36:16,Purchase,119.14,AUD,Delta Airlines,Shopping,Payment for electronics,FALSE,3780435811,EAWCEHCN,1422074146,MHEXJMSN,9572.81,10443.71,1,
TXN00001779,CUST008759,Richard,Moore,Male,Mexico City,Mexico,Mexico City,Mexico,Mexico City,Mexico,2025-04-13 09:31:49,Purchase,293.28,CHF,Uber,Food & Dining,Payment for home & garden,FALSE,9436509339,SOBXNDJI,5691502849,XHJFOIBP,15772.38,14908.12,1,
TXN00001050,CUST003915,Charlotte,Thomas,Male,Shanghai,China,Shanghai,China,Shanghai,China,2024-10-23 13:15:54,Purchase,494.29,INR,Amazon,Home & Garden,Payment for entertainment,FALSE,9883385910,ESXOBKQF,5957568868,ZBWOANBX,11989.65,12345.55,1,
TXN00001347,CUST003367,Robert,Johnson,Female,Mumbai,India,Mumbai,India,Mumbai,India,2025-06-05 10:55:43,Purchase,149.5,AUD,Airbnb,Groceries,Payment for electronics,FALSE,5864667550,HUOWADCM,7887210708,ISGQGYRC,11934.49,12335.04,1,
TXN00003378,CUST003818,Richard,Williams,Male,Berlin,Germany,Berlin,Germany,Berlin,Germany,2024-06-12 00:37:30,Transfer,182.29,CHF,McDonalds,Entertainment,Payment for gas & fuel,FALSE,3974486120,OFNTLMRJ,5464078317,RGMDGFHP,12571.51,12883.33,1,
TXN00000070,CUST003599,Mia,Martinez,Female,London,UK,London,UK,London,UK,2024-06-04 13:18:15,Transfer,71.98,EUR,Uber,Shopping,Payment for bills & utilities,FALSE,1573270718,UKABUGTP,8054461711,EEJNGCJM,8576.02,8354.59,1,
TXN00003006,CUST005270,Robert,Jackson,Male,Mexico City,Mexico,Mexico City,Mexico,Mexico City,Mexico,2024-06-28 15:39:46,Purchase,202.42,USD,Starbucks,Food & Dining,Payment for shopping,FALSE,1607381889,JMVDPFPI,2248678770,HVHLJGHZ,9544,10433.14,1,
TXN00001859,CUST003729,Thomas,Anderson,Male,London,UK,London,UK,London,UK,2024-08-19 08:46:14,Transfer,241.04,CHF,Best Buy,Food & Dining,Payment for shopping,FALSE,4694648716,YXNZHHXW,7312412096,KOWDFOKI,5872.5,5558.09,1,
TXN00002007,CUST002068,David,Martin,Male,London,UK,London,UK,London,UK,2025-04-19 18:42:00,Purchase,53.38,JPY,Whole Foods,Entertainment,Payment for travel,FALSE,8783208132,WXEAWJGY,5088032689,STOGLMKS,14444.89,13916.56,1,
TXN00003078,CUST001398,Richard,Jackson,Female,Dubai,UAE,Dubai,UAE,Dubai,UAE,2024-02-03 05:01:02,Transfer,244.32,AUD,Best Buy,Health & Fitness,Payment for groceries,FALSE,7589282356,EMYUSQQM,8296265216,ZYGZIWBL,12636.38,13030.47,1,
TXN00001715,CUST004508,Sophia,Hernandez,Male,Sydney,Australia,Sydney,Australia,Sydney,Australia,2025-04-27 16:19:24,Transfer,459.04,CNY,Shell Gas,Health & Fitness,Payment for health & fitness,FALSE,1867633183,IRMLFASG,5897427731,PSNQQYDY,7121.43,7863.46,1,
TXN00000705,CUST003241,David,Lee,Male,Mumbai,India,Mumbai,India,Mumbai,India,2024-05-18 11:20:29,Purchase,85.16,INR,Starbucks,Entertainment,Payment for electronics,FALSE,3190241424,DRNGJBGB,1504151485,SZSQKICS,6314.57,6973.87,1,
TXN00003948,CUST009303,James,Taylor,Male,Mumbai,India,Mumbai,India,Mumbai,India,2024-12-03 10:57:41,Purchase,89.04,GBP,Best Buy,Home & Garden,Payment for home & garden,FALSE,7047250640,EDOPUWEH,5137101545,AXNCZSIW,14475.95,14820.14,1,
TXN00002542,CUST005080,Michael,Hernandez,Male,Rome,Italy,Rome,Italy,Rome,Italy,2025-09-27 14:01:36,Purchase,468.63,GBP,Apple Store,Groceries,Payment for food & dining,FALSE,1417441084,KFFAXIEE,7405900172,QUGODQRU,14792.41,14557.89,1,
TXN00000515,CUST000108,Olivia,Brown,Female,Singapore,Singapore,Singapore,Singapore,Singapore,Singapore,2025-04-15 02:05:18,Purchase,26.03,INR,Uber,Home & Garden,Payment for shopping,FALSE,8569130595,UDBPPYSR,3115576496,HIVTVAGE,5432.13,5633.83,1,
TXN00004488,CUST004189,Thomas,Moore,Male,São Paulo,Brazil,São Paulo,Brazil,São Paulo,Brazil,2024-05-24 13:04:30,Purchase,277.87,INR,Airbnb,Travel,Payment for bills & utilities,FALSE,9765039601,ZNIKBQFI,6134319854,ZOZECMHN,12074.25,12084.75,1,
TXN00001787,CUST003042,Ava,Jones,Female,Tokyo,Japan,Tokyo,Japan,Tokyo,Japan,2024-05-23 22:03:49,Purchase,121.88,AUD,Netflix,Shopping,Payment for groceries,TRUE,7725039842,QBEMTZPG,5971823451,YNVVKGIC,8800.73,8899.96,1,
TXN00001867,CUST002527,Harper,Jones,Male,Madrid,Spain,Madrid,Spain,Madrid,Spain,2024-12-16 07:44:31,Transfer,274.42,USD,Target,Gas & Fuel,Payment for gas & fuel,FALSE,7437306543,NDUIYDKK,3045695321,LRKADTBL,12509.86,11910.39,1,
TXN00002494,CUST003572,Robert,Jones,Female,Paris,France,Paris,France,Paris,France,2025-09-16 12:30:04,Purchase,67.98,INR,Starbucks,Electronics,Payment for shopping,FALSE,8684416232,AZXAIQLE,8700019676,YHCAHPSD,8778.96,9536.73,1,
TXN00000145,CUST008165,Ava,Davis,Male,Tokyo,Japan,Tokyo,Japan,Tokyo,Japan,2024-05-09 21:41:59,Transfer,376.24,USD,Marriott Hotels,Bills & Utilities,Payment for gas & fuel,FALSE,3565091395,BEEWNKIV,1039170460,MKHKRQEU,12368.6,11475.77,1,
TXN00001724,CUST004293,Isabella,Hernandez,Male,Toronto,Canada,Toronto,Canada,Toronto,Canada,2025-07-08 05:06:58,Transfer,222.91,AUD,Airbnb,Shopping,Payment for home & garden,FALSE,6032243940,IQYGYIJH,3393344150,CJCZHAQJ,14460.64,14101.97,1,
TXN00002444,CUST005159,Michael,Jones,Female,London,UK,London,UK,London,UK,2025-02-13 19:42:39,Purchase,102.78,CAD,Amazon,Bills & Utilities,Payment for home & garden,FALSE,7612226477,JLFNJQBX,1641775274,JBYNITQU,11227.51,10827.13,1,
TXN00003702,CUST001849,Isabella,Johnson,Female,Rome,Italy,Rome,Italy,Rome,Italy,2024-01-03 15:15:28,Transfer,94.39,CNY,Best Buy,Home & Garden,Payment for food & dining,FALSE,9811577329,MSEFGDML,8263096760,VCCRZRQU,7517.08,6519.08,1,
TXN00004275,CUST003105,Thomas,Hernandez,Male,Sydney,Australia,Sydney,Australia,Sydney,Australia,2025-09-11 01:15:25,Transfer,68.94,AUD,Uber,Groceries,Payment for food & dining,FALSE,2177404281,GLVQALIN,6904426601,URUWFEMO,14198.92,14270.74,1,
TXN00000740,CUST006676,Evelyn,Hernandez,Female,Madrid,Spain,Madrid,Spain,Madrid,Spain,2025-08-15 05:45:26,Purchase,382.42,GBP,Shell Gas,Travel,Payment for gas & fuel,FALSE,8612082404,FMYBMRHD,8150707704,GEYDZSUJ,13371.08,12513.48,1,
TXN00004463,CUST004914,Joseph,Williams,Male,Mumbai,India,Mumbai,India,Mumbai,India,2024-08-30 02:54:47,Transfer,138.26,CNY,Target,Home & Garden,Payment for home & garden,FALSE,6432150770,GLPYCLDX,9311242173,ASLSOEMB,11917.17,12755.93,1,
TXN00000413,CUST001564,Olivia,Hernandez,Female,Shanghai,China,Shanghai,China,Shanghai,China,2025-07-06 06:38:11,Transfer,450.02,CHF,Apple Store,Health & Fitness,Payment for electronics,FALSE,1254821175,NPWIXRNZ,6826661171,LYCPLDQJ,12845.75,13701.52,1,
TXN00000205,CUST002060,Sophia,Martin,Male,Dubai,UAE,Dubai,UAE,Dubai,UAE,2024-01-11 18:52:27,Purchase,97.6,CNY,Apple Store,Shopping,Payment for gas & fuel,FALSE,5809637573,OTDCXRHA,5207572930,VZIZOROE,12945.43,13365.76,1,
TXN00003861,CUST000238,William,Martinez,Female,Madrid,Spain,Madrid,Spain,Madrid,Spain,2025-09-09 08:51:35,Purchase,372.73,USD,Uber,Travel,Payment for bills & utilities,FALSE,6015051655,PEHXBFUV,5665629207,THYTPDHU,12360.02,12621.62,1,
TXN00004938,CUST003114,Isabella,Martin,Female,São Paulo,Brazil,Paris,France,Berlin,Germany,2024-05-03 10:02:49,Transfer,1626.38,CHF,Amazon,Shopping,Payment for bills & utilities,TRUE,8846147932,DIDYCDJX,4338723481,KOHYBEIR,14541.95,14255.77,0,Card not present fraud
TXN00004998,CUST003080,Ava,Davis,Female,Mexico City,Mexico,Mexico City,Mexico,Berlin,Germany,2024-01-12 02:11:29,Purchase,1984.08,JPY,Best Buy,Shopping,Payment for travel,FALSE,1952382777,JPCNEYMS,2690670370,ZHFPHMUU,11744.1,12490.66,0,Account takeover suspected
TXN00000194,CUST003526,Joseph,Brown,Male,New York,USA,New York,USA,New York,USA,2025-08-31 05:55:59,Transfer,373.73,INR,Best Buy,Bills & Utilities,Payment for bills & utilities,FALSE,8343899728,JCQNYBNF,9784021655,OGFGQHTF,12912.74,12406.46,1,
TXN00000229,CUST004639,Amelia,Rodriguez,Male,Sydney,Australia,Sydney,Australia,Sydney,Australia,2025-10-12 04:57:16,Transfer,179.58,CNY,Best Buy,Gas & Fuel,Payment for groceries,TRUE,2132988581,EAXZXJQX,3727335608,BEXKIBTE,7920.81,8780.01,1,
TXN00000790,CUST004535,Ava,Davis,Male,Shanghai,China,Shanghai,China,Shanghai,China,2025-04-15 02:48:41,Purchase,400.63,INR,Shell Gas,Shopping,Payment for home & garden,FALSE,3542550807,DZHAKAFE,3654844400,PFLHYOHG,9315.01,9464.77,1,
TXN00002190,CUST009363,Evelyn,Moore,Male,Berlin,Germany,Berlin,Germany,Berlin,Germany,2024-06-21 05:17:47,Transfer,248.02,USD,Uber,Entertainment,Payment for entertainment,FALSE,5677648229,FDBRJGGK,9964240424,ORUOAFOK,6351.07,5641.21,1,
TXN00003807,CUST005376,Ava,Jackson,Male,São Paulo,Brazil,São Paulo,Brazil,São Paulo,Brazil,2024-03-27 20:01:50,Purchase,241.59,INR,Home Depot,Health & Fitness,Payment for bills & utilities,TRUE,8278571754,DJDONZVO,7196469259,UWRPHYQB,9674.7,10305.84,1,
TXN00000651,CUST006494,Charlotte,Martinez,Male,Tokyo,Japan,Tokyo,Japan,Tokyo,Japan,2024-02-20 05:18:01,Purchase,184.28,CNY,Apple Store,Electronics,Payment for groceries,FALSE,7626331662,FJTFOYRR,9500736828,HKVFEHPK,7158.53,6388.95,1,
TXN00000563,CUST002600,Joseph,Davis,Male,Mumbai,India,Mumbai,India,Mumbai,India,2024-07-13 00:08:57,Purchase,328.38,CAD,Best Buy,Entertainment,Payment for home & garden,FALSE,1787079572,UXMDJOMJ,4522670070,CNJCHMVC,10222.74,10360.78,1,
TXN00003282,CUST003315,Sophia,Jones,Female,Rome,Italy,Rome,Italy,Rome,Italy,2024-05-07 01:17:36,Purchase,389.07,INR,Uber,Electronics,Payment for gas & fuel,FALSE,5583836375,IANCAEWF,6504883652,FQWBXBVK,7339.25,8125.44,1,
TXN00003435,CUST007692,Thomas,Brown,Female,Madrid,Spain,Madrid,Spain,Madrid,Spain,2024-04-11 01:11:17,Purchase,186.5,JPY,Uber,Gas & Fuel,Payment for entertainment,FALSE,6899790810,TBMFWSHJ,1429964689,AIRNSYCX,15714.5,14875.54,1,
TXN00004247,CUST007632,Daniel,Hernandez,Female,Sydney,Australia,Sydney,Australia,Sydney,Australia,2024-10-19 05:35:02,Purchase,123.63,CNY,Amazon,Travel,Payment for shopping,TRUE,5156529790,WGIXTFAP,3098172648,RJAUDEGG,10459.69,9891.63,1,
TXN00002499,CUST003659,Robert,Lee,Female,London,UK,London,UK,London,UK,2024-05-12 19:34:24,Purchase,30.88,INR,McDonalds,Bills & Utilities,Payment for entertainment,FALSE,8945322463,ZVZWXTLO,6686286725,JEXVELKQ,13614.24,12736.78,1,
TXN00001929,CUST008504,Evelyn,Lee,Male,Singapore,Singapore,Singapore,Singapore,Singapore,Singapore,2024-09-25 16:34:59,Purchase,226.47,CNY,Walmart,Electronics,Payment for gas & fuel,FALSE,8380468000,YGQZLUDK,8532176783,YSXNUVLB,7446.31,7402.14,1,
TXN00001481,CUST006604,Sophia,Lopez,Female,Tokyo,Japan,Tokyo,Japan,Tokyo,Japan,2024-11-18 18:44:27,Purchase,326.9,AUD,Home Depot,Shopping,Payment for shopping,FALSE,4339915583,VMXMSWLG,7454340656,AZANFFQW,13588.02,13175.88,1,
TXN00003192,CUST004869,Ava,Anderson,Male,Sydney,Australia,Sydney,Australia,Sydney,Australia,2025-09-26 14:12:50,Purchase,335.8,CHF,Walmart,Electronics,Payment for food & dining,FALSE,9441093301,BCYSEAPZ,2903196088,FVPISAIH,9839.8,10625.15,1,
TXN00003513,CUST000408,Charlotte,Martin,Male,São Paulo,Brazil,São Paulo,Brazil,São Paulo,Brazil,2024-11-22 00:26:13,Purchase,196.19,EUR,Starbucks,Food & Dining,Payment for bills & utilities,FALSE,3088852182,GJGUFYHS,9552198777,UOPWYRTF,11815.97,12527.42,1,
TXN00004666,CUST008551,William,Johnson,Male,Tokyo,Japan,Tokyo,Japan,Tokyo,Japan,2025-02-27 18:27:26,Purchase,71.98,INR,McDonalds,Home & Garden,Payment for gas & fuel,FALSE,1010301927,NVROHJNJ,3565309417,AWXQWRMZ,11286.83,11369.88,1,
TXN00003802,CUST009979,Isabella,Williams,Male,Sydney,Australia,Sydney,Australia,Sydney,Australia,2024-06-02 11:17:22,Purchase,98.02,INR,Amazon,Travel,Payment for health & fitness,TRUE,7757576649,AYLDITFC,6178439796,DQDDTZWJ,7963.28,8535.89,1,
TXN00003628,CUST009884,Daniel,Miller,Male,Paris,France,Paris,France,Paris,France,2025-05-01 07:49:05,Transfer,411.18,CAD,Apple Store,Travel,Payment for home & garden,FALSE,9641668487,LTANKJEC,6715916822,KEITWVJT,6670.56,6897.28,1,
TXN00001391,CUST003395,Olivia,Wilson,Male,Singapore,Singapore,Singapore,Singapore,Singapore,Singapore,2025-06-10 17:34:48,Transfer,462.97,EUR,Amazon,Health & Fitness,Payment for bills & utilities,FALSE,2200827641,KNOLEKOL,6689712431,WTCRHHZH,13401.77,13457.04,1,
TXN00002926,CUST001615,William,Rodriguez,Female,Mexico City,Mexico,Mexico City,Mexico,Mexico City,Mexico,2025-04-11 21:24:19,Purchase,53.34,INR,Walmart,Bills & Utilities,Payment for gas & fuel,FALSE,1408028037,HNCNGYBW,9994642225,YGLJPJGX,4338.18,5034.48,1,
TXN00001226,CUST008502,John,Thomas,Male,Berlin,Germany,Berlin,Germany,Berlin,Germany,2025-08-30 22:11:37,Transfer,149.64,EUR,Marriott Hotels,Groceries,Payment for entertainment,FALSE,2609726154,JXTMJKSQ,2456251984,HIHWGFRX,9500.49,10000.37,1,
TXN00001683,CUST000468,Ava,Lopez,Female,Paris,France,Paris,France,Paris,France,2024-12-13 17:47:12,Purchase,493,CHF,Best Buy,Shopping,Payment for health & fitness,FALSE,8950108962,LYDLZTOW,8170532288,YATSFJML,14831.86,14639.92,1,
TXN00002851,CUST003614,David,Martin,Male,Singapore,Singapore,Singapore,Singapore,Singapore,Singapore,2025-04-18 17:15:50,Purchase,375.21,EUR,Shell Gas,Shopping,Payment for electronics,FALSE,3735810080,PEMHYNAQ,3372496072,BPWAEVHT,12808.68,12186.87,1,
TXN00004421,CUST007490,Mia,Hernandez,Male,Sydney,Australia,Sydney,Australia,Sydney,Australia,2024-05-26 21:36:30,Transfer,430.55,CNY,Marriott Hotels,Travel,Payment for health & fitness,FALSE,8230550849,AWRQGKCE,4881111779,DAOJJHKK,5497.45,5206.51,1,
TXN00001782,CUST007798,Charlotte,Lee,Male,Shanghai,China,Shanghai,China,Shanghai,China,2025-06-26 21:33:16,Purchase,205.7,JPY,Uber,Electronics,Payment for entertainment,FALSE,7842702848,QDAXQYCN,6895522496,HZPSQTKQ,6919.98,6607.49,1,
TXN00002752,CUST003864,Thomas,Miller,Male,Singapore,Singapore,Singapore,Singapore,Singapore,Singapore,2024-11-17 00:29:33,Purchase,465.12,JPY,Walmart,Gas & Fuel,Payment for travel,FALSE,5421332415,TOWMHAXC,3001238811,XBYKXJDM,5890.59,5761.72,1,
TXN00003932,CUST008141,John,Taylor,Male,Sydney,Australia,Sydney,Australia,Sydney,Australia,2024-10-20 20:36:55,Purchase,368.21,GBP,Uber,Home & Garden,Payment for shopping,FALSE,7487076725,HSKYVGVO,5087433515,DSNVSPZK,14524.94,13801.92,1,
TXN00000933,CUST009143,Isabella,Hernandez,Female,Mexico City,Mexico,Mexico City,Mexico,Mexico City,Mexico,2024-01-04 22:38:19,Purchase,120.11,JPY,McDonalds,Electronics,Payment for food & dining,FALSE,5569593980,ACJNXCUY,7925212497,TLHQMMBQ,8688.95,9638.65,1,
TXN00004258,CUST005338,Emma,Anderson,Female,Mumbai,India,Mumbai,India,Mumbai,India,2024-11-30 20:57:33,Purchase,351.44,EUR,McDonalds,Electronics,Payment for gas & fuel,FALSE,1213798207,UOVIBSOX,1596523716,HQSGDCSG,7314.66,7487.47,1,
TXN00002138,CUST005437,Amelia,Lee,Male,Dubai,UAE,Dubai,UAE,Dubai,UAE,2024-05-31 05:17:11,Purchase,345.95,CNY,Airbnb,Groceries,Payment for gas & fuel,FALSE,8887483256,RGGMBSSM,6856962166,JKIBKHOQ,13933.89,13408.55,1,
TXN00003186,CUST004049,Joseph,Lee,Male,Rome,Italy,Rome,Italy,Rome,Italy,2025-02-10 12:15:27,Transfer,314.76,CNY,Target,Electronics,Payment for shopping,FALSE,9643449373,FEHYVHUP,9706680760,VMZNDMRR,7337.7,7168.34,1,
TXN00004867,CUST009581,Daniel,Lopez,Male,Madrid,Spain,Berlin,Germany,Mumbai,India,2024-11-07 18:40:36,Purchase,839.18,CNY,Best Buy,Groceries,Payment for shopping,TRUE,5386681557,MBUBPFOO,5125823761,DIWQZKRY,8830.19,8297.85,0,Unusual location pattern
TXN00004011,CUST006525,Joseph,Rodriguez,Male,Tokyo,Japan,Tokyo,Japan,Tokyo,Japan,2025-09-09 20:52:55,Transfer,377.3,AUD,Best Buy,Entertainment,Payment for health & fitness,FALSE,1506841909,DFDWJQKL,1259211961,XTBORYAG,7130.86,6607.37,1,
TXN00002221,CUST001325,Richard,Smith,Male,Berlin,Germany,Berlin,Germany,Berlin,Germany,2025-08-12 15:44:16,Purchase,373.34,JPY,Walmart,Bills & Utilities,Payment for health & fitness,TRUE,8379981111,NARASMHP,6699789057,XAENUIUQ,13488.8,14019.7,1,
TXN00002852,CUST004432,Amelia,Wilson,Male,Dubai,UAE,Dubai,UAE,Dubai,UAE,2025-02-13 18:18:58,Purchase,475.91,INR,Airbnb,Home & Garden,Payment for food & dining,FALSE,4111954400,CIGJFUAC,2200148189,MICPTVMG,10204.17,10299.8,1,
TXN00001708,CUST006219,Ava,Smith,Female,São Paulo,Brazil,São Paulo,Brazil,São Paulo,Brazil,2025-04-17 08:13:29,Purchase,31.47,AUD,Home Depot,Gas & Fuel,Payment for gas & fuel,FALSE,2640175119,ZNAFPCPX,7156751015,WMXJJZQB,7852.28,7410.93,1,
TXN00001704,CUST002058,Sophia,Davis,Male,Toronto,Canada,Toronto,Canada,Toronto,Canada,2024-11-12 01:35:34,Purchase,461.35,USD,Airbnb,Shopping,Payment for bills & utilities,FALSE,1861334435,ZBXQHJOJ,5160173268,AWOKNUQD,7838.56,8244.81,1,
TXN00000436,CUST006584,Harper,Smith,Female,Tokyo,Japan,Tokyo,Japan,Tokyo,Japan,2024-09-22 20:51:52,Purchase,378.8,CNY,Starbucks,Gas & Fuel,Payment for home & garden,FALSE,8472974023,YKICMCPV,2188784449,SJIXEHAQ,9254.06,9032.07,1,
TXN00001021,CUST007493,James,Anderson,Male,Shanghai,China,Shanghai,China,Shanghai,China,2025-07-18 09:48:09,Purchase,443.19,CHF,Shell Gas,Entertainment,Payment for bills & utilities,TRUE,6478679778,QSGVVCJU,2882351343,HSDZVBJG,7126.63,7716.11,1,
TXN00001388,CUST009652,Daniel,Lee,Male,London,UK,London,UK,London,UK,2024-02-20 11:27:01,Transfer,359.55,EUR,Delta Airlines,Health & Fitness,Payment for groceries,FALSE,7089631129,GTEBYXXI,4833572797,CIUMAAGS,10001,9727.91,1,
TXN00000699,CUST002716,Richard,Miller,Male,Paris,France,Paris,France,Paris,France,2024-08-27 23:58:54,Purchase,33.9,GBP,Best Buy,Travel,Payment for travel,FALSE,6146035929,QNQSJNOX,5892741906,WAZQCURK,11981.02,12441.58,1,
TXN00000549,CUST001507,Ava,Hernandez,Female,Mexico City,Mexico,Mexico City,Mexico,Mexico City,Mexico,2024-04-11 09:22:28,Purchase,406.9,EUR,Netflix,Home & Garden,Payment for food & dining,FALSE,4395808148,DHGMBLDW,1092413637,MXLZAYAE,6586.47,6195.7,1,
TXN00003550,CUST003384,David,Lopez,Female,Toronto,Canada,Toronto,Canada,Toronto,Canada,2025-03-28 10:24:30,Purchase,275.05,INR,McDonalds,Gas & Fuel,Payment for home & garden,FALSE,9310619741,BUVBAJSZ,7202446335,DHHZYNSJ,13706.59,14352.82,1,
TXN00001270,CUST009018,Evelyn,Wilson,Female,Rome,Italy,Rome,Italy,Rome,Italy,2024-04-16 16:45:22,Purchase,114.9,GBP,Shell Gas,Health & Fitness,Payment for home & garden,FALSE,4285902866,IXEOOGYD,8422126206,VOLULCVT,12484.37,12421.35,1,
TXN00003592,CUST005793,Isabella,Lee,Female,New York,USA,New York,USA,New York,USA,2025-06-22 17:19:54,Purchase,374.38,CAD,Whole Foods,Health & Fitness,Payment for entertainment,FALSE,1905056679,GZUVWMIF,8167769803,VMNWRAMR,12036.84,13002.43,1,
TXN00004252,CUST007108,Emma,Smith,Male,São Paulo,Brazil,São Paulo,Brazil,São Paulo,Brazil,2025-05-26 14:31:49,Purchase,164.87,AUD,Delta Airlines,Groceries,Payment for travel,FALSE,2843763053,HGEFMJYM,3368234803,VIEOZKLU,10923.14,11183.78,1,
TXN00003691,CUST007639,Charlotte,Jones,Female,Madrid,Spain,Madrid,Spain,Madrid,Spain,2024-11-21 20:07:18,Purchase,434.23,INR,McDonalds,Shopping,Payment for groceries,FALSE,8982162396,MGLEGTFB,2689884046,NSNSFLNA,10987.47,10167.97,1,
TXN00003279,CUST008222,Isabella,Thomas,Female,Shanghai,China,Shanghai,China,Shanghai,China,2024-07-12 10:37:41,Transfer,37.26,GBP,Airbnb,Food & Dining,Payment for electronics,TRUE,8094399991,QNQNEIJY,3079442279,ZRLRAYEL,13728.01,12929.27,1,
TXN00004539,CUST005686,Isabella,Davis,Male,Mumbai,India,Mumbai,India,Mumbai,India,2024-05-29 08:45:53,Purchase,54.66,USD,McDonalds,Health & Fitness,Payment for bills & utilities,FALSE,3697457119,PPJQSCLX,6678033877,YJCWSFVF,5558.19,6223.07,1,
TXN00000908,CUST006445,Ava,Hernandez,Female,Mumbai,India,Mumbai,India,Mumbai,India,2024-03-18 18:07:43,Purchase,177.05,USD,Whole Foods,Shopping,Payment for food & dining,FALSE,7998473800,LVYDXUDK,9207688956,JTYQEOUE,12155.08,11382.41,1,
TXN00000204,CUST003892,Isabella,Davis,Female,Paris,France,Paris,France,Paris,France,2024-08-23 21:44:31,Purchase,89.45,CAD,Uber,Health & Fitness,Payment for health & fitness,FALSE,4569041385,ZVJYWOFX,9004077789,MYXORIOP,6912.05,7099.98,1,
TXN00004736,CUST001505,Charlotte,Smith,Female,London,UK,London,UK,London,UK,2025-02-22 20:12:32,Purchase,73.95,CNY,Apple Store,Food & Dining,Payment for home & garden,FALSE,2706543708,AETIJJXM,4742421827,JRZNPWOL,8830.3,9489.53,1,
TXN00001937,CUST009729,Michael,Davis,Female,Paris,France,Paris,France,Paris,France,2025-04-14 20:14:05,Purchase,404.45,GBP,Apple Store,Electronics,Payment for gas & fuel,FALSE,3062353681,LRVBDQVE,5660609046,KQQVHWLH,12455.78,11631.5,1,
TXN00004235,CUST005662,Harper,Lopez,Female,Tokyo,Japan,Tokyo,Japan,Tokyo,Japan,2025-06-22 12:40:32,Purchase,284.18,INR,McDonalds,Gas & Fuel,Payment for food & dining,FALSE,5428494972,VWVOHMWL,5523550015,ZDLMKNPL,10884.29,11130.91,1,
TXN00000843,CUST007218,Amelia,Williams,Male,New York,USA,New York,USA,New York,USA,2024-09-08 12:45:19,Purchase,333.14,CNY,Apple Store,Electronics,Payment for entertainment,FALSE,9832543357,XWFCVGWS,8403757050,NPHFXYZG,13695.77,14276.18,1,
TXN00002985,CUST009301,Olivia,Davis,Female,New York,USA,New York,USA,New York,USA,2025-08-14 23:00:06,Purchase,409.55,CHF,Target,Electronics,Payment for bills & utilities,FALSE,1572368726,KULBIDLW,1659341416,RICZGWSY,5815.02,5400.14,1,
TXN00004934,CUST008216,Evelyn,Johnson,Male,Mumbai,India,Mumbai,India,Tokyo,Japan,2025-08-06 19:13:56,Transfer,2965.69,INR,Starbucks,Electronics,Payment for travel,FALSE,8558909796,KATZQXPJ,6695293614,RMYTYFSB,12026.02,12333.16,0,High amount compared to usual
TXN00000552,CUST000720,James,Johnson,Male,New York,USA,New York,USA,New York,USA,2024-05-01 01:26:26,Purchase,349.67,GBP,Netflix,Shopping,Payment for shopping,FALSE,5513296961,CPJJYPNJ,3141958329,TQKPCJOZ,8897.15,8382.81,1,
TXN00001134,CUST005710,James,Wilson,Female,Berlin,Germany,Berlin,Germany,Berlin,Germany,2025-02-15 13:11:31,Transfer,75.43,USD,Walmart,Home & Garden,Payment for health & fitness,FALSE,4911716970,AYEQUBLI,3801014165,SMZWMWPA,8397.41,8794.65,1,
TXN00002552,CUST002823,Amelia,Jackson,Female,Sydney,Australia,Sydney,Australia,Sydney,Australia,2024-01-14 21:20:42,Purchase,199.91,EUR,Delta Airlines,Shopping,Payment for food & dining,FALSE,1355162067,XMKWZVWL,8849005575,EUFZVPTL,12569.28,12822.46,1,
TXN00004980,CUST001343,Joseph,Davis,Female,Mexico City,Mexico,Madrid,Spain,Singapore,Singapore,2025-09-10 05:03:01,Purchase,3118.76,CAD,Home Depot,Health & Fitness,Payment for shopping,FALSE,9734184164,EWURZKNJ,9599955137,REJLUSZT,7243.06,6567.79,0,Account takeover suspected
TXN00002000,CUST006140,Charlotte,Johnson,Male,Rome,Italy,Rome,Italy,Rome,Italy,2025-02-22 16:02:04,Transfer,438.32,GBP,Airbnb,Home & Garden,Payment for electronics,FALSE,1217675342,RTCYWAIX,2913678375,LTOJRMAK,8915.47,9850.17,1,
TXN00000968,CUST005188,Evelyn,Rodriguez,Male,Mumbai,India,Mumbai,India,Mumbai,India,2024-09-18 10:50:32,Transfer,272.24,JPY,Shell Gas,Electronics,Payment for bills & utilities,TRUE,9883665957,CDAQBIAD,5896490219,BKWSDFXE,7721.46,6912.29,1,
TXN00003746,CUST008790,Evelyn,Brown,Male,Madrid,Spain,Madrid,Spain,Madrid,Spain,2025-07-01 12:52:36,Transfer,347.77,INR,Airbnb,Home & Garden,Payment for home & garden,FALSE,3858791326,LXIKAWPU,9058269658,JFRTCPOY,7601.92,7235.71,1,
TXN00003358,CUST003852,Sophia,Lopez,Female,Berlin,Germany,Berlin,Germany,Berlin,Germany,2025-05-03 19:58:05,Transfer,289.64,EUR,Walmart,Groceries,Payment for groceries,FALSE,3048642975,GWSZSCHD,6090958215,EPJCVOTR,13762.09,13501.91,1,
TXN00001453,CUST001254,David,Jones,Male,Shanghai,China,Shanghai,China,Shanghai,China,2025-02-13 04:15:30,Purchase,490.5,CHF,Uber,Travel,Payment for entertainment,FALSE,8256368841,OLMSONRD,7343572624,RVOUVMVK,11228.37,10308.48,1,
TXN00000998,CUST005723,Ava,Moore,Male,Sydney,Australia,Sydney,Australia,Sydney,Australia,2025-02-12 19:24:18,Transfer,262.73,CNY,Amazon,Bills & Utilities,Payment for travel,FALSE,3341134318,GVGRPDXZ,5639488379,OTLGADFR,11267.25,10979.3,1,
TXN00001542,CUST002374,Olivia,Thomas,Male,Tokyo,Japan,Tokyo,Japan,Tokyo,Japan,2025-03-31 11:49:05,Purchase,266.63,USD,Home Depot,Groceries,Payment for food & dining,FALSE,9854923723,IXHBBDFX,4521361422,UFTUMUHU,12693.68,12771.27,1,
TXN00001531,CUST008347,David,Smith,Male,Rome,Italy,Rome,Italy,Rome,Italy,2025-08-14 05:53:39,Purchase,431.1,CNY,Shell Gas,Gas & Fuel,Payment for food & dining,TRUE,5288618157,BBRQWKUK,7388818098,GFUXBRIF,12048.46,11218.37,1,
TXN00004604,CUST004041,Olivia,Jackson,Male,Paris,France,Paris,France,Paris,France,2025-03-13 09:02:53,Purchase,467.35,CNY,Uber,Gas & Fuel,Payment for home & garden,FALSE,7968194068,TBNGSSYJ,4517882148,ONHBWZSG,11289.32,10881.78,1,
TXN00001876,CUST003444,Emma,Lopez,Female,Madrid,Spain,Madrid,Spain,Madrid,Spain,2024-03-21 21:10:45,Purchase,221.4,AUD,Airbnb,Travel,Payment for entertainment,FALSE,6009266815,QRQOLMKB,6928079737,USSFVLVM,10313.18,11017.35,1,
TXN00002174,CUST003793,Daniel,Thomas,Female,Dubai,UAE,Dubai,UAE,Dubai,UAE,2025-04-16 13:49:04,Purchase,61.13,INR,Shell Gas,Shopping,Payment for shopping,FALSE,4507023801,LQAAENCJ,8760574418,SNPZNMCW,7694.97,8099.89,1,
TXN00003918,CUST004824,Harper,Jackson,Female,Rome,Italy,Rome,Italy,Rome,Italy,2024-06-15 02:12:59,Purchase,159.89,CHF,Netflix,Gas & Fuel,Payment for food & dining,FALSE,2935538850,UKDKBZPD,3648736068,TMVNIEJU,8150.08,8708.96,1,
TXN00002244,CUST003811,Michael,Martin,Male,Shanghai,China,Shanghai,China,Shanghai,China,2024-08-27 09:08:05,Purchase,55.13,AUD,Whole Foods,Travel,Payment for travel,FALSE,6320136565,ATVXVSUI,5243146166,XNQPLHXC,14862.31,14422.65,1,
TXN00001661,CUST006429,Mia,Miller,Female,New York,USA,New York,USA,New York,USA,2024-05-26 23:39:04,Transfer,136.97,CHF,Best Buy,Health & Fitness,Payment for bills & utilities,FALSE,1587680558,JXJETEND,7077382468,OOJOQVTV,8395.51,9081.26,1,
TXN00002812,CUST006957,Isabella,Thomas,Male,Berlin,Germany,Berlin,Germany,Berlin,Germany,2024-07-05 17:12:12,Purchase,197.63,EUR,Netflix,Electronics,Payment for shopping,TRUE,8075197595,VEYAMZIX,5785746666,GSTCFHXL,10289.79,10066.86,1,
TXN00003476,CUST007202,Thomas,Johnson,Female,New York,USA,New York,USA,New York,USA,2025-08-14 16:59:30,Purchase,232.94,CHF,Airbnb,Bills & Utilities,Payment for travel,FALSE,1368338879,XSDCESOP,6477809572,YOQLFYSQ,11083.68,11895.75,1,
TXN00001361,CUST001582,Ava,Brown,Male,Madrid,Spain,Madrid,Spain,Madrid,Spain,2025-07-18 06:08:57,Purchase,316.38,CAD,Apple Store,Home & Garden,Payment for groceries,TRUE,4248646219,JDNSMYPU,5037496166,ZWBUQRGO,13216.02,13207.44,1,
TXN00000564,CUST007815,Harper,Garcia,Female,Paris,France,Paris,France,Paris,France,2024-10-12 00:01:05,Purchase,47.48,JPY,Starbucks,Home & Garden,Payment for food & dining,FALSE,2635167109,NQPIUHWQ,3737412133,MHSMICKS,9627.57,10514.88,1,
TXN00003819,CUST005013,David,Hernandez,Female,Rome,Italy,Rome,Italy,Rome,Italy,2024-10-23 06:05:24,Purchase,122.37,USD,Marriott Hotels,Shopping,Payment for groceries,FALSE,9860662622,QTNOWXOF,8951649219,RIYREIMD,12650.57,11992.35,1,
TXN00002118,CUST008277,Isabella,Brown,Female,Tokyo,Japan,Tokyo,Japan,Tokyo,Japan,2024-07-17 14:48:19,Transfer,504.03,JPY,Best Buy,Bills & Utilities,Payment for entertainment,FALSE,8493757300,BTSPCQTE,6614259834,DFGSJVQT,13653.98,14409.42,1,
TXN00001495,CUST001964,Daniel,Jones,Male,São Paulo,Brazil,São Paulo,Brazil,São Paulo,Brazil,2024-07-15 05:46:58,Purchase,126.38,JPY,Best Buy,Gas & Fuel,Payment for travel,TRUE,9666864953,ODMNINRZ,7508994844,NEDNPRIO,6293.69,7190.11,1,
TXN00003123,CUST008028,Daniel,Martinez,Male,Tokyo,Japan,Tokyo,Japan,Tokyo,Japan,2025-09-19 08:46:43,Purchase,182.98,JPY,Uber,Entertainment,Payment for travel,FALSE,8271386205,WPXKTBNQ,1037188405,BPJXJJYM,11556.92,10959.28,1,
TXN00000117,CUST006470,David,Wilson,Female,Rome,Italy,Rome,Italy,Rome,Italy,2024-03-24 22:21:18,Purchase,208.07,USD,Delta Airlines,Gas & Fuel,Payment for groceries,FALSE,7571705743,GOACXUPN,5438155155,QYASYIGI,7789.24,7592.09,1,
TXN00001370,CUST004158,Olivia,Martinez,Female,Berlin,Germany,Berlin,Germany,Berlin,Germany,2024-01-02 09:00:31,Purchase,226.56,CAD,Home Depot,Gas & Fuel,Payment for bills & utilities,TRUE,1475996779,FMBHQYOH,4960872453,ONGFKYXE,10023.02,10019.9,1,
TXN00004316,CUST009993,Harper,Miller,Female,Shanghai,China,Shanghai,China,Shanghai,China,2024-12-03 07:09:43,Purchase,455.9,EUR,Delta Airlines,Electronics,Payment for bills & utilities,TRUE,7624046260,GQVWUDFQ,2476887285,KTZUNOBC,7055.35,7183.38,1,
TXN00001501,CUST008551,Thomas,Jones,Male,Mumbai,India,Mumbai,India,Mumbai,India,2024-02-26 03:04:31,Purchase,292.59,CNY,Starbucks,Travel,Payment for gas & fuel,FALSE,9887472884,QUVSGUAI,4639904851,AIKLXIER,9691.64,10420.57,1,
TXN00004729,CUST009154,Robert,Anderson,Female,Shanghai,China,Shanghai,China,Shanghai,China,2024-06-19 17:07:48,Transfer,187.05,CHF,Home Depot,Health & Fitness,Payment for food & dining,FALSE,1041546769,ELDFQUHW,2134106305,ISPGQYGV,7271.71,6410.93,1,
TXN00001748,CUST005024,Ava,Anderson,Male,London,UK,London,UK,London,UK,2024-10-11 03:19:09,Purchase,314.42,GBP,Best Buy,Gas & Fuel,Payment for bills & utilities,FALSE,8392440223,BDVEMLWZ,9419539698,QONDOQGJ,5770.7,5790.71,1,
TXN00002031,CUST002901,Daniel,Anderson,Male,Paris,France,Paris,France,Paris,France,2025-10-09 15:05:24,Transfer,84.31,USD,Uber,Health & Fitness,Payment for electronics,FALSE,4019320609,DLKFCJII,5868999598,JBPLBVLN,13827.56,14603.64,1,
TXN00000343,CUST003828,William,Williams,Female,New York,USA,New York,USA,New York,USA,2025-09-03 05:28:09,Purchase,78.71,GBP,Delta Airlines,Bills & Utilities,Payment for health & fitness,FALSE,8684968951,DNWBAMCX,7120626430,SKOEQDCY,6430.28,6296.32,1,
TXN00000903,CUST002870,Sophia,Davis,Female,Berlin,Germany,Berlin,Germany,Berlin,Germany,2025-01-28 23:14:53,Purchase,476.85,USD,Delta Airlines,Bills & Utilities,Payment for electronics,FALSE,6373486371,JZFYRIGM,3192960144,YNXCCREC,7449.66,7947.94,1,
TXN00004710,CUST007455,Richard,Miller,Male,Singapore,Singapore,Singapore,Singapore,Singapore,Singapore,2024-02-07 04:04:36,Purchase,390.2,CNY,Starbucks,Home & Garden,Payment for health & fitness,FALSE,4998106989,AHETWXIT,9614063804,NWLBDQSC,9526.06,9560.89,1,
TXN00003410,CUST005301,Joseph,Thomas,Male,Tokyo,Japan,Tokyo,Japan,Tokyo,Japan,2024-02-21 21:00:59,Purchase,143.41,CAD,Best Buy,Home & Garden,Payment for food & dining,FALSE,1014054047,KTXPESOJ,6417019854,FFPZGJDK,6090.79,6873.71,1,
TXN00000499,CUST000539,John,Martinez,Female,Toronto,Canada,Toronto,Canada,Toronto,Canada,2025-09-01 22:43:12,Transfer,393.36,CAD,Whole Foods,Health & Fitness,Payment for travel,TRUE,3189989826,GLUVUPRX,9554684366,GFXVIAOJ,15281.12,14486.92,1,
TXN00002652,CUST000342,Sophia,Martinez,Male,Madrid,Spain,Madrid,Spain,Madrid,Spain,2025-04-16 18:03:57,Purchase,340.54,INR,Whole Foods,Bills & Utilities,Payment for travel,FALSE,4518394248,QDCCQENM,4497237502,SHHJLSOA,7152.38,7013.89,1,
TXN00000442,CUST004183,Charlotte,Thomas,Male,Sydney,Australia,Sydney,Australia,Sydney,Australia,2025-05-31 09:09:25,Purchase,249.65,JPY,Marriott Hotels,Bills & Utilities,Payment for travel,TRUE,6190441344,PXQPQLML,3858754444,YIFZVSPC,8907.13,8461.85,1,
TXN00003109,CUST006336,Isabella,Jackson,Female,Dubai,UAE,Dubai,UAE,Dubai,UAE,2025-07-17 06:36:59,Purchase,152.72,USD,Best Buy,Gas & Fuel,Payment for electronics,FALSE,8600763655,FZJEWESD,2449140345,QXDPAMVU,5581.42,5149.49,1,
TXN00003490,CUST002771,Richard,Lee,Female,Sydney,Australia,Sydney,Australia,Sydney,Australia,2024-12-01 03:48:07,Purchase,10.28,AUD,Netflix,Travel,Payment for electronics,FALSE,1232595764,BTSGMFMV,5685745295,EIZLVZAA,13883.17,14589.44,1,
TXN00000280,CUST009291,Harper,Lee,Male,Dubai,UAE,Dubai,UAE,Dubai,UAE,2025-06-29 02:03:27,Transfer,286.49,JPY,Target,Shopping,Payment for travel,FALSE,3340794692,IMUAPJEJ,2139860970,KBPUWVPU,10515.54,11129.19,1,
TXN00003697,CUST001321,Harper,Jones,Male,Mumbai,India,Mumbai,India,Mumbai,India,2025-10-11 10:19:04,Purchase,373.48,EUR,Delta Airlines,Travel,Payment for home & garden,TRUE,4812047177,JCDAELYT,6873618165,SCBGRGXT,9847.69,8892.37,1,
TXN00003586,CUST002646,Evelyn,Smith,Male,London,UK,London,UK,London,UK,2024-02-27 10:47:04,Purchase,247.3,CNY,Airbnb,Electronics,Payment for gas & fuel,FALSE,2493766031,SCRBKTLW,8090800126,TPKRHNAZ,13600.15,14426.83,1,
TXN00000537,CUST002635,Ava,Thomas,Female,Sydney,Australia,Sydney,Australia,Sydney,Australia,2024-11-21 18:12:36,Purchase,500.73,USD,Walmart,Bills & Utilities,Payment for home & garden,FALSE,5723579057,QEPJVFSN,8242708879,ZGGZOXMS,11119.83,11202.24,1,
TXN00001026,CUST005672,Thomas,Johnson,Female,Toronto,Canada,Toronto,Canada,Toronto,Canada,2025-03-01 14:52:10,Purchase,378.77,USD,Amazon,Bills & Utilities,Payment for health & fitness,FALSE,5312972900,ZRYZQVBD,3524073769,LEGJTTQH,5079.79,5624.12,1,
TXN00000845,CUST007543,Robert,Martinez,Female,Madrid,Spain,Madrid,Spain,Madrid,Spain,2025-09-05 13:04:23,Purchase,311.74,EUR,Starbucks,Gas & Fuel,Payment for entertainment,FALSE,7959089388,FFXUPZWW,1069148452,XSKNJVHV,9007.58,8979.53,1,
TXN00002879,CUST001137,Evelyn,Jackson,Male,Mumbai,India,Mumbai,India,Mumbai,India,2025-06-16 12:47:20,Transfer,282.66,GBP,Marriott Hotels,Electronics,Payment for travel,FALSE,6013000351,VXFIBXPB,7661341386,ORGLOURK,10683.34,10873.23,1,
TXN00001365,CUST002647,Emma,Taylor,Female,Shanghai,China,Shanghai,China,Shanghai,China,2025-09-28 18:53:52,Purchase,225.3,CHF,Best Buy,Food & Dining,Payment for groceries,FALSE,7412961235,BAPSUIXM,3577021191,IZKCOYLP,7955.37,7839.72,1,
TXN00001341,CUST000479,Robert,Lopez,Male,São Paulo,Brazil,São Paulo,Brazil,São Paulo,Brazil,2024-06-19 07:10:52,Transfer,274.54,JPY,Walmart,Gas & Fuel,Payment for home & garden,FALSE,6169496247,KNSIJAXD,4710139509,NTTWTBFJ,6840.15,6541.02,1,
TXN00004469,CUST006736,William,Miller,Male,Berlin,Germany,Berlin,Germany,Berlin,Germany,2024-06-12 12:53:33,Purchase,156.15,JPY,Best Buy,Bills & Utilities,Payment for health & fitness,FALSE,8834870234,OZCZCBIE,7443666826,YNWVBKJS,7132.43,6792.18,1,
TXN00000895,CUST006612,Sophia,Martinez,Male,Paris,France,Paris,France,Paris,France,2024-02-08 19:30:19,Purchase,114.91,AUD,Uber,Entertainment,Payment for food & dining,FALSE,8241400656,EFPSJNWD,6462521829,UBEYQIPW,11738.14,11816.29,1,
TXN00001981,CUST003868,David,Garcia,Female,São Paulo,Brazil,São Paulo,Brazil,São Paulo,Brazil,2025-07-01 18:16:37,Purchase,95.39,USD,Target,Gas & Fuel,Payment for travel,FALSE,9995661174,TALXDCUK,9264431297,ZDXULIYM,9452.39,9003.11,1,
TXN00000402,CUST006184,Emma,Jackson,Female,Singapore,Singapore,Singapore,Singapore,Singapore,Singapore,2025-03-19 05:49:26,Transfer,406.82,CNY,Starbucks,Shopping,Payment for groceries,FALSE,4112046481,QKMHJKFQ,1514396808,GHTSEITY,10741.69,10307.61,1,
TXN00004253,CUST009796,Emma,Smith,Female,Mumbai,India,Mumbai,India,Mumbai,India,2024-07-03 15:37:15,Purchase,70.04,AUD,Netflix,Gas & Fuel,Payment for gas & fuel,FALSE,5513802021,MWGYJCNQ,1666362844,TJJBMJZE,11060.78,11753.26,1,
TXN00001166,CUST002369,William,Hernandez,Female,Dubai,UAE,Dubai,UAE,Dubai,UAE,2025-05-15 23:02:26,Transfer,242.48,JPY,Marriott Hotels,Food & Dining,Payment for bills & utilities,FALSE,3085611632,RWDEIWVP,7801497877,EBAPVNDA,11865.99,11552.44,1,
TXN00004659,CUST000188,Sophia,Moore,Male,Mumbai,India,Mumbai,India,Mumbai,India,2024-05-25 11:12:56,Purchase,265.31,AUD,Walmart,Entertainment,Payment for gas & fuel,FALSE,3153545765,JFZILKAG,4622643154,BGUYYGXH,8053.69,7964.61,1,
TXN00003108,CUST008346,Emma,Brown,Female,Singapore,Singapore,Singapore,Singapore,Singapore,Singapore,2025-06-20 19:27:35,Purchase,488.62,EUR,Netflix,Gas & Fuel,Payment for electronics,FALSE,3558668700,UKTCLWJS,3493681551,IFJGMIDV,13852.68,14722.48,1,
TXN00000382,CUST009075,Joseph,Martinez,Female,New York,USA,New York,USA,New York,USA,2025-01-17 02:52:44,Purchase,267.26,GBP,Delta Airlines,Travel,Payment for groceries,FALSE,2081095599,XXPEYRSX,4160813868,ZTYKTTXA,8085.81,7649.27,1,
TXN00002215,CUST004763,Joseph,Lee,Male,Berlin,Germany,Berlin,Germany,Berlin,Germany,2024-08-30 01:00:57,Purchase,426,CAD,Netflix,Gas & Fuel,Payment for electronics,TRUE,3543068863,QAHFTFFQ,1068310038,XJLMYBAP,5875.3,6222.08,1,
TXN00002559,CUST000389,Richard,Taylor,Male,New York,USA,New York,USA,New York,USA,2024-04-17 05:34:18,Transfer,421.68,JPY,Walmart,Home & Garden,Payment for groceries,FALSE,3190048315,ZJVZONRM,2757533529,NVGTLISY,11465.75,12225.73,1,
TXN00003176,CUST007313,James,Lee,Male,Tokyo,Japan,Tokyo,Japan,Tokyo,Japan,2025-01-13 22:10:54,Transfer,163.35,CHF,Amazon,Health & Fitness,Payment for health & fitness,FALSE,4800756673,IJMGFGZA,3178906211,AJWDKSCR,8390.53,8342.86,1,
TXN00004536,CUST009533,Harper,Jones,Male,New York,USA,New York,USA,New York,USA,2024-09-24 05:36:35,Purchase,148.4,EUR,Shell Gas,Entertainment,Payment for shopping,FALSE,7046730084,FMQKLZNA,6149553881,MFSOFRRD,10947,10610.8,1,
TXN00003707,CUST000907,Charlotte,Martinez,Male,Mumbai,India,Mumbai,India,Mumbai,India,2024-08-09 08:44:01,Transfer,67.42,INR,Netflix,Gas & Fuel,Payment for entertainment,FALSE,2167618240,BVIUIJHZ,4197108268,IIWIFGSA,5431.73,5261.5,1,
TXN00003018,CUST004525,Ava,Garcia,Female,Rome,Italy,Rome,Italy,Rome,Italy,2025-09-30 21:43:59,Transfer,355.56,USD,Whole Foods,Groceries,Payment for groceries,FALSE,9189274409,SZUOEJQD,4108887164,YVWUJJLB,13963.62,13510.21,1,
TXN00000891,CUST000515,David,Thomas,Female,New York,USA,New York,USA,New York,USA,2024-11-27 14:44:24,Transfer,289.16,CNY,Starbucks,Health & Fitness,Payment for entertainment,FALSE,9232991745,STALJJXI,1787609931,WAKVJHLM,12364.64,12876.57,1,
TXN00003007,CUST006820,Michael,Taylor,Female,Dubai,UAE,Dubai,UAE,Dubai,UAE,2024-11-02 20:26:09,Purchase,444.77,AUD,Starbucks,Gas & Fuel,Payment for shopping,TRUE,4364143185,YMVILZTV,3855094792,IPLBCDDN,13653.17,14471.29,1,
TXN00001289,CUST003135,Isabella,Brown,Male,Shanghai,China,Shanghai,China,Shanghai,China,2024-04-14 01:27:35,Purchase,284.1,JPY,Home Depot,Electronics,Payment for groceries,FALSE,4449420656,GZUGKVMK,4378355377,EYUXLOVJ,12081.51,12161.06,1,
TXN00001477,CUST007325,Robert,Thomas,Male,Toronto,Canada,Toronto,Canada,Toronto,Canada,2024-06-04 02:04:51,Purchase,407.13,INR,Amazon,Bills & Utilities,Payment for home & garden,FALSE,9765822222,GRBKCUQL,1368015022,QYAYJWIG,12704.61,13559.59,1,
TXN00001008,CUST005336,Robert,Lopez,Female,London,UK,London,UK,London,UK,2024-03-29 22:11:06,Purchase,405.06,CNY,Walmart,Groceries,Payment for gas & fuel,FALSE,4607097161,VBBQFQLH,7398577532,LGZVOIVR,5716.74,5555.24,1,
TXN00004003,CUST001510,Sophia,Johnson,Female,Dubai,UAE,Dubai,UAE,Dubai,UAE,2025-02-26 23:21:07,Purchase,167.98,CHF,Netflix,Home & Garden,Payment for bills & utilities,TRUE,4679448065,DRYEKCRQ,7176198425,LLFTZNNA,11008.57,10458.97,1,
TXN00000912,CUST000293,John,Hernandez,Male,Berlin,Germany,Berlin,Germany,Berlin,Germany,2024-10-09 00:40:58,Purchase,61.48,USD,Shell Gas,Shopping,Payment for entertainment,FALSE,9211573244,CCFXMXQT,5972967408,WELUJMQI,14330.44,14931.05,1,
TXN00001097,CUST006268,Robert,Martin,Male,Madrid,Spain,Madrid,Spain,Madrid,Spain,2025-03-04 19:37:34,Purchase,117.06,JPY,Best Buy,Travel,Payment for travel,FALSE,6238957902,TNCGJPVG,9898841474,FISIYXYK,7470.85,7909.99,1,
TXN00002194,CUST008594,Robert,Smith,Female,Rome,Italy,Rome,Italy,Rome,Italy,2024-11-28 04:45:29,Transfer,226,AUD,Airbnb,Electronics,Payment for health & fitness,FALSE,7239402630,QQVQYNOX,2213870551,TQDMRUAD,10167.81,10790.25,1,
TXN00001400,CUST009129,Daniel,Jones,Male,Mexico City,Mexico,Mexico City,Mexico,Mexico City,Mexico,2025-07-13 14:17:49,Purchase,299.09,AUD,Amazon,Shopping,Payment for food & dining,TRUE,9107754859,XEUBMQZI,4616773047,TQUQOJFF,12034.04,12097.53,1,
TXN00004191,CUST006995,James,Wilson,Male,Rome,Italy,Rome,Italy,Rome,Italy,2024-12-23 21:31:01,Purchase,286.68,INR,Walmart,Shopping,Payment for bills & utilities,FALSE,8298760691,ZCXXSRGZ,6899308866,NHZSRAWM,12066.98,11084.55,1,
TXN00000771,CUST006430,Amelia,Davis,Male,São Paulo,Brazil,São Paulo,Brazil,São Paulo,Brazil,2025-01-14 06:30:00,Purchase,340.32,USD,Walmart,Electronics,Payment for travel,FALSE,9717859304,XKYYXEMT,6764459954,ULGRNBBN,11950.91,11243.69,1,
TXN00004160,CUST003239,Michael,Jackson,Female,Mexico City,Mexico,Mexico City,Mexico,Mexico City,Mexico,2025-05-22 23:40:59,Purchase,416.39,CAD,Delta Airlines,Entertainment,Payment for food & dining,FALSE,3457915479,HZCLBJWN,4541685581,IVGKFHKR,8735.69,9691.72,1,
TXN00002620,CUST004846,Amelia,Rodriguez,Male,Dubai,UAE,Dubai,UAE,Dubai,UAE,2025-09-03 23:24:30,Purchase,66.37,JPY,Target,Gas & Fuel,Payment for travel,FALSE,4694535293,APXTULIK,1146324346,JTKUWCOK,10911.62,10784.34,1,
TXN00004044,CUST004870,James,Wilson,Male,Sydney,Australia,Sydney,Australia,Sydney,Australia,2025-07-22 12:45:47,Transfer,389.3,GBP,Starbucks,Groceries,Payment for groceries,FALSE,8754222786,ELOPAIGA,1241026805,EIQTGTTO,6757.16,7651.43,1,
TXN00003342,CUST007388,Robert,Rodriguez,Female,New York,USA,New York,USA,New York,USA,2025-03-31 12:06:37,Transfer,238.69,EUR,Apple Store,Food & Dining,Payment for electronics,FALSE,6857118547,JEHGRBMF,9843155902,OPRMVYGL,11687.28,12082.33,1,
TXN00003964,CUST001024,Isabella,Jones,Female,Rome,Italy,Rome,Italy,Rome,Italy,2024-12-15 17:28:21,Purchase,161.93,JPY,Whole Foods,Bills & Utilities,Payment for electronics,FALSE,9385246965,EPIGKCRP,2057185356,EIGWYQWD,8819.56,8628.26,1,
TXN00000583,CUST005286,John,Lopez,Male,Paris,France,Paris,France,Paris,France,2024-01-24 21:53:48,Purchase,447,GBP,Target,Shopping,Payment for home & garden,FALSE,5787209651,MGJACHFC,9519866198,KAOGOCPR,10152.93,9383.82,1,
TXN00002837,CUST006753,Thomas,Hernandez,Male,Sydney,Australia,Sydney,Australia,Sydney,Australia,2024-04-29 21:02:32,Transfer,400.21,USD,Starbucks,Food & Dining,Payment for entertainment,TRUE,3629170095,VXWURRLB,8699081126,WWIHSSVY,9196.19,9996.05,1,
TXN00003839,CUST003451,Harper,Jones,Male,Shanghai,China,Shanghai,China,Shanghai,China,2025-06-04 06:53:34,Purchase,37.7,JPY,Home Depot,Electronics,Payment for groceries,FALSE,2395022888,TZXWEXMT,3143646118,OEZSNIXB,9133.4,10052.15,1,
TXN00003651,CUST003782,Amelia,Taylor,Male,Madrid,Spain,Madrid,Spain,Madrid,Spain,2024-06-05 01:48:42,Purchase,423.51,GBP,Starbucks,Travel,Payment for health & fitness,FALSE,5082389138,LIKIDAXP,2125310435,MPNDBQEM,6693.05,7436.36,1,
TXN00001133,CUST001224,Joseph,Smith,Female,Paris,France,Paris,France,Paris,France,2024-07-03 02:05:19,Purchase,76.33,EUR,McDonalds,Shopping,Payment for electronics,FALSE,7839958929,IYDKJSLS,7610044970,IEHKGGTK,6245.86,7181.66,1,
TXN00000463,CUST007849,Ava,Jackson,Male,Rome,Italy,Rome,Italy,Rome,Italy,2025-06-23 08:32:20,Purchase,257.3,CAD,Walmart,Home & Garden,Payment for gas & fuel,FALSE,1598841956,IDUBZFOG,8777671694,DCANPWBZ,13179.11,12569.13,1,
TXN00001801,CUST001994,Mia,Miller,Male,New York,USA,New York,USA,New York,USA,2024-10-01 17:56:40,Purchase,130.45,GBP,Uber,Gas & Fuel,Payment for entertainment,FALSE,4915184726,QVIUQKEW,1332079994,XAHRCOEQ,14150.83,14039.16,1,
TXN00004971,CUST002772,Amelia,Wilson,Female,Singapore,Singapore,Rome,Italy,Singapore,Singapore,2025-09-24 02:35:21,Transfer,3818.06,CAD,Best Buy,Entertainment,Payment for shopping,FALSE,6045274249,NDSKPKPY,2890506003,JDDRYDKE,6656.44,6452.56,0,Login from different country than transaction
TXN00000112,CUST006355,Charlotte,Wilson,Female,New York,USA,New York,USA,New York,USA,2024-01-22 23:17:41,Purchase,418.32,CNY,Whole Foods,Bills & Utilities,Payment for gas & fuel,FALSE,3191391447,DXPWOZKT,5919812240,VNQOROGO,8904.26,9092.8,1,
TXN00001389,CUST003253,Emma,Garcia,Female,Paris,France,Paris,France,Paris,France,2025-02-03 00:22:16,Purchase,104.2,AUD,Best Buy,Home & Garden,Payment for electronics,FALSE,2226092247,OFDSQLPV,6198821472,HSTSYLIS,14320.62,14166.46,1,
TXN00003876,CUST005998,Sophia,Martinez,Male,London,UK,London,UK,London,UK,2025-08-20 06:23:00,Purchase,448.28,GBP,Starbucks,Electronics,Payment for travel,FALSE,9714007792,DECCACVD,8375998765,AYUSIRVU,11921.85,12708.85,1,
TXN00000918,CUST009997,Richard,Wilson,Male,Shanghai,China,Shanghai,China,Shanghai,China,2024-08-21 09:04:33,Purchase,427.29,INR,Shell Gas,Gas & Fuel,Payment for entertainment,FALSE,5267546735,POWZEMID,2940940077,QNVBOPNO,11963.02,12382.14,1,
TXN00001774,CUST007055,Charlotte,Martin,Female,Dubai,UAE,Dubai,UAE,Dubai,UAE,2025-02-19 01:36:38,Transfer,173.86,EUR,Netflix,Gas & Fuel,Payment for entertainment,FALSE,9487218359,UFLMBZWO,8313789072,XVUMKJGD,4991.36,5917.21,1,
TXN00001778,CUST005980,Richard,Brown,Female,Sydney,Australia,Sydney,Australia,Sydney,Australia,2024-02-02 11:25:53,Transfer,46.64,CHF,Marriott Hotels,Food & Dining,Payment for health & fitness,FALSE,2928865351,ZQSOAVKI,9990368460,WFNSBCMH,11691.81,11059.82,1,
TXN00004995,CUST000669,Olivia,Taylor,Female,São Paulo,Brazil,São Paulo,Brazil,Berlin,Germany,2024-03-09 23:52:46,Purchase,1215.38,CNY,Starbucks,Health & Fitness,Payment for travel,FALSE,7669742505,ONOGIZIU,7637425690,KTGFHURB,11737.99,11354.02,0,Card not present fraud
TXN00001313,CUST008948,Olivia,Jackson,Female,New York,USA,New York,USA,New York,USA,2024-01-21 13:06:51,Purchase,112.96,EUR,Whole Foods,Entertainment,Payment for groceries,FALSE,4764100755,QYIDPSMG,4445484516,SOUSGTBZ,15846.1,14973.21,1,
TXN00001968,CUST004663,Richard,Davis,Male,Berlin,Germany,Berlin,Germany,Berlin,Germany,2025-02-24 07:37:56,Purchase,178.98,GBP,Apple Store,Electronics,Payment for gas & fuel,FALSE,1699913551,OVHXLCBH,4611944349,NIYXCTXL,6990.26,6726.56,1,
TXN00001231,CUST006998,Harper,Martinez,Female,Mexico City,Mexico,Mexico City,Mexico,Mexico City,Mexico,2024-08-26 23:30:51,Transfer,206.42,JPY,Starbucks,Bills & Utilities,Payment for gas & fuel,FALSE,9668306190,NATEEPKZ,2737870474,CVMMZVUI,9540.57,9074.26,1,
TXN00001457,CUST004600,Sophia,Lopez,Female,Shanghai,China,Shanghai,China,Shanghai,China,2025-09-19 01:47:25,Purchase,52.58,AUD,Target,Home & Garden,Payment for groceries,FALSE,9696927027,UPTNUEUO,4032944415,XPPHIZZR,14081.13,14500.13,1,
TXN00002910,CUST008368,John,Smith,Female,Rome,Italy,Rome,Italy,Rome,Italy,2025-04-08 01:29:23,Transfer,412.77,JPY,Marriott Hotels,Travel,Payment for travel,FALSE,8163426225,SDAWNHMU,1113187817,XLZNJXAX,6164.47,6297,1,
TXN00002934,CUST006387,Olivia,Miller,Male,Mexico City,Mexico,Mexico City,Mexico,Mexico City,Mexico,2025-08-05 04:57:12,Purchase,174.69,EUR,McDonalds,Health & Fitness,Payment for electronics,FALSE,8506619171,MVHBOPTV,1464495716,IHFDDCPQ,11248.28,10925.46,1,
TXN00003506,CUST004187,Robert,Jackson,Male,Paris,France,Paris,France,Paris,France,2024-02-03 19:40:34,Purchase,50.29,USD,Best Buy,Groceries,Payment for travel,FALSE,6070904188,NNCHGDXB,9803131322,BSOYHNNC,10278.39,9564.53,1,
TXN00000034,CUST008679,Richard,Anderson,Male,Madrid,Spain,Madrid,Spain,Madrid,Spain,2025-05-25 22:30:12,Purchase,74.02,CNY,Whole Foods,Bills & Utilities,Payment for electronics,FALSE,4898808963,QVXZXHWZ,1182508333,CKBEMJNZ,11266.22,11870.92,1,
TXN00004243,CUST009755,Michael,Johnson,Female,Toronto,Canada,Toronto,Canada,Toronto,Canada,2025-07-26 12:05:25,Purchase,437.89,USD,Whole Foods,Food & Dining,Payment for gas & fuel,FALSE,3142614587,PSMLDLUJ,8479450626,TZAKSOVE,7086.14,7053.37,1,
TXN00002451,CUST009592,John,Hernandez,Female,New York,USA,New York,USA,New York,USA,2024-11-18 17:35:17,Purchase,31.06,INR,Starbucks,Health & Fitness,Payment for food & dining,TRUE,1460944749,NMHWKUSW,7259812177,EXWCBDQG,11549.5,11168.04,1,
TXN00001624,CUST008609,Mia,Moore,Male,Paris,France,Paris,France,Paris,France,2025-09-22 20:01:42,Purchase,187.45,CNY,Airbnb,Shopping,Payment for entertainment,FALSE,9836468322,LGPXPCKK,7268948717,BVSUAMIR,9352.43,9127.99,1,
TXN00002942,CUST003195,Evelyn,Hernandez,Male,Toronto,Canada,Toronto,Canada,Toronto,Canada,2025-08-04 14:58:53,Purchase,425.21,AUD,Netflix,Travel,Payment for groceries,FALSE,3949165711,VRRNAVNP,5233854510,UMXMUOWS,4848.02,5767.36,1,
TXN00002064,CUST003739,Amelia,Miller,Female,Tokyo,Japan,Tokyo,Japan,Tokyo,Japan,2024-07-31 12:20:03,Transfer,38.75,AUD,Target,Entertainment,Payment for electronics,FALSE,7078889522,HOIKIKWQ,1470798800,DJCRPXDZ,12963.64,13761.1,1,
TXN00000431,CUST003356,James,Brown,Female,Rome,Italy,Rome,Italy,Rome,Italy,2025-03-06 20:56:15,Purchase,20.18,JPY,Best Buy,Travel,Payment for health & fitness,FALSE,8386362458,RMMJMNVE,3179945800,JENUFKDQ,13473.95,12604.23,1,
TXN00000533,CUST004847,Mia,Williams,Male,Madrid,Spain,Madrid,Spain,Madrid,Spain,2024-08-30 02:49:17,Transfer,461.78,USD,Whole Foods,Home & Garden,Payment for electronics,FALSE,2803826063,BEQPKBDO,7573084799,AHMZHQXU,5746.91,6139.67,1,
TXN00004901,CUST001561,Sophia,Williams,Male,Singapore,Singapore,Singapore,Singapore,Madrid,Spain,2025-10-09 23:46:53,Purchase,4764.25,USD,Delta Airlines,Gas & Fuel,Payment for health & fitness,FALSE,4786286417,ATVOZGHW,1563393398,BXBAONTO,13695.43,13352.66,0,Card not present fraud
TXN00004912,CUST006464,Sophia,Anderson,Female,London,UK,London,UK,Madrid,Spain,2024-04-09 02:43:28,Transfer,1910.98,CNY,Netflix,Gas & Fuel,Payment for shopping,FALSE,8901723604,HUUXWESL,8442072248,LSTPQYRN,13158.32,12481.97,0,Known fraudulent merchant
TXN00003834,CUST005998,Michael,Martinez,Male,Mumbai,India,Mumbai,India,Mumbai,India,2024-11-08 09:20:19,Purchase,235.52,CHF,Best Buy,Entertainment,Payment for groceries,FALSE,5602584218,IDTGURTL,7871013175,MLHLHYTX,9767.61,9094.33,1,
TXN00004605,CUST003955,Michael,Williams,Female,Toronto,Canada,Toronto,Canada,Toronto,Canada,2025-09-18 10:20:05,Purchase,499.33,USD,Target,Home & Garden,Payment for shopping,FALSE,8015512430,LVVNEBYJ,7761294593,FFAOELOV,5163.79,5309.76,1,
TXN00004392,CUST000473,Ava,Martinez,Male,London,UK,London,UK,London,UK,2024-07-08 07:52:02,Purchase,470.25,INR,Delta Airlines,Travel,Payment for shopping,FALSE,1877783621,ILFSLDJF,9835127417,ISZBWRIM,11185.89,10684.2,1,
TXN00001470,CUST005085,David,Lopez,Female,Paris,France,Paris,France,Paris,France,2024-12-28 23:54:29,Purchase,228.99,INR,Whole Foods,Home & Garden,Payment for groceries,FALSE,6489021739,UDNIZRWP,4546660442,MUCEQMZG,6860.67,7582.52,1,
TXN00001335,CUST004124,Richard,Jackson,Female,Singapore,Singapore,Singapore,Singapore,Singapore,Singapore,2024-11-19 05:17:48,Purchase,474.96,CNY,Best Buy,Health & Fitness,Payment for health & fitness,FALSE,4157975198,SUNXSQRN,8519124504,YBFRSWVU,10930.34,11692.79,1,
TXN00001510,CUST000632,Mia,Johnson,Male,Sydney,Australia,Sydney,Australia,Sydney,Australia,2025-09-16 06:17:00,Purchase,134.34,AUD,Whole Foods,Groceries,Payment for groceries,FALSE,4045480203,KSXQMGLM,7772691238,ONHZXYKH,13992.57,13427.16,1,
TXN00000329,CUST000623,Isabella,Lee,Male,São Paulo,Brazil,São Paulo,Brazil,São Paulo,Brazil,2024-01-16 13:41:35,Transfer,422.36,INR,Target,Electronics,Payment for travel,TRUE,2002104713,HWBBSEQK,8609333771,QZZSNFKH,8467.8,9202.86,1,
TXN00002850,CUST004976,Richard,Lopez,Male,London,UK,London,UK,London,UK,2025-08-18 14:25:50,Purchase,212.28,CHF,Netflix,Shopping,Payment for gas & fuel,FALSE,4535774218,KBYPOKBV,9304128992,FLVUSNHP,6167.78,5263.47,1,
TXN00003163,CUST002040,Thomas,Brown,Male,São Paulo,Brazil,São Paulo,Brazil,São Paulo,Brazil,2025-02-04 21:19:36,Transfer,470.37,GBP,Walmart,Health & Fitness,Payment for gas & fuel,FALSE,9294926807,TVVDYNKQ,7016694141,TSSBVXWI,7211.84,7219.35,1,
TXN00000977,CUST001474,Mia,Martinez,Male,São Paulo,Brazil,São Paulo,Brazil,São Paulo,Brazil,2025-09-25 00:48:36,Purchase,397.42,AUD,Starbucks,Entertainment,Payment for gas & fuel,FALSE,3084363097,YICDPBHI,9131732401,OAWJJCKM,11666,10863.96,1,
TXN00004433,CUST001110,William,Smith,Male,Sydney,Australia,Sydney,Australia,Sydney,Australia,2024-06-16 03:53:35,Purchase,314.18,AUD,Starbucks,Travel,Payment for gas & fuel,FALSE,6741838627,VWIDTFTR,7930592953,TSOCBOLP,12170.54,12401.47,1,
TXN00004898,CUST007098,Robert,Jones,Male,Toronto,Canada,Toronto,Canada,Singapore,Singapore,2024-06-03 20:04:20,Purchase,4650.76,CAD,McDonalds,Food & Dining,Payment for travel,FALSE,6699207215,RQGYGIOY,6218072324,CMUHFYCC,6408.58,5714.44,0,Account takeover suspected
TXN00001830,CUST003468,Mia,Jackson,Female,Tokyo,Japan,Tokyo,Japan,Tokyo,Japan,2025-07-07 08:10:59,Transfer,492.74,CAD,Airbnb,Food & Dining,Payment for gas & fuel,FALSE,7423664606,IKRZRKZT,4399057654,WAZCWNPT,6408.52,6480.48,1,
TXN00004580,CUST006252,David,Williams,Male,Mexico City,Mexico,Mexico City,Mexico,Mexico City,Mexico,2025-04-10 00:55:54,Transfer,46.97,CHF,Home Depot,Bills & Utilities,Payment for bills & utilities,FALSE,5799616285,TMMQQFKY,5992395679,STLTMNXC,10805.01,11697.03,1,
TXN00000848,CUST004828,Richard,Thomas,Male,London,UK,London,UK,London,UK,2024-08-11 19:45:02,Purchase,367.62,CAD,Shell Gas,Food & Dining,Payment for travel,FALSE,6008891789,BVBYFZKP,1918394690,HUDGADKL,12082.4,11978.53,1,
TXN00001078,CUST003974,David,Thomas,Female,Singapore,Singapore,Singapore,Singapore,Singapore,Singapore,2024-10-21 03:15:55,Purchase,290.79,GBP,Marriott Hotels,Travel,Payment for shopping,FALSE,6393517118,KGXNPMYT,7713885201,PHECTZTA,14214.44,14846.12,1,
TXN00004067,CUST007203,Sophia,Thomas,Female,Berlin,Germany,Berlin,Germany,Berlin,Germany,2024-01-26 22:37:53,Transfer,355.49,JPY,Airbnb,Shopping,Payment for gas & fuel,FALSE,7402556265,RPOQRUZG,2423181149,OYZQTTVW,5823.91,6496.99,1,
TXN00002441,CUST006417,Richard,Johnson,Female,Singapore,Singapore,Singapore,Singapore,Singapore,Singapore,2024-11-08 16:49:23,Purchase,455.16,USD,Target,Electronics,Payment for food & dining,FALSE,8958265992,FNCGGBFZ,9999033534,OQGPBADV,11158.08,11060.22,1,
TXN00003813,CUST009815,Ava,Lopez,Male,Singapore,Singapore,Singapore,Singapore,Singapore,Singapore,2025-08-20 02:25:30,Purchase,66.06,CNY,Best Buy,Travel,Payment for travel,FALSE,3845739003,MVISUOXL,8085415953,DFEKCSFS,6564.9,7201.08,1,
TXN00004273,CUST003148,Robert,Jones,Male,Rome,Italy,Rome,Italy,Rome,Italy,2025-08-09 04:13:05,Transfer,176.31,CHF,Netflix,Health & Fitness,Payment for gas & fuel,FALSE,8447002928,DDOULDQM,7277368291,GFVSMCET,10639.68,10767.38,1,
TXN00003152,CUST009009,Evelyn,Jones,Female,Madrid,Spain,Madrid,Spain,Madrid,Spain,2024-11-01 23:51:57,Transfer,85.84,EUR,Delta Airlines,Health & Fitness,Payment for food & dining,FALSE,9845082231,YJRAFTPN,2839145798,USLJULCZ,10403.1,10468.71,1,
TXN00002188,CUST001265,Evelyn,Moore,Male,London,UK,London,UK,London,UK,2025-07-19 02:14:45,Purchase,105.9,USD,Whole Foods,Bills & Utilities,Payment for gas & fuel,FALSE,1973750977,CGVGHNWD,1103053663,CGLRGOWC,11131.72,11189.67,1,
TXN00003856,CUST003923,Olivia,Anderson,Male,Mexico City,Mexico,Mexico City,Mexico,Mexico City,Mexico,2024-12-16 10:55:12,Purchase,66.98,CAD,Shell Gas,Food & Dining,Payment for groceries,FALSE,9852260088,QXRTRBWY,4771433995,ZYJYTTZM,6296.73,7267.2,1,
TXN00003355,CUST004835,Joseph,Lee,Male,Mexico City,Mexico,Mexico City,Mexico,Mexico City,Mexico,2025-08-07 05:33:49,Purchase,487.52,CAD,Best Buy,Groceries,Payment for health & fitness,FALSE,2750635176,YZCCSXCI,8310730299,YIZRWIRG,10802.42,10790.65,1,
TXN00000086,CUST004240,James,Miller,Male,Rome,Italy,Rome,Italy,Rome,Italy,2024-10-12 08:44:38,Purchase,221.12,EUR,McDonalds,Shopping,Payment for health & fitness,FALSE,6304130928,KKYFYQTC,1648729508,CERTQZWR,7112.03,7791.44,1,
TXN00004093,CUST007974,Harper,Brown,Female,São Paulo,Brazil,São Paulo,Brazil,São Paulo,Brazil,2025-04-08 12:10:49,Purchase,258.38,INR,Shell Gas,Bills & Utilities,Payment for food & dining,FALSE,8420569376,BXZOHVQO,6135425642,OCCVQHHN,11301.78,12147.29,1,
TXN00004179,CUST000153,Richard,Johnson,Female,London,UK,London,UK,London,UK,2024-11-22 00:53:55,Transfer,367.03,JPY,Home Depot,Groceries,Payment for gas & fuel,FALSE,9669532365,XKTCMNTY,8153012609,UINMKZZO,9673.12,8732.21,1,
TXN00004184,CUST009790,Sophia,Lopez,Female,Mumbai,India,Mumbai,India,Mumbai,India,2024-02-29 22:44:30,Purchase,257.13,CHF,Delta Airlines,Groceries,Payment for electronics,FALSE,3759869309,LEYDAWWQ,8621142483,LUQODPON,13305.8,13201.72,1,
TXN00002696,CUST003291,James,Martinez,Female,Madrid,Spain,Madrid,Spain,Madrid,Spain,2025-08-12 07:51:57,Purchase,277.14,CHF,Best Buy,Electronics,Payment for food & dining,FALSE,5812635717,PZFKLNVT,7073712890,RXYCMEFU,14652.96,14844.87,1,
TXN00000273,CUST004505,John,Martin,Female,Shanghai,China,Shanghai,China,Shanghai,China,2024-07-01 07:28:52,Purchase,220.14,INR,Best Buy,Bills & Utilities,Payment for shopping,FALSE,8412965248,JMISKGSV,4504148385,PTRTNYPL,10707.07,10211.15,1,
TXN00002405,CUST009310,William,Lee,Female,Shanghai,China,Shanghai,China,Shanghai,China,2024-11-02 17:20:05,Purchase,354.01,GBP,Walmart,Shopping,Payment for electronics,FALSE,7171820922,WHWKXDRN,3072275871,SIZKOHNH,5212.23,5148.74,1,
TXN00002051,CUST003708,Daniel,Martin,Male,Shanghai,China,Shanghai,China,Shanghai,China,2024-04-18 09:48:48,Purchase,14.36,JPY,Target,Shopping,Payment for health & fitness,FALSE,7827427382,RYZUIINR,8941740698,NNOZYWPC,9609.99,10091.56,1,
TXN00000155,CUST003276,David,Williams,Male,Toronto,Canada,Toronto,Canada,Toronto,Canada,2024-05-06 22:28:17,Purchase,380.16,GBP,Walmart,Entertainment,Payment for home & garden,TRUE,5311538747,PJMLUAKV,2712549154,GARSFDJZ,12996.73,13693.79,1,
TXN00003083,CUST000968,Emma,Thomas,Female,Sydney,Australia,Sydney,Australia,Sydney,Australia,2024-11-05 06:00:56,Transfer,132.19,USD,Starbucks,Health & Fitness,Payment for electronics,FALSE,3889902221,GBWMZXGN,6213275733,RZGFZNLZ,11075.04,11836.24,1,
TXN00003246,CUST001349,Daniel,Miller,Female,São Paulo,Brazil,São Paulo,Brazil,São Paulo,Brazil,2024-12-23 14:38:27,Transfer,191.44,CNY,Apple Store,Travel,Payment for food & dining,FALSE,3444169730,MYVOKZLL,1035848393,WSNSQKFI,12507.33,12241.7,1,
TXN00003288,CUST006199,Isabella,Davis,Male,Paris,France,Paris,France,Paris,France,2025-04-05 14:28:43,Purchase,158.75,CNY,Uber,Bills & Utilities,Payment for electronics,TRUE,5512254677,THLJYXKL,2474720506,XEDMRIBB,13362.19,12547.17,1,
TXN00000620,CUST000552,Joseph,Thomas,Male,Tokyo,Japan,Tokyo,Japan,Tokyo,Japan,2024-02-07 20:34:42,Transfer,192.06,CNY,Airbnb,Entertainment,Payment for health & fitness,FALSE,9025740477,QGXMTBPA,1891102282,RSJAVXIB,12197.55,11905.07,1,
TXN00002253,CUST008748,Robert,Thomas,Male,Madrid,Spain,Madrid,Spain,Madrid,Spain,2024-05-22 13:40:02,Purchase,416.32,CHF,McDonalds,Health & Fitness,Payment for electronics,FALSE,2263722194,RERXLSYP,1821219979,JEAGAAZL,12947.86,13927.22,1,
TXN00003990,CUST006858,Amelia,Martin,Male,Mexico City,Mexico,Mexico City,Mexico,Mexico City,Mexico,2024-02-10 08:24:48,Purchase,134.85,AUD,Uber,Travel,Payment for electronics,FALSE,1208052767,FHKLXKCK,2316252615,MXDAWMNM,4542.14,5079.38,1,
TXN00003511,CUST008059,John,Miller,Male,Paris,France,Paris,France,Paris,France,2025-02-25 13:04:53,Purchase,381.16,CHF,Netflix,Electronics,Payment for gas & fuel,FALSE,9137998048,OMPSLJSX,5705245687,KFGFGUMU,13357.28,13154.78,1,
TXN00004326,CUST003152,John,Martin,Male,Madrid,Spain,Madrid,Spain,Madrid,Spain,2024-01-28 23:41:23,Purchase,439.44,CNY,Delta Airlines,Gas & Fuel,Payment for bills & utilities,FALSE,7989805229,HHBRYREQ,7788786132,IPRFSHFG,12126.39,12145.91,1,
TXN00000298,CUST002944,Harper,Martin,Male,Madrid,Spain,Madrid,Spain,Madrid,Spain,2025-05-29 00:52:39,Transfer,385.07,USD,Best Buy,Travel,Payment for food & dining,FALSE,2748723257,AOHQMEFO,8210632331,DAAELDQB,10114.19,9443.89,1,
TXN00004222,CUST001449,Ava,Moore,Female,Paris,France,Paris,France,Paris,France,2024-01-03 22:37:08,Purchase,463.47,USD,Uber,Entertainment,Payment for shopping,FALSE,4687785069,RFBWRCJM,2855298053,HFVDZADM,11467.03,10653.76,1,
TXN00002352,CUST001891,Richard,Moore,Male,São Paulo,Brazil,São Paulo,Brazil,São Paulo,Brazil,2025-07-01 13:13:22,Purchase,256.34,GBP,Best Buy,Electronics,Payment for home & garden,FALSE,4318330728,NAZXXLIM,9952268259,EIOLWWIO,8437.48,8924.09,1,
TXN00001610,CUST003208,Robert,Davis,Male,Madrid,Spain,Madrid,Spain,Madrid,Spain,2024-06-28 12:11:40,Transfer,73.76,USD,Amazon,Shopping,Payment for bills & utilities,FALSE,2796150791,DKDEFSAI,7146905242,SOIKNURA,8447.45,9222.36,1,
TXN00000110,CUST003851,Evelyn,Thomas,Female,Mumbai,India,Mumbai,India,Mumbai,India,2025-09-03 02:08:02,Purchase,507.65,JPY,Shell Gas,Gas & Fuel,Payment for food & dining,FALSE,6580310373,HXSIOPRN,6450488751,DBTBEURN,6681.5,7471.42,1,
TXN00000836,CUST007055,Evelyn,Wilson,Female,New York,USA,New York,USA,New York,USA,2024-01-01 08:27:14,Purchase,188.66,USD,Starbucks,Home & Garden,Payment for food & dining,FALSE,5581443521,BNXHKSVH,7710312044,PQTTZKRZ,7278.34,7507.4,1,
TXN00003683,CUST002875,Evelyn,Taylor,Female,Shanghai,China,Shanghai,China,Shanghai,China,2024-11-18 07:10:17,Transfer,148.83,CAD,Best Buy,Groceries,Payment for entertainment,FALSE,6496540463,EJRNFPSK,1431910547,MAVETUYK,8802.41,8795.07,1,
TXN00002987,CUST001069,David,Jones,Male,Singapore,Singapore,Singapore,Singapore,Singapore,Singapore,2024-12-14 01:54:25,Purchase,70.03,GBP,McDonalds,Health & Fitness,Payment for groceries,FALSE,5801392124,OOVXJBZT,4909284577,ZJPAYZAL,13653.05,13255.84,1,
TXN00002810,CUST005841,Olivia,Martinez,Female,London,UK,London,UK,London,UK,2024-03-16 23:02:46,Transfer,454.55,AUD,Walmart,Home & Garden,Payment for food & dining,FALSE,9372006554,ZYUSYYXB,8608527078,DPEXQRSU,4631.12,5436.43,1,
TXN00002606,CUST001371,Harper,Jones,Male,Madrid,Spain,Madrid,Spain,Madrid,Spain,2024-02-04 19:36:58,Purchase,415.45,JPY,Best Buy,Gas & Fuel,Payment for health & fitness,FALSE,2233716906,UOXURGAX,4671415777,GEQPOGPU,7383.69,7487.44,1,
TXN00000723,CUST003067,Thomas,Wilson,Female,Dubai,UAE,Dubai,UAE,Dubai,UAE,2024-09-13 15:45:23,Purchase,347.41,JPY,Walmart,Home & Garden,Payment for entertainment,FALSE,9035505307,JYNGPVVN,7513720913,WGIPAXLB,11600.47,11416.27,1,
TXN00004133,CUST006612,Thomas,Garcia,Female,Berlin,Germany,Berlin,Germany,Berlin,Germany,2024-06-17 01:28:12,Purchase,292.9,CAD,Uber,Bills & Utilities,Payment for travel,FALSE,4967510664,AMRVKCFR,2328156609,NJESIXSF,5936.46,5287.22,1,
TXN00004613,CUST005337,Evelyn,Davis,Female,New York,USA,New York,USA,New York,USA,2024-03-11 14:40:54,Purchase,358.43,GBP,Home Depot,Bills & Utilities,Payment for home & garden,FALSE,1628647359,ZCXOXXKH,3265168847,XSYIQXLR,9707.48,9116.53,1,
TXN00004578,CUST003502,Evelyn,Lee,Female,Mexico City,Mexico,Mexico City,Mexico,Mexico City,Mexico,2025-04-19 16:39:23,Purchase,428.24,EUR,Amazon,Health & Fitness,Payment for bills & utilities,FALSE,6442077989,TBUEMPTL,8948595700,FXJLHWPK,12402.74,12370.78,1,
TXN00000597,CUST004379,Daniel,Garcia,Male,Madrid,Spain,Madrid,Spain,Madrid,Spain,2025-04-19 06:42:59,Purchase,507.81,GBP,Home Depot,Bills & Utilities,Payment for entertainment,TRUE,6189639853,DWJYCBZL,6563280284,FXAVOEWN,8350.75,8965.81,1,
TXN00001883,CUST004887,Robert,Miller,Male,Singapore,Singapore,Singapore,Singapore,Singapore,Singapore,2025-09-09 05:53:19,Purchase,213.15,CNY,Apple Store,Food & Dining,Payment for home & garden,FALSE,6975335661,BODLLQPC,1775275997,YLGHCZNY,8772.13,9434.22,1,
TXN00003729,CUST009353,Harper,Davis,Male,Sydney,Australia,Sydney,Australia,Sydney,Australia,2024-04-07 09:30:05,Purchase,141.26,INR,Netflix,Entertainment,Payment for entertainment,TRUE,8891615298,MJLVGNHG,8147680200,ZDKOIBAW,14791.79,14596.84,1,
TXN00004447,CUST001566,Joseph,Hernandez,Female,Tokyo,Japan,Tokyo,Japan,Tokyo,Japan,2024-01-09 04:58:33,Purchase,466.31,CHF,Delta Airlines,Health & Fitness,Payment for groceries,TRUE,2274042641,RKWXYRFE,5794793612,ODAROBLF,8495.17,8402,1,
TXN00002709,CUST001064,James,Martinez,Male,Paris,France,Paris,France,Paris,France,2025-05-20 07:18:31,Transfer,331.25,GBP,Airbnb,Gas & Fuel,Payment for gas & fuel,FALSE,5886979857,OAPZJJCW,7475218708,LUCHVNYX,13249.63,14060.9,1,
TXN00000806,CUST000459,James,Martin,Male,Rome,Italy,Rome,Italy,Rome,Italy,2025-09-22 04:53:11,Transfer,315.83,EUR,Target,Electronics,Payment for home & garden,FALSE,1065252374,CCJBRHIN,5981537330,IVYRIQTR,6482.62,6207.89,1,
TXN00001948,CUST002760,James,Martinez,Female,New York,USA,New York,USA,New York,USA,2025-05-29 17:55:32,Transfer,372.39,CAD,Airbnb,Food & Dining,Payment for bills & utilities,FALSE,4956101504,FAMEBJWP,4695577711,JPVUWXOK,11337.44,11713.25,1,
TXN00002368,CUST002143,Daniel,Smith,Male,Rome,Italy,Rome,Italy,Rome,Italy,2024-05-26 09:14:21,Purchase,175.35,AUD,Airbnb,Travel,Payment for electronics,FALSE,4791405654,MGUGXJFF,6816717489,BVNQUSES,14023.67,13145.82,1,
TXN00001488,CUST001699,Daniel,Garcia,Male,Paris,France,Paris,France,Paris,France,2025-06-02 12:25:16,Purchase,152.95,USD,Netflix,Electronics,Payment for gas & fuel,FALSE,8694930008,QWQKAEYT,8979881524,PMUQIGZJ,8940.78,9719.34,1,
TXN00003311,CUST007543,Michael,Moore,Female,São Paulo,Brazil,São Paulo,Brazil,São Paulo,Brazil,2024-05-28 05:29:15,Purchase,417.11,JPY,Uber,Travel,Payment for home & garden,FALSE,9466146813,UZCDIEFZ,3286438946,RUFTDINY,9719.12,10259.53,1,
TXN00004453,CUST007742,Olivia,Rodriguez,Male,Mexico City,Mexico,Mexico City,Mexico,Mexico City,Mexico,2024-03-19 17:30:32,Purchase,120.9,USD,Shell Gas,Entertainment,Payment for electronics,TRUE,2857178204,TXCTOGVS,8528694233,KBAIWBAZ,10316.97,9353.7,1,
TXN00001626,CUST009931,Olivia,Hernandez,Male,Dubai,UAE,Dubai,UAE,Dubai,UAE,2024-02-17 02:46:10,Transfer,21.04,CNY,Airbnb,Travel,Payment for bills & utilities,FALSE,7465730648,ZRITZLRF,4395244213,UAZWDDHV,8085,7864.99,1,
TXN00000099,CUST000928,Charlotte,Anderson,Male,Sydney,Australia,Sydney,Australia,Sydney,Australia,2025-02-26 19:12:42,Transfer,165.97,CHF,Marriott Hotels,Entertainment,Payment for food & dining,FALSE,3051197446,VLRPCXWH,9673402911,DZOZGBRF,10213.03,10874.02,1,
TXN00002629,CUST005989,James,Rodriguez,Male,Sydney,Australia,Sydney,Australia,Sydney,Australia,2025-10-05 01:09:26,Purchase,304.56,USD,Walmart,Food & Dining,Payment for health & fitness,FALSE,9490179833,BCDCRIAS,8189618839,KVPDORBR,8760.57,8685.78,1,
TXN00004039,CUST000770,Charlotte,Thomas,Female,Dubai,UAE,Dubai,UAE,Dubai,UAE,2024-11-25 19:35:35,Purchase,39.04,CAD,Amazon,Home & Garden,Payment for travel,FALSE,8254869163,RDPAKXCM,7417201026,LYSDVFYQ,10426.65,10750.49,1,
TXN00001989,CUST007199,Evelyn,Wilson,Male,Rome,Italy,Rome,Italy,Rome,Italy,2025-02-06 18:12:17,Purchase,144.86,USD,Delta Airlines,Shopping,Payment for travel,FALSE,1851395806,VWVZTFDZ,8556710839,IWLCYROA,6085.9,5579.4,1,
TXN00001804,CUST006486,Ava,Smith,Female,Sydney,Australia,Sydney,Australia,Sydney,Australia,2024-02-24 19:58:35,Purchase,121.32,USD,Airbnb,Gas & Fuel,Payment for entertainment,TRUE,9599236689,LLQXGOVW,4369451352,UNFPISQD,12502.51,12001.34,1,
TXN00000359,CUST008823,Harper,Johnson,Female,Rome,Italy,Rome,Italy,Rome,Italy,2025-07-04 14:47:08,Purchase,337.46,CNY,McDonalds,Food & Dining,Payment for travel,FALSE,4475562479,GSYBRJEI,2635839937,HSNCOAST,11437.46,12426.39,1,
TXN00001865,CUST009054,John,Jones,Male,Paris,France,Paris,France,Paris,France,2025-02-21 07:19:29,Purchase,246.5,JPY,Shell Gas,Groceries,Payment for bills & utilities,FALSE,1736109519,KFMCBBMI,7098413662,BTVMQIZD,11356.61,10545.6,1,
TXN00001692,CUST006939,Mia,Taylor,Female,Tokyo,Japan,Tokyo,Japan,Tokyo,Japan,2025-07-01 09:55:37,Purchase,324.39,AUD,Uber,Shopping,Payment for electronics,FALSE,7354733291,COLMPYRL,5386398404,FHIMCQJU,13136.75,13633.21,1,
TXN00003151,CUST000073,Emma,Thomas,Male,Toronto,Canada,Toronto,Canada,Toronto,Canada,2024-05-27 15:18:18,Purchase,358.97,AUD,Delta Airlines,Groceries,Payment for travel,FALSE,4357585946,ZUMMDLMP,1919010637,RHCSVRYG,10741.41,10059.35,1,
TXN00003367,CUST003481,Isabella,Jackson,Male,Tokyo,Japan,Tokyo,Japan,Tokyo,Japan,2025-04-20 05:21:20,Transfer,407.37,GBP,Target,Electronics,Payment for gas & fuel,FALSE,1736848290,LTEXIWMH,8448902043,KPKNJXXL,9969.66,9087.64,1,
TXN00003659,CUST008224,Emma,Miller,Female,Berlin,Germany,Berlin,Germany,Berlin,Germany,2024-10-02 05:15:23,Purchase,133.54,CNY,Netflix,Bills & Utilities,Payment for food & dining,FALSE,9686875945,OLMDQACL,8622745352,LLKYFCFW,11290.97,11319.83,1,
TXN00003182,CUST000646,Harper,Hernandez,Male,Mumbai,India,Mumbai,India,Mumbai,India,2024-02-09 23:08:14,Purchase,127.73,CNY,Target,Shopping,Payment for entertainment,FALSE,3866903905,MFLPCVIU,3133352518,HUTJMMYE,15630.21,14695.84,1,
TXN00002130,CUST004230,Harper,Martin,Male,Dubai,UAE,Dubai,UAE,Dubai,UAE,2025-03-15 06:41:41,Purchase,74.15,GBP,Shell Gas,Electronics,Payment for groceries,FALSE,7481225120,WSRRLMEZ,2247127393,BDTYMMBX,10494.23,9806.56,1,
TXN00002886,CUST009253,Joseph,Lee,Female,Singapore,Singapore,Singapore,Singapore,Singapore,Singapore,2024-12-30 19:32:33,Purchase,405.39,AUD,Walmart,Shopping,Payment for travel,FALSE,8038820256,QFCDHWHG,3237236203,AVXMCUEF,7103.87,7516.63,1,
TXN00004131,CUST000820,Emma,Martin,Female,Singapore,Singapore,Singapore,Singapore,Singapore,Singapore,2024-04-10 04:36:21,Purchase,476.43,INR,Home Depot,Gas & Fuel,Payment for home & garden,FALSE,1887057378,DPNYHUEH,5668830404,SSTTZUSL,9624.77,9498.95,1,
TXN00003801,CUST002673,Daniel,Jones,Male,Shanghai,China,Shanghai,China,Shanghai,China,2024-12-07 13:22:17,Purchase,390.48,INR,Home Depot,Home & Garden,Payment for home & garden,FALSE,9354948324,JAIGKMVO,1297896107,XKKEPRRV,9805.51,10362.46,1,
TXN00000619,CUST004869,William,Anderson,Male,Singapore,Singapore,Singapore,Singapore,Singapore,Singapore,2024-05-21 21:20:08,Purchase,201.85,INR,Netflix,Electronics,Payment for food & dining,FALSE,5071450376,DTOPNZWB,2683892839,ABDGKGZU,5839.77,5765.67,1,
TXN00000561,CUST004368,Thomas,Williams,Male,Berlin,Germany,Berlin,Germany,Berlin,Germany,2024-05-20 20:15:47,Purchase,10.69,USD,Whole Foods,Travel,Payment for groceries,FALSE,6772446397,OYMSDVYL,1854524557,ZFMZBAQU,9649.74,9055.21,1,
TXN00002768,CUST001131,Michael,Garcia,Male,New York,USA,New York,USA,New York,USA,2024-01-12 21:17:22,Transfer,411.09,INR,Netflix,Home & Garden,Payment for health & fitness,FALSE,3192845033,MKIIFOQB,3581131426,LINBRJSC,7806.86,7874.96,1,
TXN00001293,CUST006223,Mia,Wilson,Male,Singapore,Singapore,Singapore,Singapore,Singapore,Singapore,2025-05-04 11:39:28,Purchase,192.03,CAD,Delta Airlines,Bills & Utilities,Payment for groceries,FALSE,6441570471,VCTVZCQN,5760967837,UMTHZLWJ,13233.43,12992.21,1,
TXN00003501,CUST009686,Isabella,Martin,Male,São Paulo,Brazil,São Paulo,Brazil,São Paulo,Brazil,2025-06-16 15:19:53,Purchase,103.25,JPY,Whole Foods,Electronics,Payment for health & fitness,TRUE,6928274728,LGEHYJJF,9193178121,FIFUVOOX,8806.92,8199.38,1,
TXN00003764,CUST003857,Daniel,Lopez,Female,Berlin,Germany,Berlin,Germany,Berlin,Germany,2024-08-02 05:24:40,Purchase,374.8,CNY,Airbnb,Travel,Payment for shopping,FALSE,7353127944,GYXGQKCK,4536699769,ZSMTZOBF,9995.27,9303.25,1,
TXN00004506,CUST005245,Emma,Thomas,Male,Dubai,UAE,Dubai,UAE,Dubai,UAE,2024-01-17 06:46:46,Purchase,501.84,EUR,Apple Store,Shopping,Payment for food & dining,FALSE,5342067884,MGFXBAPZ,6851060644,TAFQDZRX,9364.07,10208.8,1,
TXN00004291,CUST008176,William,Martin,Male,Madrid,Spain,Madrid,Spain,Madrid,Spain,2025-04-13 01:55:01,Transfer,498.39,CHF,Whole Foods,Groceries,Payment for health & fitness,FALSE,3759389812,VSIWEMXF,1431447120,OIJEXSNU,11842.87,12612.31,1,
TXN00002116,CUST006731,William,Taylor,Male,Toronto,Canada,Toronto,Canada,Toronto,Canada,2024-04-12 20:33:17,Purchase,429.59,JPY,Whole Foods,Health & Fitness,Payment for entertainment,TRUE,6299178032,PIYLQRWY,5239468823,QWGICFMW,14709.97,14336.79,1,
TXN00001620,CUST001018,David,Brown,Male,Mexico City,Mexico,Mexico City,Mexico,Mexico City,Mexico,2025-01-29 09:24:28,Purchase,253.64,USD,Netflix,Gas & Fuel,Payment for gas & fuel,FALSE,2537381916,NJHDIZZG,1760486551,NBRBLTXH,9244.08,8418.54,1,
TXN00000405,CUST009195,William,Johnson,Male,Sydney,Australia,Sydney,Australia,Sydney,Australia,2025-05-29 23:04:53,Purchase,17.52,CAD,Apple Store,Health & Fitness,Payment for entertainment,FALSE,4832862066,BPGCKJOO,3853846065,RKXGWILU,12880.18,13380.39,1,
TXN00001349,CUST008581,Emma,Jackson,Male,Toronto,Canada,Toronto,Canada,Toronto,Canada,2024-08-01 05:18:51,Purchase,141.59,USD,Whole Foods,Shopping,Payment for bills & utilities,FALSE,7793223300,AUSAHXBH,5219966798,OTXOQGRJ,12649.4,12844.7,1,
TXN00000751,CUST009687,Evelyn,Smith,Female,Dubai,UAE,Dubai,UAE,Dubai,UAE,2025-01-28 22:11:38,Purchase,311.25,CHF,Home Depot,Groceries,Payment for health & fitness,FALSE,9538938004,CYOUMVVA,8488057027,AWJBBRAY,8398.29,7420.2,1,
TXN00003610,CUST001635,Emma,Wilson,Male,Tokyo,Japan,Tokyo,Japan,Tokyo,Japan,2025-06-24 13:09:47,Transfer,379.69,JPY,Delta Airlines,Entertainment,Payment for gas & fuel,FALSE,8392377999,EBEPILIX,2940098166,KJLIQLBQ,11683.67,12197.23,1,
TXN00001905,CUST008399,Michael,Lopez,Male,London,UK,London,UK,London,UK,2024-01-14 01:46:27,Purchase,410.14,EUR,McDonalds,Bills & Utilities,Payment for entertainment,FALSE,7417428257,ZTGEWJUM,2885268411,DOKSEORP,11679.76,11821,1,
TXN00000446,CUST007598,Harper,Lopez,Female,Singapore,Singapore,Singapore,Singapore,Singapore,Singapore,2025-04-19 09:11:56,Purchase,441.7,USD,McDonalds,Food & Dining,Payment for home & garden,FALSE,6890668034,MKSEFLNB,8705183268,CCXICHJP,13915.24,13133.58,1,
TXN00004967,CUST009804,Mia,Moore,Female,Sydney,Australia,Paris,France,Sydney,Australia,2024-06-20 05:19:01,Purchase,2014.07,AUD,Shell Gas,Health & Fitness,Payment for gas & fuel,FALSE,9983307303,QUUMCKPI,2773360677,BAQYLAAT,7900.35,8053.87,0,Unusual location pattern
TXN00003429,CUST004942,Evelyn,Smith,Male,Rome,Italy,Rome,Italy,Rome,Italy,2025-10-07 11:07:33,Purchase,381.02,CAD,Airbnb,Electronics,Payment for food & dining,TRUE,2798062351,VEMAUWBX,2616430892,QILHLXKX,14449.27,14098.09,1,
TXN00002027,CUST006542,Charlotte,Martin,Female,Shanghai,China,Shanghai,China,Shanghai,China,2024-11-19 15:44:30,Purchase,46,CHF,Best Buy,Gas & Fuel,Payment for shopping,FALSE,8196143425,WEKBWPCS,7848867747,HIFCVQKO,6954.93,7728.36,1,
TXN00000909,CUST007891,Evelyn,Lee,Female,Toronto,Canada,Toronto,Canada,Toronto,Canada,2024-04-17 08:09:35,Purchase,315.86,CAD,Home Depot,Bills & Utilities,Payment for home & garden,FALSE,5121400897,WNQWIVZN,4836532078,ZZGJQXFF,6660.51,6507.99,1,
TXN00004476,CUST005617,Harper,Rodriguez,Male,Dubai,UAE,Dubai,UAE,Dubai,UAE,2024-07-31 23:36:53,Purchase,156.48,CHF,Airbnb,Groceries,Payment for shopping,FALSE,6597077171,RJEPWBUO,3478459909,TTCAPJDA,6358.44,6878.28,1,
TXN00003745,CUST009394,Ava,Martinez,Male,Rome,Italy,Rome,Italy,Rome,Italy,2025-05-23 22:05:02,Purchase,211.64,USD,Uber,Food & Dining,Payment for food & dining,FALSE,5117312484,TLTVQFPD,4509461125,MMBAMKZE,7049.66,7505.45,1,
TXN00002378,CUST003679,John,Davis,Male,Dubai,UAE,Dubai,UAE,Dubai,UAE,2024-11-05 04:14:00,Transfer,151.59,CHF,Amazon,Travel,Payment for entertainment,FALSE,5543602398,EPCENATO,6828273792,AAMPENBX,6781.05,6295.38,1,
TXN00000889,CUST007994,Charlotte,Thomas,Male,Sydney,Australia,Sydney,Australia,Sydney,Australia,2025-03-21 22:01:49,Transfer,456.41,INR,Target,Health & Fitness,Payment for travel,FALSE,2719647950,QCAPWNGJ,7442589686,MDJDPVGN,10851.99,10890.77,1,
TXN00001738,CUST001545,John,Taylor,Female,Shanghai,China,Shanghai,China,Shanghai,China,2025-08-04 10:07:10,Transfer,489.77,GBP,Airbnb,Travel,Payment for health & fitness,FALSE,7412866330,UEZJOBGB,2844335632,PCQMJXQI,7952.2,7695.95,1,
TXN00001177,CUST002353,Emma,Rodriguez,Female,Shanghai,China,Shanghai,China,Shanghai,China,2024-11-25 23:47:44,Purchase,74.01,CHF,Airbnb,Home & Garden,Payment for home & garden,FALSE,4962853449,JBIQOERP,6025775984,VDJWFHYW,5718.45,5457.07,1,
TXN00003772,CUST002951,Isabella,Davis,Female,Singapore,Singapore,Singapore,Singapore,Singapore,Singapore,2025-05-17 17:58:38,Purchase,434.33,JPY,Airbnb,Bills & Utilities,Payment for travel,FALSE,2192568345,LIUFHDTW,6167155273,YGTYEEPK,10161.65,9919.95,1,
TXN00002323,CUST005240,Michael,Jones,Male,New York,USA,New York,USA,New York,USA,2024-07-30 19:25:03,Purchase,427.68,AUD,Whole Foods,Food & Dining,Payment for entertainment,FALSE,3620242537,KSWUZGJH,8080512335,EKRUYXXT,12282.94,12480.15,1,
TXN00000779,CUST009579,Robert,Martinez,Female,Rome,Italy,Rome,Italy,Rome,Italy,2025-07-18 20:20:58,Transfer,218.41,INR,Starbucks,Entertainment,Payment for travel,FALSE,8328545174,FKLSDXMK,8459957930,SCQMMYSO,5510.33,5032.36,1,
TXN00002744,CUST002701,Joseph,Williams,Male,Paris,France,Paris,France,Paris,France,2024-03-21 09:36:44,Transfer,89.83,EUR,Delta Airlines,Home & Garden,Payment for food & dining,FALSE,5963107670,UEKPQHLS,1787038252,MGYDVLGS,12487.94,12262.12,1,
TXN00004082,CUST000044,Sophia,Williams,Female,Madrid,Spain,Madrid,Spain,Madrid,Spain,2025-01-16 16:47:16,Purchase,120.69,GBP,Target,Gas & Fuel,Payment for home & garden,FALSE,9452553859,LSFALSSP,7183097455,MVPZWGTG,14749.38,14083.67,1,
TXN00004904,CUST006752,Isabella,Davis,Male,Toronto,Canada,Mumbai,India,Sydney,Australia,2025-03-17 08:31:13,Purchase,5224.38,USD,Delta Airlines,Health & Fitness,Payment for entertainment,FALSE,8025392644,JSSEIILV,2705100160,FYZUWVLB,6318.26,7174.86,0,Unusual location pattern
TXN00001212,CUST003270,Joseph,Williams,Female,Tokyo,Japan,Tokyo,Japan,Tokyo,Japan,2024-04-04 06:28:05,Purchase,456.98,EUR,Best Buy,Shopping,Payment for entertainment,FALSE,8839114185,OUXBNLGN,7597684890,QLNJLVOJ,13306.63,13960.04,1,
TXN00002247,CUST005711,Michael,Lopez,Male,Singapore,Singapore,Singapore,Singapore,Singapore,Singapore,2025-04-01 02:03:56,Transfer,216.22,AUD,Apple Store,Shopping,Payment for home & garden,FALSE,7821031385,KYIIQYCE,1829609529,PGZHUNZC,11706.9,10894.27,1,
TXN00003636,CUST002828,Evelyn,Garcia,Male,Paris,France,Paris,France,Paris,France,2024-08-25 10:46:39,Transfer,238.12,JPY,Airbnb,Bills & Utilities,Payment for groceries,FALSE,9548364264,PKUNZTIW,4925015795,BAFDTXQF,6511.96,5689.69,1,
TXN00004954,CUST000980,William,Moore,Female,Dubai,UAE,Dubai,UAE,Rome,Italy,2024-05-12 21:13:31,Purchase,3580.66,EUR,Marriott Hotels,Groceries,Payment for groceries,FALSE,8594719566,ZBCYRBMA,8100577276,JHGJTALJ,9252.35,9992.6,0,Unusual location pattern
TXN00002691,CUST002830,Ava,Jones,Female,Mumbai,India,Mumbai,India,Mumbai,India,2024-12-11 15:21:22,Purchase,381.44,AUD,Amazon,Health & Fitness,Payment for shopping,FALSE,5950455465,IDLFCZYN,9807903989,OEGWDCFX,8037.01,7088.91,1,
TXN00000627,CUST002565,Harper,Wilson,Female,São Paulo,Brazil,São Paulo,Brazil,São Paulo,Brazil,2025-02-01 18:44:16,Transfer,17.99,INR,Amazon,Shopping,Payment for food & dining,FALSE,9906676985,APJNOROC,9691989585,JFLJOZFX,9187.33,8409.65,1,
TXN00000598,CUST003117,Joseph,Wilson,Female,Shanghai,China,Shanghai,China,Shanghai,China,2024-01-22 07:29:30,Purchase,185.25,EUR,Whole Foods,Groceries,Payment for shopping,FALSE,9760520938,TCHOEEVI,4653888478,RPUOIFOZ,15390.5,14915.98,1,
TXN00003350,CUST003533,Michael,Rodriguez,Female,Toronto,Canada,Toronto,Canada,Toronto,Canada,2024-01-16 08:39:14,Purchase,395.79,JPY,Uber,Shopping,Payment for groceries,FALSE,8883073221,QZZTRMAN,5636379658,HEEBFYLN,9839.94,9370.36,1,
TXN00003407,CUST006365,Sophia,Wilson,Male,London,UK,London,UK,London,UK,2025-08-05 17:06:46,Purchase,121.48,CAD,Best Buy,Travel,Payment for groceries,FALSE,2846426278,HIGRYRUZ,2909471084,NMGRSCGY,12263.34,12856.85,1,
TXN00002039,CUST007010,Harper,Davis,Male,Shanghai,China,Shanghai,China,Shanghai,China,2025-02-16 00:19:52,Purchase,366.94,JPY,Home Depot,Travel,Payment for gas & fuel,TRUE,3939092505,LOPFXKDZ,1201564624,VXDIHNVG,9062.79,9538.45,1,
TXN00001795,CUST003658,Charlotte,Garcia,Female,Shanghai,China,Shanghai,China,Shanghai,China,2024-03-18 01:01:30,Purchase,481.08,AUD,Apple Store,Groceries,Payment for home & garden,FALSE,9520516941,YDSSYBRV,9052208748,RAZVSZIG,10251.91,10181.34,1,
TXN00004803,CUST001233,Olivia,Martin,Female,São Paulo,Brazil,São Paulo,Brazil,Tokyo,Japan,2024-09-02 07:24:46,Purchase,5330.51,JPY,Best Buy,Electronics,Payment for entertainment,FALSE,4214422015,NPYRKUKF,4367078955,RXXOYPMF,9796.88,10748.13,0,Known fraudulent merchant
TXN00001719,CUST002259,William,Lee,Male,Mumbai,India,Mumbai,India,Mumbai,India,2024-04-07 01:34:14,Purchase,368.42,EUR,Apple Store,Electronics,Payment for gas & fuel,TRUE,1147848198,AFCDKPRQ,3862740320,CAQBJAKC,14549.8,14110.04,1,
TXN00002104,CUST007880,Charlotte,Moore,Female,London,UK,London,UK,London,UK,2024-07-21 20:47:58,Purchase,186.09,EUR,Best Buy,Home & Garden,Payment for travel,FALSE,8962723901,YKHLTFWN,1909470836,LWMNUNWK,11825.49,11183.05,1,
TXN00003727,CUST001032,Ava,Rodriguez,Female,Sydney,Australia,Sydney,Australia,Sydney,Australia,2025-06-30 19:20:31,Purchase,427.68,CAD,Marriott Hotels,Groceries,Payment for home & garden,FALSE,8998003034,GONHAUXZ,7504433729,WBCRXUAG,7258.64,7427.07,1,
TXN00000565,CUST009022,William,Wilson,Male,Rome,Italy,Rome,Italy,Rome,Italy,2025-03-22 10:17:20,Purchase,80.25,AUD,Starbucks,Food & Dining,Payment for gas & fuel,FALSE,1448474379,RIVYUNEG,1437712245,HBGWNWNH,5840.51,5235.12,1,
TXN00003762,CUST004743,Daniel,Johnson,Female,Paris,France,Paris,France,Paris,France,2025-01-10 21:11:01,Purchase,331.61,EUR,Uber,Groceries,Payment for travel,FALSE,6406713904,DLZUPSUC,1627525070,UGHCHOII,13709.04,14201.07,1,
TXN00004673,CUST008574,Charlotte,Hernandez,Female,Madrid,Spain,Madrid,Spain,Madrid,Spain,2025-05-04 16:48:03,Transfer,64.39,JPY,Apple Store,Gas & Fuel,Payment for home & garden,FALSE,5011413759,KVCCDMLU,7035134512,SQPNFWUJ,10536,11328.48,1,
TXN00001075,CUST001284,Evelyn,Smith,Female,Berlin,Germany,Berlin,Germany,Berlin,Germany,2024-01-22 11:57:20,Purchase,164.76,CHF,Amazon,Shopping,Payment for electronics,FALSE,2172775619,RWHKWHJF,7792844135,PZRQCWVN,15411.48,14996.44,1,
TXN00003857,CUST007460,Isabella,Rodriguez,Female,New York,USA,New York,USA,New York,USA,2024-10-26 02:48:44,Purchase,100.25,INR,Apple Store,Shopping,Payment for groceries,FALSE,8433427444,FKOFNITK,1554741832,XXZBSTRU,7433.34,7763.4,1,
TXN00003530,CUST005118,Charlotte,Williams,Male,New York,USA,New York,USA,New York,USA,2025-01-19 05:35:29,Purchase,46.99,CAD,Starbucks,Food & Dining,Payment for entertainment,FALSE,6100686087,UHQZGWKY,2704316008,WZYIVTSH,7342.12,7141.43,1,
TXN00003804,CUST007322,Thomas,Brown,Male,London,UK,London,UK,London,UK,2024-03-22 05:10:02,Transfer,348.21,AUD,Home Depot,Travel,Payment for bills & utilities,FALSE,1845927089,SSHYPWEZ,8767078697,JTYAQOKR,12175.13,12277.46,1,
TXN00004825,CUST002187,Sophia,Anderson,Male,Madrid,Spain,London,UK,Tokyo,Japan,2024-03-07 17:04:51,Purchase,3828.67,EUR,Amazon,Health & Fitness,Payment for health & fitness,FALSE,4749715181,QDTXTRRA,3273624779,ZVLANSKZ,8026.01,7598.51,0,Unusual location pattern
TXN00004296,CUST003973,James,Anderson,Female,New York,USA,New York,USA,New York,USA,2025-05-30 12:31:48,Purchase,472.39,AUD,Netflix,Electronics,Payment for shopping,FALSE,4399920199,DISQJKYJ,3092678472,IJWZJCGA,10555.84,11114.89,1,
TXN00004248,CUST000020,Joseph,Miller,Male,São Paulo,Brazil,São Paulo,Brazil,São Paulo,Brazil,2025-08-07 08:41:02,Purchase,385.61,INR,McDonalds,Electronics,Payment for bills & utilities,FALSE,9671441193,RDUEJROJ,6798830114,PEUHKFXS,5474.48,6197.63,1,
TXN00000271,CUST002125,Richard,Moore,Female,Mumbai,India,Mumbai,India,Mumbai,India,2025-05-10 20:03:20,Purchase,33.8,CHF,Apple Store,Shopping,Payment for travel,FALSE,3825911581,MLRACEYR,8522737504,YPVCUBXB,11799.97,12506.21,1,
TXN00000202,CUST003103,Joseph,Wilson,Male,Shanghai,China,Shanghai,China,Shanghai,China,2024-01-02 04:41:32,Purchase,236.36,EUR,Netflix,Bills & Utilities,Payment for food & dining,FALSE,4413830352,OVHZJMZO,7187574865,MCCXTUPA,9297.46,9224.52,1,
TXN00001038,CUST005049,Emma,Taylor,Female,Berlin,Germany,Berlin,Germany,Berlin,Germany,2024-04-20 03:52:11,Purchase,209.93,CNY,Delta Airlines,Groceries,Payment for health & fitness,FALSE,7396392807,AFWHXUZB,7300708925,UJOHMQEC,7838.76,7042.37,1,
TXN00004464,CUST008286,Emma,Williams,Female,Mumbai,India,Mumbai,India,Mumbai,India,2024-02-02 06:30:20,Purchase,73.59,CAD,Delta Airlines,Electronics,Payment for health & fitness,FALSE,1152830217,POKDZBFM,9610598710,SGYLYNBV,8139.64,7959.87,1,
TXN00002779,CUST006578,David,Williams,Female,Shanghai,China,Shanghai,China,Shanghai,China,2024-03-05 22:33:31,Purchase,234.39,USD,Uber,Shopping,Payment for shopping,FALSE,6411841761,OYJQVDMB,6797590325,UMBTONXJ,12058.17,11381.98,1,
TXN00003502,CUST007065,Michael,Martinez,Female,Singapore,Singapore,Singapore,Singapore,Singapore,Singapore,2025-05-04 22:07:28,Transfer,152.95,USD,Marriott Hotels,Home & Garden,Payment for home & garden,TRUE,8950160807,UYBIVDWZ,9709152973,CJYRSJWA,8927.51,8006.06,1,
TXN00001033,CUST005085,Amelia,Hernandez,Male,Mexico City,Mexico,Mexico City,Mexico,Mexico City,Mexico,2024-01-25 10:12:57,Purchase,168.26,AUD,Whole Foods,Electronics,Payment for gas & fuel,FALSE,8071280575,AEEZTOXT,5592242932,ZTIXSETV,11218.64,11749.65,1,
TXN00001036,CUST001376,Olivia,Williams,Male,Shanghai,China,Shanghai,China,Shanghai,China,2025-05-06 05:31:53,Purchase,435.95,GBP,Marriott Hotels,Home & Garden,Payment for bills & utilities,FALSE,7020397088,FLUUFKUN,1061955043,ANTMMDJL,14100.85,13363.45,1,
TXN00002261,CUST008274,William,Williams,Female,Toronto,Canada,Toronto,Canada,Toronto,Canada,2025-02-23 03:47:51,Transfer,377.7,EUR,Uber,Home & Garden,Payment for shopping,FALSE,8380884860,EHKBZKIT,2423514591,RLJPZYTQ,7024.28,7340.17,1,
TXN00001638,CUST008812,Harper,Martin,Female,Mexico City,Mexico,Mexico City,Mexico,Mexico City,Mexico,2024-03-27 20:29:51,Purchase,186.58,JPY,Walmart,Home & Garden,Payment for gas & fuel,FALSE,4066982136,WQDXNFSC,8049044195,BYHTPWJB,11112.43,11807.81,1,
TXN00002828,CUST001260,Sophia,Lopez,Female,Paris,France,Paris,France,Paris,France,2025-10-01 04:10:35,Purchase,366,EUR,Best Buy,Food & Dining,Payment for gas & fuel,FALSE,1080924741,NNZSNPVU,7723231214,UHGCHWCC,14185.96,13282.38,1,
TXN00000925,CUST009861,Thomas,Jones,Female,Tokyo,Japan,Tokyo,Japan,Tokyo,Japan,2024-07-13 21:24:23,Purchase,122.27,INR,Whole Foods,Travel,Payment for shopping,FALSE,6968133429,ACAZSDQB,3402583290,MKAMLAIB,14486.26,14692.09,1,
TXN00002684,CUST003331,Sophia,Martin,Male,Rome,Italy,Rome,Italy,Rome,Italy,2024-05-23 04:01:55,Purchase,427.29,GBP,Netflix,Health & Fitness,Payment for shopping,FALSE,6349940071,OGUNOWBZ,2950774748,RZMKGFGO,15290.3,14350.78,1,
TXN00001181,CUST007003,Sophia,Garcia,Male,Mumbai,India,Mumbai,India,Mumbai,India,2024-09-28 20:42:00,Purchase,22.65,CAD,Shell Gas,Health & Fitness,Payment for food & dining,FALSE,4030122777,EEHPMXGB,5523508721,NLSYAPMA,4884.63,5239.96,1,
TXN00004034,CUST003560,Amelia,Thomas,Male,Dubai,UAE,Dubai,UAE,Dubai,UAE,2025-10-04 03:52:49,Purchase,494.65,AUD,Target,Health & Fitness,Payment for health & fitness,FALSE,9878093523,CWIOAXSK,2685215939,AGMSGSOH,8445.89,8759.68,1,
TXN00003443,CUST006040,Mia,Rodriguez,Female,Sydney,Australia,Sydney,Australia,Sydney,Australia,2025-02-12 09:51:31,Purchase,210.39,USD,Home Depot,Groceries,Payment for home & garden,TRUE,7391542764,QPQLPZLO,6937407978,UAPFHUEX,8732.35,9301.66,1,
TXN00000173,CUST000057,Isabella,Martinez,Male,Toronto,Canada,Toronto,Canada,Toronto,Canada,2025-03-09 07:25:12,Purchase,378.91,GBP,McDonalds,Home & Garden,Payment for gas & fuel,FALSE,8261074776,MUAZKXQW,7136146228,XIEQHEOH,11244.01,11842.92,1,
TXN00002432,CUST007660,Olivia,Taylor,Female,São Paulo,Brazil,São Paulo,Brazil,São Paulo,Brazil,2025-03-17 02:56:50,Purchase,498.63,GBP,Marriott Hotels,Bills & Utilities,Payment for entertainment,FALSE,3205458849,LFVQTYTN,5110267750,WNXXOIWF,12273.81,12936.92,1,
TXN00002950,CUST008085,Isabella,Rodriguez,Male,Berlin,Germany,Berlin,Germany,Berlin,Germany,2024-08-20 08:00:12,Purchase,94.2,INR,Apple Store,Home & Garden,Payment for gas & fuel,FALSE,5571688961,YZQJPVKI,4402207615,IDCNVQIK,5085.15,5686.08,1,
TXN00000636,CUST006761,Mia,Moore,Male,Singapore,Singapore,Singapore,Singapore,Singapore,Singapore,2025-07-02 21:51:46,Purchase,73.81,AUD,Starbucks,Groceries,Payment for home & garden,FALSE,4631446640,XTTEKKGT,9040775655,PHXQXHWX,8821.39,9411.86,1,
TXN00002666,CUST008836,Isabella,Martinez,Female,Toronto,Canada,Toronto,Canada,Toronto,Canada,2024-04-16 10:05:23,Transfer,265.63,CHF,McDonalds,Groceries,Payment for electronics,FALSE,4440336151,CEUNGWER,1784928685,CCEACCDD,12240.67,11589.05,1,
TXN00002407,CUST003298,Robert,Wilson,Male,Rome,Italy,Rome,Italy,Rome,Italy,2024-03-31 20:01:57,Purchase,327.39,AUD,Uber,Food & Dining,Payment for food & dining,FALSE,3498048138,BPMLKHUR,4421887174,UQXLWXGT,6122.5,6456.96,1,
TXN00004025,CUST006395,Richard,Taylor,Female,London,UK,London,UK,London,UK,2024-01-12 07:37:16,Purchase,208.81,CAD,Best Buy,Entertainment,Payment for electronics,TRUE,9838981780,YFCJRXDA,7577853302,KOMMQSFQ,13808.45,13902.72,1,
TXN00004249,CUST004622,Harper,Miller,Male,Mumbai,India,Mumbai,India,Mumbai,India,2025-04-05 19:51:26,Purchase,232.59,JPY,Starbucks,Gas & Fuel,Payment for food & dining,FALSE,6387225878,JODDGIUJ,8340285836,JVQCSYRS,12162.81,11610.79,1,
TXN00000309,CUST006572,Isabella,Williams,Male,Mumbai,India,Mumbai,India,Mumbai,India,2025-06-22 01:10:13,Purchase,350.59,CHF,Shell Gas,Bills & Utilities,Payment for gas & fuel,FALSE,1919050215,PIEQJPAW,4364074307,ZPAAUBUZ,10705.23,10148.45,1,
TXN00002316,CUST004303,Evelyn,Garcia,Male,New York,USA,New York,USA,New York,USA,2024-04-20 12:23:05,Purchase,165.08,GBP,Whole Foods,Shopping,Payment for food & dining,FALSE,2589141358,PNQYHWPX,2063260261,AHUSSGNM,15304.29,14530.76,1,
TXN00001651,CUST009118,Harper,Martin,Male,Singapore,Singapore,Singapore,Singapore,Singapore,Singapore,2024-02-05 12:34:40,Purchase,63.92,USD,Shell Gas,Shopping,Payment for bills & utilities,FALSE,2644340234,XWLJUHGX,7077476257,LFDCBZIX,9889.47,10867.41,1,
TXN00003717,CUST003179,William,Martinez,Male,São Paulo,Brazil,São Paulo,Brazil,São Paulo,Brazil,2024-01-31 14:55:35,Transfer,288.34,CAD,Uber,Entertainment,Payment for home & garden,FALSE,5547488285,MKFDTQSI,4317218452,YAAYTIMK,7956.41,8414.7,1,
TXN00000011,CUST003057,Harper,Johnson,Female,Mexico City,Mexico,Mexico City,Mexico,Mexico City,Mexico,2025-02-20 21:52:27,Purchase,28.59,INR,Airbnb,Health & Fitness,Payment for electronics,FALSE,5517755506,MIZJQQSC,3116771043,QYHPWGJJ,13674.84,12719.45,1,
TXN00004593,CUST006956,Emma,Martinez,Female,São Paulo,Brazil,São Paulo,Brazil,São Paulo,Brazil,2025-09-17 14:45:26,Purchase,320.28,GBP,Marriott Hotels,Travel,Payment for home & garden,FALSE,7613934126,TJMUIJWB,3499963180,JOZCFVLV,15161.47,14363.41,1,
TXN00002497,CUST007671,Robert,Hernandez,Female,Toronto,Canada,Toronto,Canada,Toronto,Canada,2024-04-18 16:25:42,Purchase,268.14,JPY,Delta Airlines,Groceries,Payment for entertainment,FALSE,9174527681,KJOAXPWI,3318151510,UGKVZVDY,5208.55,5256.86,1,
TXN00000728,CUST002566,Daniel,Moore,Female,Toronto,Canada,Toronto,Canada,Toronto,Canada,2025-02-21 16:00:19,Purchase,389.64,JPY,McDonalds,Shopping,Payment for gas & fuel,TRUE,1166788988,WGZSXTRV,1340359887,PCULORNA,10448.52,10100.24,1,
TXN00001221,CUST000112,Richard,Lopez,Male,Mexico City,Mexico,Mexico City,Mexico,Mexico City,Mexico,2025-06-06 18:07:33,Purchase,167.38,CAD,Walmart,Entertainment,Payment for gas & fuel,FALSE,1781000932,QOPHGTAV,1692089065,VFNLDLLW,11660.54,11957.09,1,
TXN00001534,CUST006025,James,Miller,Female,São Paulo,Brazil,São Paulo,Brazil,São Paulo,Brazil,2025-09-12 12:04:21,Purchase,413.41,USD,Whole Foods,Electronics,Payment for entertainment,FALSE,8655359872,MCSUSSYB,7895054112,YKDJFVGX,12018.62,12112.05,1,
TXN00002710,CUST004555,Joseph,Garcia,Female,São Paulo,Brazil,São Paulo,Brazil,São Paulo,Brazil,2025-08-27 08:39:45,Purchase,31.14,GBP,Walmart,Home & Garden,Payment for food & dining,FALSE,7494772477,SHIYQFXA,3554642783,PKDOXOAU,8700.88,9069.16,1,
TXN00000196,CUST003755,Amelia,Jones,Male,Paris,France,Paris,France,Paris,France,2024-08-27 23:06:36,Transfer,129.61,CNY,Delta Airlines,Shopping,Payment for home & garden,FALSE,5316129199,AXEDAUXS,6517816567,HRTVJSNL,6165.36,6062.56,1,
TXN00001727,CUST007425,Daniel,Smith,Male,Singapore,Singapore,Singapore,Singapore,Singapore,Singapore,2025-04-14 02:56:42,Transfer,159.81,JPY,Target,Entertainment,Payment for home & garden,FALSE,3218225598,MVMJCTEU,3058907466,RFESJOHC,6863.97,6866.44,1,
TXN00003305,CUST009040,John,Jones,Male,Dubai,UAE,Dubai,UAE,Dubai,UAE,2024-06-26 02:11:24,Purchase,297.79,AUD,Walmart,Shopping,Payment for electronics,FALSE,7994227121,OKVHKKMS,9843479420,MYHCERJU,12083.55,13081.79,1,
TXN00001182,CUST005087,Charlotte,Lopez,Male,Shanghai,China,Shanghai,China,Shanghai,China,2024-08-27 05:15:22,Transfer,407.96,INR,Home Depot,Health & Fitness,Payment for home & garden,FALSE,5666285626,WCBLBLCI,5346384748,UHZBJWSQ,5619.33,6305.18,1,
TXN00001915,CUST005688,Michael,Martinez,Male,Shanghai,China,Shanghai,China,Shanghai,China,2025-04-13 19:06:56,Purchase,422.7,INR,Whole Foods,Gas & Fuel,Payment for electronics,FALSE,5979565068,CTRARVRS,2625256902,IPSQFVTZ,12251.49,12610.23,1,
TXN00002571,CUST007444,Joseph,Lee,Male,Madrid,Spain,Madrid,Spain,Madrid,Spain,2024-12-28 12:01:02,Purchase,156.29,AUD,Walmart,Gas & Fuel,Payment for food & dining,FALSE,1244605537,ZPEPDWCY,9062290127,HMRVXTQY,9624.21,9709.9,1,
TXN00004823,CUST001518,John,Taylor,Male,Mumbai,India,Mumbai,India,London,UK,2024-10-21 06:13:51,Purchase,3664.38,EUR,Best Buy,Food & Dining,Payment for bills & utilities,FALSE,9423390592,CZFQDSBT,1183799670,SNLKHQGR,14548.25,14595.77,0,Velocity check failed
TXN00004665,CUST004976,Michael,Lee,Male,Shanghai,China,Shanghai,China,Shanghai,China,2024-06-22 01:23:30,Purchase,303.27,EUR,Apple Store,Food & Dining,Payment for shopping,FALSE,1383250166,EWXKQCBO,2747928774,HHPDKFZV,9512.51,10353.89,1,
TXN00001203,CUST002310,Harper,Anderson,Male,Sydney,Australia,Sydney,Australia,Sydney,Australia,2024-09-28 13:50:54,Purchase,52.62,CAD,Apple Store,Gas & Fuel,Payment for entertainment,FALSE,6106180878,LBFAGACI,5220984972,LBMADHOF,5340.46,5059.22,1,
TXN00002335,CUST003698,Isabella,Johnson,Female,Rome,Italy,Rome,Italy,Rome,Italy,2025-09-24 23:20:10,Transfer,343.64,CAD,Delta Airlines,Home & Garden,Payment for food & dining,FALSE,8439434663,OJZHQMAA,4495111872,QFRUFLMG,13089.48,13381.73,1,
TXN00004693,CUST003381,Charlotte,Wilson,Female,Mumbai,India,Mumbai,India,Mumbai,India,2025-09-25 16:06:33,Transfer,90.41,GBP,Home Depot,Entertainment,Payment for health & fitness,FALSE,1570362548,WINNJWTD,5405575139,PALITMIY,5550.45,6073.81,1,
TXN00003193,CUST004374,Harper,Davis,Male,Mexico City,Mexico,Mexico City,Mexico,Mexico City,Mexico,2024-08-10 08:52:01,Transfer,342.3,EUR,Uber,Food & Dining,Payment for travel,FALSE,3322837658,BRDAPQHQ,6658256498,KRXIBIEL,6184.47,6441.24,1,
TXN00000416,CUST004899,Daniel,Lopez,Female,Paris,France,Paris,France,Paris,France,2024-09-20 13:47:05,Purchase,284.42,INR,Apple Store,Entertainment,Payment for shopping,FALSE,5862643145,PXJVOGAI,9103271746,PMVXRESY,13101.48,12284.43,1,
TXN00003759,CUST009071,John,Davis,Male,London,UK,London,UK,London,UK,2024-03-14 08:07:25,Transfer,414.39,CHF,Marriott Hotels,Electronics,Payment for shopping,FALSE,1271010401,JKZWZUWI,3347874823,BWMYBCES,13612.25,14338.93,1,
TXN00004837,CUST008639,David,Davis,Female,São Paulo,Brazil,Mexico City,Mexico,São Paulo,Brazil,2024-12-30 12:01:09,Purchase,4132.42,CAD,Whole Foods,Gas & Fuel,Payment for groceries,FALSE,7547591187,OZMBTSLM,3753554975,EHLJVMNS,7143.27,7865.14,0,Known fraudulent merchant
TXN00003909,CUST002788,Joseph,Martinez,Male,São Paulo,Brazil,São Paulo,Brazil,São Paulo,Brazil,2025-01-08 06:43:52,Transfer,347.85,AUD,Walmart,Entertainment,Payment for bills & utilities,TRUE,4086525610,GBPVCHPU,5496279433,VGLTHCRZ,7971.1,7864.6,1,
TXN00004446,CUST002814,Emma,Johnson,Male,London,UK,London,UK,London,UK,2024-01-06 13:21:24,Transfer,60.8,EUR,Netflix,Electronics,Payment for shopping,FALSE,3978810849,KPQUNZTJ,1339685219,SRVNOJHC,13784.96,13616.07,1,
TXN00000922,CUST009451,Daniel,Miller,Male,Paris,France,Paris,France,Paris,France,2024-11-05 17:01:13,Purchase,144.64,USD,Netflix,Bills & Utilities,Payment for electronics,FALSE,8698634050,RKIGZNZH,2856699696,XZELVCIA,9462.91,9818.96,1,
TXN00000429,CUST004719,Sophia,Hernandez,Female,Paris,France,Paris,France,Paris,France,2024-04-17 00:40:36,Purchase,365.78,GBP,Walmart,Gas & Fuel,Payment for groceries,FALSE,6462614993,MQUMUXQF,4272539374,OLWNDKEA,11327.79,10895.6,1,
TXN00004049,CUST006118,John,Thomas,Female,Toronto,Canada,Toronto,Canada,Toronto,Canada,2024-01-13 21:59:12,Transfer,383.57,INR,Amazon,Entertainment,Payment for electronics,FALSE,1966408995,RMZJIXKL,2489811789,CWGOZZKV,5520.86,6441.45,1,
TXN00002192,CUST004139,William,Johnson,Male,London,UK,London,UK,London,UK,2025-01-25 10:03:37,Purchase,449.55,EUR,Shell Gas,Groceries,Payment for groceries,FALSE,1341691462,VEESEXVP,1286742362,HLLWGRTC,12318.79,11396.75,1,
TXN00003867,CUST009464,Evelyn,Wilson,Female,Berlin,Germany,Berlin,Germany,Berlin,Germany,2025-04-25 22:48:47,Transfer,507.82,CAD,Amazon,Travel,Payment for home & garden,FALSE,1137407382,BDVUISDQ,4510967484,ZBBDZAVR,6191.92,5323.35,1,
TXN00001899,CUST004871,Amelia,Jones,Male,Mexico City,Mexico,Mexico City,Mexico,Mexico City,Mexico,2024-03-11 14:42:05,Purchase,122.67,USD,Netflix,Electronics,Payment for shopping,FALSE,3401334907,CMVMBZYG,3363508862,TMCAPOBW,15419.93,14921.22,1,
TXN00001630,CUST008411,John,Thomas,Female,Tokyo,Japan,Tokyo,Japan,Tokyo,Japan,2024-08-20 05:32:35,Purchase,228.13,EUR,Home Depot,Food & Dining,Payment for entertainment,FALSE,2802682567,JUPRPGJU,6579172867,XAADXCLM,10978.92,10207.27,1,
TXN00000780,CUST000596,John,Moore,Female,Madrid,Spain,Madrid,Spain,Madrid,Spain,2024-11-02 02:16:05,Purchase,368.6,CNY,McDonalds,Food & Dining,Payment for health & fitness,FALSE,6850203853,OQZVSCHV,4670104120,TLPQUQVW,9124.84,9540.06,1,
TXN00002005,CUST004858,James,Smith,Female,Tokyo,Japan,Tokyo,Japan,Tokyo,Japan,2024-03-14 02:15:58,Purchase,440.24,AUD,Airbnb,Food & Dining,Payment for bills & utilities,FALSE,9805977128,FMHCYJRH,5906240339,NEHPDQCE,10079.04,10245.31,1,
TXN00000024,CUST006542,Michael,Davis,Female,Berlin,Germany,Berlin,Germany,Berlin,Germany,2024-05-04 18:32:53,Transfer,29,GBP,Netflix,Gas & Fuel,Payment for shopping,FALSE,6563908001,EWJDYBQZ,5408969200,GKXNCLFI,8328.62,7548.41,1,
TXN00002781,CUST002367,Thomas,Hernandez,Female,London,UK,London,UK,London,UK,2024-06-23 14:00:21,Purchase,29.79,GBP,Apple Store,Food & Dining,Payment for electronics,FALSE,1746145570,XGTCKWFJ,6988502611,IJQSDBAD,10661.13,10822.02,1,
TXN00004007,CUST001651,William,Taylor,Male,Mumbai,India,Mumbai,India,Mumbai,India,2024-02-17 02:03:47,Purchase,77.76,CNY,Apple Store,Shopping,Payment for bills & utilities,FALSE,7597278089,LEDJHRIY,3168928092,QCQPFOEO,9228.51,8266.94,1,
TXN00003843,CUST006588,Michael,Brown,Female,Mexico City,Mexico,Mexico City,Mexico,Mexico City,Mexico,2024-10-15 05:23:11,Purchase,494.56,INR,Shell Gas,Travel,Payment for bills & utilities,FALSE,7594975243,ANHZUGRN,6438902585,GYBFTKCL,6360.72,5477.17,1,
TXN00004947,CUST002969,Mia,Lee,Male,Paris,France,Paris,France,London,UK,2024-11-07 13:40:09,Purchase,4737.62,AUD,Apple Store,Electronics,Payment for electronics,FALSE,7715528209,JXTBZNXQ,6337156961,FIEKGJIT,6331.41,6579.95,0,Login from different country than transaction
TXN00004266,CUST006711,James,Martinez,Female,Berlin,Germany,Berlin,Germany,Berlin,Germany,2024-01-12 02:10:38,Purchase,230.59,CNY,Marriott Hotels,Travel,Payment for gas & fuel,TRUE,3759230009,HWWMKUWI,5750318810,LSDWDSWZ,14880.06,14744.38,1,
TXN00002114,CUST008086,Isabella,Martin,Female,Sydney,Australia,Sydney,Australia,Sydney,Australia,2024-09-16 11:41:55,Purchase,197.11,EUR,Target,Bills & Utilities,Payment for shopping,FALSE,2381117308,VGMQXSPP,6549847445,EGWCJJEO,9524.9,9160.1,1,
TXN00001991,CUST001061,Joseph,Brown,Male,Singapore,Singapore,Singapore,Singapore,Singapore,Singapore,2024-06-13 20:26:01,Purchase,458.93,INR,Starbucks,Bills & Utilities,Payment for home & garden,FALSE,2743681651,LJODPTEF,4567504808,RJCAKYVD,4461.62,5284.97,1,
TXN00002376,CUST009098,Robert,Taylor,Female,Berlin,Germany,Berlin,Germany,Berlin,Germany,2025-08-25 03:38:55,Purchase,261.56,CHF,Starbucks,Entertainment,Payment for entertainment,FALSE,6228103194,UYSSVTVE,2998949386,LUCQEFCV,7140.85,6411.5,1,
TXN00002365,CUST002777,Daniel,Williams,Female,Madrid,Spain,Madrid,Spain,Madrid,Spain,2024-10-27 00:41:10,Purchase,481.98,JPY,Starbucks,Travel,Payment for electronics,FALSE,2055296433,DSAURWPG,6164903767,ZUXSIFRP,9024.02,8446.3,1,
TXN00000801,CUST003483,John,Wilson,Female,Shanghai,China,Shanghai,China,Shanghai,China,2025-05-05 17:00:26,Transfer,253.4,CNY,Netflix,Bills & Utilities,Payment for food & dining,FALSE,5603503812,ICPDPUSX,8793797220,RIIUWLOY,13568.06,13803.29,1,
TXN00004008,CUST003917,James,Rodriguez,Female,London,UK,London,UK,London,UK,2024-06-16 15:12:43,Transfer,453.95,CHF,Target,Entertainment,Payment for travel,FALSE,8501848581,PPFMPADW,8614258337,RSZSEOCV,5450.52,5580.53,1,
TXN00003877,CUST009052,Joseph,Brown,Male,Dubai,UAE,Dubai,UAE,Dubai,UAE,2024-01-02 06:31:46,Purchase,172.31,USD,Starbucks,Gas & Fuel,Payment for entertainment,FALSE,9977051414,PYSITHDC,6394980868,JBJHQWTV,5812.6,6126.12,1,
TXN00000789,CUST001397,Robert,Davis,Female,Rome,Italy,Rome,Italy,Rome,Italy,2024-11-25 10:36:34,Purchase,161.07,INR,Amazon,Entertainment,Payment for gas & fuel,FALSE,8573929259,CLVAODNE,4139181202,PPZIQAZQ,13153.6,13437.33,1,
TXN00002429,CUST007373,Michael,Martin,Male,Dubai,UAE,Dubai,UAE,Dubai,UAE,2025-04-11 17:28:59,Transfer,298.21,JPY,Apple Store,Groceries,Payment for entertainment,FALSE,3423043333,OFROPLUI,8610965870,TWIQFARF,7243.23,7221.87,1,
TXN00000241,CUST007211,Richard,Thomas,Female,Berlin,Germany,Berlin,Germany,Berlin,Germany,2024-10-01 12:15:06,Purchase,249.09,CAD,McDonalds,Health & Fitness,Payment for food & dining,FALSE,4179623994,AICZKHFO,4589631241,MUQOLQKR,5617.28,5354.54,1,
TXN00004359,CUST006705,Amelia,Lee,Female,Singapore,Singapore,Singapore,Singapore,Singapore,Singapore,2025-01-29 12:55:46,Purchase,81.6,CNY,Uber,Travel,Payment for groceries,FALSE,1361076430,XXNCDQNA,1890457527,UDVIEQOZ,6576.91,7020.03,1,
TXN00000586,CUST001315,Charlotte,Johnson,Male,New York,USA,New York,USA,New York,USA,2024-07-29 19:25:21,Purchase,67.63,JPY,Marriott Hotels,Entertainment,Payment for health & fitness,FALSE,9642121835,UNSLODRW,7426987901,MNCWBDWQ,12424.36,11825.47,1,
TXN00004061,CUST005302,Richard,Rodriguez,Female,Madrid,Spain,Madrid,Spain,Madrid,Spain,2024-06-14 10:03:16,Transfer,460,EUR,Airbnb,Gas & Fuel,Payment for electronics,FALSE,6875016403,YXUWOCSH,6621305436,OZSKOEEO,14707.29,14458.43,1,
TXN00003401,CUST009894,John,Moore,Male,Berlin,Germany,Berlin,Germany,Berlin,Germany,2025-01-17 07:48:10,Purchase,194.37,CNY,Shell Gas,Bills & Utilities,Payment for electronics,FALSE,2685469666,FSYDPSIW,5214299665,VVIRZPAW,8767.47,9438.6,1,
TXN00002245,CUST003249,Joseph,Lee,Female,Toronto,Canada,Toronto,Canada,Toronto,Canada,2024-11-09 18:36:32,Purchase,136.6,CHF,Whole Foods,Food & Dining,Payment for groceries,FALSE,4456364536,SEFTJPZB,5798761045,IYVLMUNI,5873.48,5096.62,1,
TXN00001499,CUST006206,Michael,Johnson,Female,Singapore,Singapore,Singapore,Singapore,Singapore,Singapore,2024-02-18 21:54:37,Transfer,453.44,CAD,Netflix,Food & Dining,Payment for bills & utilities,FALSE,7391321291,SSRCNWJS,3976192797,JFAPIHEV,9340.72,10051.64,1,
TXN00002308,CUST005454,Sophia,Moore,Male,Dubai,UAE,Dubai,UAE,Dubai,UAE,2025-08-08 00:21:25,Purchase,470.55,CAD,Netflix,Health & Fitness,Payment for food & dining,FALSE,8344554639,ANNQNJQR,2858317266,ETRGZNTL,8925.29,9480.54,1,
TXN00001031,CUST000179,Harper,Wilson,Female,Mexico City,Mexico,Mexico City,Mexico,Mexico City,Mexico,2025-09-23 18:45:01,Purchase,192.69,USD,Whole Foods,Health & Fitness,Payment for entertainment,FALSE,8798711356,LHHKPLSD,4123727216,LPGUFOGE,9789.21,10059.95,1,
TXN00001986,CUST008524,Mia,Lee,Male,London,UK,London,UK,London,UK,2025-09-21 21:39:32,Purchase,297.29,GBP,Delta Airlines,Food & Dining,Payment for electronics,FALSE,4914101768,NWTHUTRP,9322474313,RJHSYVGW,11080.62,12044.51,1,
TXN00001136,CUST009430,Ava,Thomas,Female,Rome,Italy,Rome,Italy,Rome,Italy,2025-05-31 13:38:20,Transfer,460.52,JPY,Best Buy,Groceries,Payment for travel,FALSE,7542226771,PSFKQZLW,5772926764,HHOZWVWL,14396.78,14305.72,1,
TXN00002272,CUST002011,John,Lee,Female,Madrid,Spain,Madrid,Spain,Madrid,Spain,2024-12-19 07:03:33,Purchase,212.26,CNY,Netflix,Health & Fitness,Payment for bills & utilities,FALSE,8379181321,XRVITLUM,5335606101,KQZXBNRY,10436.48,11408.68,1,
TXN00000187,CUST009921,Isabella,Hernandez,Female,Dubai,UAE,Dubai,UAE,Dubai,UAE,2024-05-27 22:44:13,Purchase,82.47,USD,Airbnb,Home & Garden,Payment for entertainment,FALSE,5079356435,XGSQJLKF,1871674241,FQVCIHPT,13922.15,13138.79,1,
TXN00003783,CUST000132,Isabella,Lee,Male,London,UK,London,UK,London,UK,2024-08-12 07:52:56,Purchase,26.57,INR,Amazon,Electronics,Payment for groceries,FALSE,4873618580,DMJWDNRZ,4657788750,OWDLDEJJ,14491.35,13867.92,1,
TXN00004204,CUST002804,Ava,Wilson,Female,Rome,Italy,Rome,Italy,Rome,Italy,2024-05-01 22:25:16,Transfer,427.38,GBP,Amazon,Electronics,Payment for gas & fuel,FALSE,7707152630,IEVQQZZX,1182340935,UQINFOHT,6402.28,6142.58,1,
TXN00002842,CUST002575,David,Hernandez,Male,Mumbai,India,Mumbai,India,Mumbai,India,2025-03-13 17:18:43,Transfer,32.33,CAD,Marriott Hotels,Travel,Payment for health & fitness,FALSE,1244832066,ROFMLRBC,6381584727,VXGTMZCG,10360.18,11283.54,1,
TXN00004395,CUST006627,Sophia,Johnson,Female,Tokyo,Japan,Tokyo,Japan,Tokyo,Japan,2024-01-24 15:00:19,Purchase,98.94,USD,Target,Bills & Utilities,Payment for gas & fuel,FALSE,8443529505,AQGCKSID,4100790348,MXVJLNVC,15177.73,14971.95,1,
TXN00000176,CUST005664,Mia,Anderson,Female,Berlin,Germany,Berlin,Germany,Berlin,Germany,2024-10-28 04:32:29,Purchase,127.38,EUR,Marriott Hotels,Bills & Utilities,Payment for groceries,FALSE,1896401380,GMKCESUQ,8065983145,CYYEATHV,10116.37,9542.61,1,
TXN00003260,CUST009083,Robert,Thomas,Male,Singapore,Singapore,Singapore,Singapore,Singapore,Singapore,2024-01-18 15:34:15,Transfer,80.1,CNY,Uber,Health & Fitness,Payment for entertainment,FALSE,9727923357,BQXXHZCC,7409671365,TWFKXSAI,12597.49,11983.34,1,
TXN00004587,CUST005058,Olivia,Johnson,Male,Tokyo,Japan,Tokyo,Japan,Tokyo,Japan,2024-09-17 07:50:00,Purchase,366.35,USD,Whole Foods,Bills & Utilities,Payment for groceries,FALSE,2013394813,IMYCBNMR,8839591659,JTNVUKBS,8201.51,7618.7,1,
TXN00001272,CUST006980,Evelyn,Williams,Female,Madrid,Spain,Madrid,Spain,Madrid,Spain,2024-11-10 05:02:39,Transfer,286.77,USD,McDonalds,Groceries,Payment for gas & fuel,FALSE,1365050127,TBAFYLZB,8129708673,EFAVRCZJ,13629.4,13574.28,1,
TXN00004588,CUST008583,John,Anderson,Female,Paris,France,Paris,France,Paris,France,2024-02-06 18:22:19,Purchase,45.06,CAD,Best Buy,Gas & Fuel,Payment for groceries,FALSE,2214656592,LPOHMODN,5042678873,QYWCHGLR,9840.43,10733.63,1,
TXN00000134,CUST009300,Evelyn,Moore,Male,Mumbai,India,Mumbai,India,Mumbai,India,2025-03-25 12:43:40,Purchase,56.95,CAD,Marriott Hotels,Shopping,Payment for shopping,FALSE,9157884776,QVTYTOQT,7035731994,AEUDMOKF,14430.86,14339.13,1,
TXN00003832,CUST005808,Robert,Wilson,Male,Rome,Italy,Rome,Italy,Rome,Italy,2024-08-03 20:52:55,Transfer,379.8,USD,Amazon,Bills & Utilities,Payment for health & fitness,FALSE,3735387335,AVPWWSFB,9691321561,INEJKLKQ,5608.81,6213.69,1,
TXN00003780,CUST002049,Thomas,Jones,Female,Rome,Italy,Rome,Italy,Rome,Italy,2024-08-16 02:34:12,Transfer,199.49,AUD,Home Depot,Groceries,Payment for home & garden,FALSE,3700092926,KBUVMOME,5956561172,TRRJFUBJ,7623.18,7696.01,1,
TXN00004603,CUST001623,William,Smith,Male,Mumbai,India,Mumbai,India,Mumbai,India,2024-07-02 00:57:15,Transfer,57.51,GBP,Walmart,Groceries,Payment for health & fitness,FALSE,4818216023,XCVMVPKG,3683768352,ZAFMOBFN,13018.7,12138.79,1,
TXN00003017,CUST006581,Harper,Jones,Male,Mumbai,India,Mumbai,India,Mumbai,India,2024-04-08 02:11:54,Transfer,27.77,INR,McDonalds,Food & Dining,Payment for gas & fuel,FALSE,7019549025,JCOJZAFU,6158980542,XSZRZTST,5139.19,5108.9,1,
TXN00004337,CUST001522,Emma,Miller,Female,Rome,Italy,Rome,Italy,Rome,Italy,2024-10-06 01:12:45,Purchase,38.58,CNY,Starbucks,Groceries,Payment for electronics,FALSE,4456214290,DZANDAYC,6190589854,GDFXFCIR,13117.42,12584.28,1,
TXN00000248,CUST002393,Isabella,Smith,Female,Mumbai,India,Mumbai,India,Mumbai,India,2025-02-07 13:14:17,Transfer,305.3,CHF,Marriott Hotels,Health & Fitness,Payment for health & fitness,FALSE,7072545125,QGAVHGHJ,7586093033,EOPYDELU,5373.11,5858.51,1,
TXN00001597,CUST009679,Joseph,Smith,Male,São Paulo,Brazil,São Paulo,Brazil,São Paulo,Brazil,2024-02-16 21:36:01,Purchase,311.44,INR,Amazon,Travel,Payment for bills & utilities,FALSE,4040195696,YMQPGURB,7987361967,VYWNYRJE,6747.66,7390.59,1,
TXN00004084,CUST000121,Robert,Thomas,Female,Sydney,Australia,Sydney,Australia,Sydney,Australia,2024-05-30 14:01:56,Purchase,75.67,CNY,Best Buy,Shopping,Payment for electronics,TRUE,7820454133,VYALJYRM,1376180729,AIEXRIWO,11315.44,11365.28,1,
TXN00002537,CUST000759,Harper,Miller,Female,São Paulo,Brazil,São Paulo,Brazil,São Paulo,Brazil,2025-03-22 00:20:08,Purchase,392.2,JPY,Airbnb,Food & Dining,Payment for bills & utilities,TRUE,7448244612,FGUMPUJX,2026728879,ZVHFCOLE,13742.64,13173.27,1,
TXN00004521,CUST009303,Richard,Wilson,Male,London,UK,London,UK,London,UK,2024-07-21 22:15:49,Transfer,458.01,JPY,Walmart,Electronics,Payment for entertainment,FALSE,7609912876,CPTZJCOZ,2406476772,MFLDVRZW,12242.16,12142.27,1,
TXN00000037,CUST009782,Mia,Anderson,Male,Dubai,UAE,Dubai,UAE,Dubai,UAE,2024-07-31 12:56:25,Purchase,41.63,CNY,Home Depot,Bills & Utilities,Payment for gas & fuel,FALSE,1983295097,LLWMUZXP,9891200542,KEPZMSVY,12376.46,11965.28,1,
TXN00000606,CUST002158,Thomas,Johnson,Male,Mexico City,Mexico,Mexico City,Mexico,Mexico City,Mexico,2024-01-27 17:48:57,Transfer,19.18,AUD,Amazon,Shopping,Payment for travel,FALSE,3833287842,BVNEJOIN,8140644540,XOSVTNON,9533.79,9102.31,1,
TXN00003544,CUST001969,Daniel,Martin,Male,Tokyo,Japan,Tokyo,Japan,Tokyo,Japan,2025-07-31 02:19:00,Purchase,251.4,CAD,Uber,Health & Fitness,Payment for electronics,FALSE,2129308273,NYTAJCQF,9105125451,LJWXPTUZ,5886.67,6647.09,1,
TXN00002006,CUST000750,Robert,Jackson,Female,Berlin,Germany,Berlin,Germany,Berlin,Germany,2025-03-07 16:24:21,Transfer,466.75,CHF,Netflix,Health & Fitness,Payment for entertainment,FALSE,7032920352,XKRFPGUB,8925875243,FLPGWKPS,5478.03,5294.11,1,
TXN00003536,CUST001125,Olivia,Miller,Male,London,UK,London,UK,London,UK,2025-01-18 12:33:08,Purchase,383.63,INR,Marriott Hotels,Food & Dining,Payment for groceries,FALSE,8213371553,NFJXMJRH,6531912860,OGMQKRBO,11326.44,11560.82,1,
TXN00002816,CUST009981,Olivia,Lee,Female,Shanghai,China,Shanghai,China,Shanghai,China,2024-05-19 13:32:40,Transfer,94.55,AUD,Amazon,Electronics,Payment for gas & fuel,FALSE,1261546433,UXTZVGEJ,8805626997,GPMHHYXQ,6020.54,6323.11,1,
TXN00000643,CUST000496,Mia,Hernandez,Female,New York,USA,New York,USA,New York,USA,2024-03-16 06:29:53,Purchase,80.8,INR,Shell Gas,Shopping,Payment for food & dining,FALSE,7609682662,THFGYGBA,8891129713,LGDPODCT,10930.05,9997.62,1,
TXN00002164,CUST002360,William,Thomas,Female,Dubai,UAE,Dubai,UAE,Dubai,UAE,2025-05-01 03:35:53,Purchase,80.51,CAD,McDonalds,Gas & Fuel,Payment for food & dining,FALSE,2220047157,TTOGVABA,5101287987,KWEFUJKA,12372.07,13128.79,1,
TXN00001039,CUST004502,Thomas,Lopez,Female,Mexico City,Mexico,Mexico City,Mexico,Mexico City,Mexico,2024-01-09 11:31:28,Purchase,285.65,GBP,Target,Electronics,Payment for bills & utilities,FALSE,4119686465,QCWCXBZX,4339713192,DIUHNMFG,8190.28,8465.18,1,
TXN00000488,CUST009885,Olivia,Lopez,Female,Sydney,Australia,Sydney,Australia,Sydney,Australia,2024-12-29 10:41:21,Purchase,94.29,AUD,Target,Shopping,Payment for travel,FALSE,8266101001,LXZADDXA,8808307620,BXPBIOWW,10072.53,9852,1,
TXN00003946,CUST001043,William,Wilson,Female,Sydney,Australia,Sydney,Australia,Sydney,Australia,2025-02-16 07:47:04,Transfer,174.96,CHF,Starbucks,Groceries,Payment for home & garden,TRUE,4405050931,LZSPMHLJ,4367087984,KCGSTQIU,7905.06,8801.27,1,
TXN00001386,CUST005781,Harper,Jones,Female,Madrid,Spain,Madrid,Spain,Madrid,Spain,2025-07-29 00:50:12,Purchase,182.82,EUR,Amazon,Shopping,Payment for travel,FALSE,8671721555,SBOWWCJW,3811671500,JZLDHWDV,5901.9,6880.55,1,
TXN00001198,CUST003721,Joseph,Jones,Male,Shanghai,China,Shanghai,China,Shanghai,China,2025-08-21 00:16:48,Purchase,36.21,USD,Target,Home & Garden,Payment for electronics,FALSE,3082248641,YISGPTTS,1959673341,XZBNLPBI,11123.72,10804.87,1,
TXN00001043,CUST004816,Sophia,Garcia,Male,Sydney,Australia,Sydney,Australia,Sydney,Australia,2024-07-11 00:32:53,Purchase,22.76,CNY,Amazon,Shopping,Payment for electronics,FALSE,9974107531,DDGCBTQM,3134179980,NUNXNORU,7758.4,6867.47,1,
TXN00001442,CUST005528,Evelyn,Thomas,Female,Sydney,Australia,Sydney,Australia,Sydney,Australia,2025-03-13 10:15:14,Purchase,134.96,AUD,Target,Bills & Utilities,Payment for travel,FALSE,7951540383,LUHCSEXW,6300980106,LUAHCSQX,13364.8,12634.03,1,
TXN00000555,CUST004885,James,Brown,Male,Mexico City,Mexico,Mexico City,Mexico,Mexico City,Mexico,2024-01-01 07:24:33,Purchase,57.82,JPY,Netflix,Groceries,Payment for entertainment,FALSE,5082740006,DCQBHMKM,5621712852,KEDWUWUI,8924.34,7943.45,1,
TXN00004136,CUST003963,Sophia,Anderson,Male,London,UK,London,UK,London,UK,2024-09-07 03:54:54,Purchase,220.77,USD,Amazon,Electronics,Payment for home & garden,FALSE,9959278575,NEKQQZID,6750835119,RWFWNVXK,7449,8320.66,1,
TXN00001326,CUST000191,Robert,Williams,Male,Toronto,Canada,Toronto,Canada,Toronto,Canada,2024-09-15 20:16:21,Purchase,274.17,CHF,Home Depot,Groceries,Payment for electronics,FALSE,4589758319,PDMJAVMU,8839703624,PDKGWVKR,10060.2,9242.87,1,
TXN00000261,CUST002303,James,Hernandez,Female,New York,USA,New York,USA,New York,USA,2024-10-10 14:13:59,Purchase,407.46,USD,Apple Store,Groceries,Payment for food & dining,FALSE,8533472022,CCPBNPGP,4925342827,MMGBCBTO,14367.81,13503.74,1,
TXN00004647,CUST003784,Ava,Rodriguez,Male,Tokyo,Japan,Tokyo,Japan,Tokyo,Japan,2024-04-03 00:25:09,Purchase,309.51,CHF,Walmart,Travel,Payment for bills & utilities,FALSE,6990591789,PVHGKWZL,9205774731,WXBCVATP,13694.36,13948.96,1,
TXN00002772,CUST008943,James,Hernandez,Female,São Paulo,Brazil,São Paulo,Brazil,São Paulo,Brazil,2025-02-22 06:01:37,Purchase,471.23,CHF,Marriott Hotels,Health & Fitness,Payment for travel,FALSE,8845458340,UXMDJTRC,3101327882,DKPNZGMD,10423.16,10371.51,1,
TXN00002944,CUST004325,Michael,Martinez,Female,Tokyo,Japan,Tokyo,Japan,Tokyo,Japan,2025-09-21 08:35:13,Purchase,111.64,INR,Target,Food & Dining,Payment for groceries,FALSE,9716117758,WDQSKJVX,1479766983,TWKICKHP,9835.41,10364.7,1,
TXN00002402,CUST008179,Isabella,Taylor,Female,Dubai,UAE,Dubai,UAE,Dubai,UAE,2025-02-01 16:32:25,Purchase,186.22,USD,McDonalds,Food & Dining,Payment for health & fitness,FALSE,8492974796,DNYXOSFE,7918467254,BWQIHYFH,14550.27,14162.72,1,
TXN00000529,CUST003362,Harper,Rodriguez,Female,Rome,Italy,Rome,Italy,Rome,Italy,2025-02-16 04:47:04,Purchase,42.99,INR,Walmart,Gas & Fuel,Payment for entertainment,FALSE,8359064808,ZUPAFPBU,2107549284,CHPPORFZ,6969.99,7879.57,1,
TXN00004511,CUST005470,Evelyn,Moore,Male,Rome,Italy,Rome,Italy,Rome,Italy,2024-03-26 09:35:35,Purchase,37.13,AUD,Marriott Hotels,Bills & Utilities,Payment for groceries,FALSE,6015793341,ITNZZGPO,3039268628,BNWPKGZF,11150.17,11501.99,1,
TXN00000784,CUST004521,Joseph,Moore,Female,São Paulo,Brazil,São Paulo,Brazil,São Paulo,Brazil,2024-09-08 15:42:08,Transfer,507.57,JPY,Marriott Hotels,Electronics,Payment for bills & utilities,FALSE,4620058217,TUUNQKDS,3112322945,GDETEQJJ,10740.04,11059.69,1,
TXN00001310,CUST000500,Michael,Brown,Male,Shanghai,China,Shanghai,China,Shanghai,China,2024-12-13 05:58:58,Purchase,322.48,USD,Target,Home & Garden,Payment for shopping,FALSE,8051936647,LDLANWDX,7520122087,UIANRPFS,4461.71,5315.43,1,
TXN00004177,CUST006696,Harper,Lopez,Male,Paris,France,Paris,France,Paris,France,2024-03-07 12:23:49,Transfer,359.28,JPY,Best Buy,Bills & Utilities,Payment for bills & utilities,FALSE,1838324993,APIQOKRS,6125864016,HVMIYGOH,9844.31,9012.52,1,
TXN00004196,CUST004300,Michael,Anderson,Male,Singapore,Singapore,Singapore,Singapore,Singapore,Singapore,2025-07-02 19:33:28,Purchase,194.8,CAD,Netflix,Shopping,Payment for food & dining,FALSE,5737159366,SNRGOHIM,5558865549,JJVLUQPQ,14155.17,13911.87,1,
TXN00001113,CUST002344,Thomas,Rodriguez,Female,Shanghai,China,Shanghai,China,Shanghai,China,2024-08-21 07:53:36,Transfer,167.51,AUD,Shell Gas,Entertainment,Payment for bills & utilities,TRUE,6861012476,TUTMMVGW,3902787221,LPJKUMVQ,14440.64,13653.07,1,
TXN00003817,CUST006029,William,Moore,Male,Berlin,Germany,Berlin,Germany,Berlin,Germany,2025-04-03 07:46:38,Transfer,68.27,CNY,Starbucks,Shopping,Payment for shopping,FALSE,1528216746,QDNPQFPB,2468258092,HGTXPRYD,7456.3,6971.95,1,
TXN00004914,CUST003900,Sophia,Lopez,Male,Singapore,Singapore,Singapore,Singapore,London,UK,2025-04-02 12:33:26,Purchase,2561.65,CHF,Home Depot,Travel,Payment for bills & utilities,TRUE,9806711054,HXUFXJBW,5080486047,OGZCDENK,9424.64,9179.52,0,High amount compared to usual
TXN00000674,CUST006138,Charlotte,Jackson,Female,Dubai,UAE,Dubai,UAE,Dubai,UAE,2024-05-21 20:24:55,Purchase,359.79,EUR,Airbnb,Food & Dining,Payment for travel,TRUE,3073089430,DZFRWLDY,3580535606,MERZZGID,15564.99,14790.31,1,
TXN00001454,CUST000447,Harper,Garcia,Female,Toronto,Canada,Toronto,Canada,Toronto,Canada,2025-05-06 05:19:27,Purchase,12.98,CAD,Target,Gas & Fuel,Payment for food & dining,FALSE,1627126653,GMAZBOJB,4759997996,ZMMTSUAP,13045.03,13627.58,1,
TXN00004769,CUST002120,William,Miller,Female,Mexico City,Mexico,Mexico City,Mexico,Mexico City,Mexico,2024-04-19 04:49:33,Purchase,2937.99,GBP,Marriott Hotels,Groceries,Payment for groceries,FALSE,1180070572,PZPQPBKK,1719968304,HSTXACHZ,6555.52,6602.1,0,High amount compared to usual
TXN00003681,CUST007441,Daniel,Moore,Male,Rome,Italy,Rome,Italy,Rome,Italy,2024-04-03 17:12:01,Purchase,173.7,CNY,Delta Airlines,Gas & Fuel,Payment for electronics,TRUE,2963079338,ZDDSIMAE,6005828868,UAQFFSNV,11299.59,10712.92,1,
TXN00002511,CUST008964,Mia,Lee,Female,Singapore,Singapore,Singapore,Singapore,Singapore,Singapore,2025-01-15 13:46:37,Purchase,419.54,EUR,Uber,Home & Garden,Payment for food & dining,FALSE,7406377059,PXELRZLP,1597119781,PQJKAOPA,7635.65,7321.28,1,
TXN00004916,CUST002511,Thomas,Thomas,Male,Paris,France,Mumbai,India,Madrid,Spain,2024-12-24 18:00:06,Purchase,1978.29,CNY,Walmart,Travel,Payment for home & garden,FALSE,4450801407,IWZAXKQX,4513784072,DOOOYFXG,12467.37,12840.46,0,Known fraudulent merchant
TXN00003058,CUST002822,Sophia,Brown,Female,Sydney,Australia,Sydney,Australia,Sydney,Australia,2024-02-16 21:38:38,Transfer,68.65,EUR,Home Depot,Entertainment,Payment for electronics,FALSE,5052920101,ZHPYSKSM,9519695980,INCJQWGA,8821.91,9426.2,1,
TXN00001143,CUST004389,Olivia,Smith,Female,New York,USA,New York,USA,New York,USA,2025-01-01 22:16:19,Purchase,455.76,GBP,Uber,Home & Garden,Payment for electronics,FALSE,1876615940,OIPMZXKH,6925700869,EYYLJVDA,9329.49,9407.56,1,
TXN00004758,CUST003664,Sophia,Jones,Female,Tokyo,Japan,Mexico City,Mexico,São Paulo,Brazil,2024-01-27 02:19:25,Transfer,4208.65,JPY,Home Depot,Entertainment,Payment for electronics,FALSE,8187660582,IJAKAOOS,7935530526,VVEGSUXC,10008.1,10232.69,0,Account takeover suspected
TXN00003668,CUST004282,Olivia,Anderson,Male,Singapore,Singapore,Singapore,Singapore,Singapore,Singapore,2024-07-01 00:25:00,Purchase,53.63,CAD,Shell Gas,Gas & Fuel,Payment for travel,FALSE,4670587952,HWFXHPXS,3465046765,IHICFCKO,9980.24,9159.43,1,
TXN00001752,CUST001522,John,Martinez,Male,Paris,France,Paris,France,Paris,France,2024-03-06 16:47:40,Transfer,132.84,CNY,Airbnb,Electronics,Payment for groceries,FALSE,5133114254,QBRRCANM,6262103988,XWTLNGXC,8925.98,9748.54,1,
TXN00002394,CUST003415,Thomas,Miller,Female,Rome,Italy,Rome,Italy,Rome,Italy,2025-05-17 06:07:01,Purchase,129.29,JPY,Delta Airlines,Health & Fitness,Payment for shopping,FALSE,6453414616,VWPYSAJB,8503020111,LYKNIEHG,4211.74,5111.41,1,
TXN00003554,CUST003251,Amelia,Martinez,Female,Toronto,Canada,Toronto,Canada,Toronto,Canada,2024-11-29 03:43:01,Purchase,76.8,CAD,Netflix,Shopping,Payment for home & garden,FALSE,3277911301,UGBNAFTE,4657566975,LSUYMIIW,11936.78,12190.37,1,
TXN00002871,CUST007910,James,Johnson,Female,Mumbai,India,Mumbai,India,Mumbai,India,2024-06-05 10:10:07,Transfer,491.49,CHF,Uber,Electronics,Payment for gas & fuel,FALSE,6723885638,UMUANMBT,3152341776,RGJPDUXV,8045.21,7968.03,1,
TXN00000994,CUST006012,Emma,Jackson,Male,Paris,France,Paris,France,Paris,France,2024-12-13 11:40:51,Transfer,424.61,INR,Best Buy,Entertainment,Payment for travel,FALSE,9523988631,JJUQRLUU,5776336761,ZMIQVMZP,10434.17,10366.76,1,
TXN00000195,CUST005892,Charlotte,Jackson,Male,Singapore,Singapore,Singapore,Singapore,Singapore,Singapore,2025-01-18 19:30:33,Purchase,313.64,GBP,Whole Foods,Health & Fitness,Payment for gas & fuel,FALSE,8040939095,XWKKZQAW,8010668976,MVTRRZDL,6254.77,5764.54,1,
TXN00000188,CUST008490,Emma,Taylor,Male,London,UK,London,UK,London,UK,2025-05-19 14:41:41,Transfer,406.17,INR,Home Depot,Entertainment,Payment for home & garden,FALSE,4194701539,AVAINXSF,3720168502,FHATMWWB,7849.81,7430.77,1,
TXN00001607,CUST000686,Evelyn,Lopez,Male,Shanghai,China,Shanghai,China,Shanghai,China,2024-06-25 17:22:59,Purchase,456.21,CNY,Airbnb,Health & Fitness,Payment for gas & fuel,FALSE,1570285196,TJEHPXGO,9622169314,VNMHTWBW,8962.19,8723.79,1,
TXN00000120,CUST009833,John,Anderson,Male,London,UK,London,UK,London,UK,2024-04-01 21:14:37,Transfer,334.47,USD,Home Depot,Gas & Fuel,Payment for electronics,FALSE,2920360026,VWSMXYNB,8272742424,LGAOCCKC,13697.91,13318.48,1,
TXN00003412,CUST001566,Mia,Hernandez,Female,São Paulo,Brazil,São Paulo,Brazil,São Paulo,Brazil,2025-03-26 06:18:08,Purchase,386.33,CNY,Apple Store,Food & Dining,Payment for home & garden,FALSE,6529971997,UKLNKLRP,9631711003,YXXYNEVJ,12683.9,13236.86,1,
TXN00003933,CUST004980,John,Johnson,Male,Mumbai,India,Mumbai,India,Mumbai,India,2024-05-29 13:56:47,Purchase,382.85,GBP,Amazon,Bills & Utilities,Payment for groceries,FALSE,4199516471,BXOMLCPM,9626040065,ANCQNXXV,4986.7,5978.01,1,
TXN00000266,CUST004139,John,Davis,Male,Dubai,UAE,Dubai,UAE,Dubai,UAE,2024-06-06 06:31:18,Transfer,386.74,CHF,Apple Store,Electronics,Payment for travel,FALSE,6833005074,ROPXMQAC,5206057154,KXFKHTAR,7281.23,7531.78,1,
TXN00003301,CUST002565,Michael,Rodriguez,Female,Mexico City,Mexico,Mexico City,Mexico,Mexico City,Mexico,2025-03-24 01:57:50,Transfer,112.08,JPY,Shell Gas,Gas & Fuel,Payment for electronics,FALSE,4843980016,WJQYUITF,4836128475,GVOESWJY,6625.6,6023.87,1,
TXN00004123,CUST004021,Harper,Wilson,Male,Tokyo,Japan,Tokyo,Japan,Tokyo,Japan,2025-01-23 02:43:57,Purchase,277.55,INR,Marriott Hotels,Home & Garden,Payment for home & garden,FALSE,5466837307,CBBHPRDP,3431348388,DVIZTZOF,13013.89,13713.98,1,
TXN00002285,CUST002958,Joseph,Miller,Male,Singapore,Singapore,Singapore,Singapore,Singapore,Singapore,2024-07-11 15:54:07,Purchase,329.89,CHF,Home Depot,Entertainment,Payment for groceries,FALSE,5388356544,VVNGGEHJ,5721474952,MGJTQMKU,10070.86,9923.97,1,
TXN00003889,CUST009933,Sophia,Martinez,Female,Tokyo,Japan,Tokyo,Japan,Tokyo,Japan,2024-09-19 07:28:57,Purchase,393.82,AUD,Netflix,Shopping,Payment for gas & fuel,FALSE,3310188946,PXASDGOV,7560778729,QHWFABNI,12834.64,12856.85,1,
TXN00000281,CUST009902,Robert,Miller,Male,São Paulo,Brazil,São Paulo,Brazil,São Paulo,Brazil,2025-05-06 03:30:46,Transfer,427.04,CAD,Shell Gas,Bills & Utilities,Payment for travel,FALSE,8400807085,QHUXGDNE,4483361021,XHYRWGMR,5169.52,5720.29,1,
TXN00000143,CUST009064,Evelyn,Jones,Male,São Paulo,Brazil,São Paulo,Brazil,São Paulo,Brazil,2024-05-16 21:17:16,Transfer,379.82,GBP,Apple Store,Travel,Payment for health & fitness,FALSE,6402302596,MXZXOPMH,4231493671,TOIRXOAT,9334.69,8676.58,1,
TXN00001837,CUST001552,Michael,Thomas,Male,Singapore,Singapore,Singapore,Singapore,Singapore,Singapore,2024-12-08 03:37:00,Purchase,379.34,INR,Marriott Hotels,Gas & Fuel,Payment for bills & utilities,FALSE,3411255434,XUJUJVMH,7709888692,YURDPVIL,14024.78,13465.39,1,
TXN00001317,CUST001239,Evelyn,Williams,Female,Singapore,Singapore,Singapore,Singapore,Singapore,Singapore,2025-09-04 20:34:26,Purchase,107.24,CAD,Uber,Travel,Payment for electronics,FALSE,8894195253,TKFBSCWI,9265788609,YREFZIWB,5948.32,6374.69,1,
TXN00002256,CUST001723,James,Miller,Male,Singapore,Singapore,Singapore,Singapore,Singapore,Singapore,2025-06-27 00:33:49,Purchase,371.97,JPY,Netflix,Bills & Utilities,Payment for groceries,FALSE,9409137143,DAGUYPPN,1242538347,EQLQSTUD,5558.58,5804.08,1,
TXN00004124,CUST004402,Ava,Williams,Male,Toronto,Canada,Toronto,Canada,Toronto,Canada,2025-02-10 13:25:12,Purchase,141.59,CNY,McDonalds,Electronics,Payment for food & dining,FALSE,5761077130,YJZOQIQU,4072139999,NFZUJBTB,8310.49,8611.3,1,
TXN00001441,CUST006691,Richard,Thomas,Female,Mexico City,Mexico,Mexico City,Mexico,Mexico City,Mexico,2025-09-09 19:15:24,Transfer,194.74,CAD,Apple Store,Gas & Fuel,Payment for home & garden,FALSE,9309020278,BMWGFOQM,8348751727,KWWADEQG,11171.4,11022.54,1,
TXN00003442,CUST008865,Mia,Johnson,Male,Toronto,Canada,Toronto,Canada,Toronto,Canada,2024-05-26 02:13:37,Purchase,382.4,AUD,Marriott Hotels,Bills & Utilities,Payment for travel,FALSE,2986147563,SKNBZKYX,5537682393,URFBKIEN,12700.94,12773.04,1,
TXN00001165,CUST001130,Harper,Hernandez,Female,Toronto,Canada,Toronto,Canada,Toronto,Canada,2024-10-29 12:55:43,Transfer,155.99,CHF,Amazon,Health & Fitness,Payment for health & fitness,FALSE,3335812529,HKLWJERV,7250054274,YOTDRMRA,10064.35,9079.36,1,
TXN00002314,CUST006798,Richard,Miller,Female,Dubai,UAE,Dubai,UAE,Dubai,UAE,2024-03-08 08:21:30,Transfer,496.93,CAD,Apple Store,Travel,Payment for groceries,FALSE,4767115277,EFEIZMXQ,1325307212,XLPTDNOI,14982.1,14916.15,1,
TXN00004088,CUST001507,Charlotte,Wilson,Male,Berlin,Germany,Berlin,Germany,Berlin,Germany,2025-02-19 13:14:28,Purchase,323.09,CAD,Shell Gas,Gas & Fuel,Payment for electronics,FALSE,5842707701,XPTEOSGI,9221132220,XNAPRJKD,9721,9364.67,1,
TXN00000337,CUST006304,James,Martinez,Male,Shanghai,China,Shanghai,China,Shanghai,China,2024-12-16 00:28:22,Purchase,334.81,JPY,Starbucks,Shopping,Payment for gas & fuel,FALSE,3031837546,TZJOQUVL,5221921203,CVAOYBPB,13887.12,14775.38,1,
TXN00004835,CUST003219,Michael,Garcia,Female,Rome,Italy,Rome,Italy,Tokyo,Japan,2025-05-21 20:06:06,Transfer,2744.08,CAD,Target,Health & Fitness,Payment for entertainment,FALSE,4830361244,OPXBRMWJ,7916476403,LADGQZEE,9414.36,9921.62,0,Account takeover suspected
TXN00001450,CUST000299,John,Jones,Male,Toronto,Canada,Toronto,Canada,Toronto,Canada,2024-09-16 18:01:04,Purchase,375.13,USD,Home Depot,Groceries,Payment for gas & fuel,FALSE,1517493413,OHVVUPFM,2785408647,KGCHRDRD,12227.76,13090.92,1,
TXN00001448,CUST003304,Mia,Lee,Female,Paris,France,Paris,France,Paris,France,2024-10-06 19:51:40,Purchase,185.3,EUR,Netflix,Bills & Utilities,Payment for home & garden,TRUE,5763865536,UNJJPQAU,2863247961,TCOHBYYM,8260.01,8290.1,1,
TXN00003529,CUST006088,Thomas,Martin,Male,Mexico City,Mexico,Mexico City,Mexico,Mexico City,Mexico,2024-12-30 09:06:42,Purchase,46.66,GBP,McDonalds,Groceries,Payment for home & garden,FALSE,7612015822,CNTOWLZB,8424639093,QORZDWSW,13929.31,13216.34,1,
TXN00000785,CUST004038,Charlotte,Hernandez,Male,New York,USA,New York,USA,New York,USA,2025-04-24 15:12:26,Purchase,20.98,CAD,Uber,Groceries,Payment for groceries,FALSE,9598657632,KVZJYRIT,2157296783,EWLLJRAH,11004.52,10374.27,1,
TXN00001129,CUST001740,Michael,Lee,Female,Rome,Italy,Rome,Italy,Rome,Italy,2024-05-25 04:49:47,Purchase,213.87,CHF,Target,Gas & Fuel,Payment for groceries,FALSE,9987172330,RSLEFWNT,2652555188,JWHFIUXH,5590.2,5418.69,1,
TXN00002844,CUST000326,Richard,Jones,Female,Singapore,Singapore,Singapore,Singapore,Singapore,Singapore,2025-07-02 03:14:33,Transfer,495.81,USD,Netflix,Entertainment,Payment for electronics,FALSE,8600124149,OQZBWION,6677210446,UCOGZUJJ,13283.11,14025.34,1,
TXN00000097,CUST007160,Daniel,Martinez,Female,Rome,Italy,Rome,Italy,Rome,Italy,2024-10-30 20:33:43,Purchase,210.47,CAD,Apple Store,Home & Garden,Payment for home & garden,FALSE,7360471840,QYZGUPSW,7180702200,JYWEPBKT,10472.93,10177.77,1,
TXN00003377,CUST003357,Ava,Moore,Male,Toronto,Canada,Toronto,Canada,Toronto,Canada,2025-03-15 07:53:22,Transfer,436.5,CNY,Best Buy,Groceries,Payment for shopping,FALSE,2691835545,PVCRYBWR,6951335635,DWJZPXHO,9340.27,9903.09,1,
TXN00001402,CUST001075,Robert,Taylor,Female,Paris,France,Paris,France,Paris,France,2024-01-08 01:21:17,Purchase,293.97,CNY,McDonalds,Travel,Payment for shopping,FALSE,1102681427,PTSPLFCR,7266207864,UCCHPRZE,6455.02,7385.26,1,
TXN00002036,CUST004755,James,Jones,Male,Paris,France,Paris,France,Paris,France,2025-05-20 18:46:31,Purchase,318.72,CHF,Best Buy,Electronics,Payment for electronics,FALSE,8139288963,XYNNMSAD,9956040547,TJQJGTOX,11983.15,11106.67,1,
TXN00004425,CUST000454,John,Moore,Female,Rome,Italy,Rome,Italy,Rome,Italy,2025-01-08 00:02:50,Purchase,298.37,INR,McDonalds,Bills & Utilities,Payment for entertainment,FALSE,2445465454,HOAZZKUT,7324980111,XOZPCXRL,12194.45,11899.38,1,
TXN00000114,CUST006442,Evelyn,Anderson,Male,London,UK,London,UK,London,UK,2025-02-07 22:13:55,Purchase,51.14,JPY,Best Buy,Groceries,Payment for gas & fuel,FALSE,4801078330,SYGIIVMS,5770341232,YMLYETRL,9487.13,9981.09,1,
TXN00002714,CUST007680,Isabella,Smith,Female,London,UK,London,UK,London,UK,2025-03-14 20:01:54,Transfer,244.97,INR,Best Buy,Gas & Fuel,Payment for groceries,TRUE,2255681384,TBTRTVNJ,3288477523,AZODYUQY,10177.66,10382.52,1,
TXN00003348,CUST008062,Robert,Moore,Female,Shanghai,China,Shanghai,China,Shanghai,China,2025-01-16 20:46:41,Purchase,309.89,JPY,Marriott Hotels,Home & Garden,Payment for travel,FALSE,5212249783,WXKALNAQ,9203186845,EAHMRBXG,7132.93,7019.06,1,
TXN00002829,CUST008637,Amelia,Johnson,Female,Madrid,Spain,Madrid,Spain,Madrid,Spain,2024-07-12 18:15:03,Purchase,370.09,USD,Whole Foods,Bills & Utilities,Payment for travel,FALSE,5496508803,VLTRJCAA,6909624937,IODLUGKG,9507.26,10237.87,1,
TXN00000715,CUST004873,Michael,Thomas,Female,Tokyo,Japan,Tokyo,Japan,Tokyo,Japan,2025-05-04 23:07:12,Purchase,40.21,JPY,Target,Food & Dining,Payment for health & fitness,FALSE,7663300249,VNHIITIX,3346937075,PLOVABDQ,11910.96,11564.93,1,
TXN00004429,CUST003624,Michael,Brown,Male,Rome,Italy,Rome,Italy,Rome,Italy,2024-11-11 14:01:38,Purchase,359.83,CHF,Walmart,Travel,Payment for gas & fuel,FALSE,7826178726,AFQBJZDX,3091084238,SUMJVJVL,5026.17,5166.63,1,
TXN00004873,CUST007928,Evelyn,Brown,Male,Paris,France,Paris,France,Paris,France,2025-01-21 09:14:23,Purchase,1351.09,USD,Walmart,Health & Fitness,Payment for travel,FALSE,2492663922,VAKANHAD,1448675818,UVFPQNHE,5173.45,5434.41,0,Known fraudulent merchant
TXN00002693,CUST000936,Joseph,Martinez,Female,Paris,France,Paris,France,Paris,France,2024-10-25 21:23:58,Purchase,41.61,USD,Shell Gas,Bills & Utilities,Payment for travel,FALSE,8591538027,DPPSJCUJ,8039075967,GNNWFVEC,6281.8,6173.67,1,
TXN00002141,CUST006182,John,Wilson,Female,London,UK,London,UK,London,UK,2025-01-02 08:44:43,Purchase,376.32,INR,Delta Airlines,Groceries,Payment for electronics,FALSE,6819721014,ZDTZJIPN,8575035426,GXIOMRFY,10559.12,11360.97,1,
TXN00003589,CUST005006,Olivia,Wilson,Male,Toronto,Canada,Toronto,Canada,Toronto,Canada,2025-03-03 11:26:19,Purchase,446.46,CAD,McDonalds,Electronics,Payment for electronics,FALSE,9258738894,NDXTRDCY,8349086665,PCTFXNYW,10840.77,10277.64,1,
TXN00000967,CUST005156,Olivia,Jackson,Female,Tokyo,Japan,Tokyo,Japan,Tokyo,Japan,2024-10-23 07:46:05,Transfer,211.41,CNY,Starbucks,Groceries,Payment for shopping,FALSE,1276715159,EBZUNUMJ,5945070391,WEAUJNXX,4733.69,5330,1,
TXN00002124,CUST003907,Sophia,Rodriguez,Male,Berlin,Germany,Berlin,Germany,Berlin,Germany,2025-03-09 01:52:12,Purchase,417.43,USD,Delta Airlines,Home & Garden,Payment for travel,FALSE,9591800520,YGXHIDZF,7322353364,ZXNPFTWH,14059.2,14050.69,1,
TXN00004402,CUST008242,Daniel,Rodriguez,Male,Berlin,Germany,Berlin,Germany,Berlin,Germany,2025-06-03 22:48:24,Purchase,488.33,AUD,Uber,Groceries,Payment for home & garden,FALSE,3777191077,ZDKOQZYF,4176070850,PZGKIJUP,14327.72,14099.89,1,
TXN00001583,CUST002425,David,Wilson,Female,New York,USA,New York,USA,New York,USA,2024-03-23 09:11:56,Purchase,210.31,AUD,McDonalds,Bills & Utilities,Payment for shopping,FALSE,4522859569,OQOAFAKD,5590524332,DENJEWCO,8340.23,8011.65,1,
TXN00002917,CUST009619,Joseph,Martin,Male,São Paulo,Brazil,São Paulo,Brazil,São Paulo,Brazil,2024-11-01 21:31:57,Transfer,392.71,GBP,Starbucks,Home & Garden,Payment for travel,FALSE,8614511196,ROTXVMQO,2013140159,ESDZLMVT,7988.56,7103.58,1,
TXN00004508,CUST000413,William,Hernandez,Male,Paris,France,Paris,France,Paris,France,2025-02-08 08:01:29,Transfer,472.1,CHF,Uber,Health & Fitness,Payment for groceries,FALSE,4020462277,DOBCBBAH,8554866101,DDMZAFQV,11492.23,12304.47,1,
TXN00003381,CUST008837,Richard,Anderson,Male,Toronto,Canada,Toronto,Canada,Toronto,Canada,2024-01-18 00:50:32,Transfer,11.14,CAD,Starbucks,Electronics,Payment for shopping,FALSE,7673851783,USVVLNBB,9880978479,YFUCJAEC,10283.27,10604.04,1,
TXN00000732,CUST009410,Richard,Taylor,Female,Toronto,Canada,Toronto,Canada,Toronto,Canada,2024-09-15 12:40:20,Purchase,156.78,CNY,Netflix,Health & Fitness,Payment for home & garden,FALSE,7034004627,LTDSPRDC,9698931478,CXYXRJXA,13819.64,14338.93,1,
TXN00003553,CUST003351,Mia,Garcia,Female,Sydney,Australia,Sydney,Australia,Sydney,Australia,2024-04-01 20:43:35,Transfer,123.33,EUR,Amazon,Bills & Utilities,Payment for home & garden,FALSE,6527363025,CPPGUULA,9029676078,RDDKLKYP,10345.92,11320.05,1,
TXN00001771,CUST004397,Daniel,Anderson,Male,Paris,France,Paris,France,Paris,France,2025-01-15 18:07:56,Purchase,356.85,CHF,Walmart,Shopping,Payment for home & garden,FALSE,6886647290,OQTLXTTN,8751313266,BTIHOINF,9186.63,8298.47,1,
TXN00000348,CUST002605,Ava,Johnson,Male,Berlin,Germany,Berlin,Germany,Berlin,Germany,2024-12-10 02:44:43,Purchase,216.71,INR,Shell Gas,Shopping,Payment for gas & fuel,FALSE,2463034540,PRJORUQA,2247219173,TOOTKSMP,13476.12,12731.29,1,
TXN00003334,CUST001992,Amelia,Wilson,Male,Dubai,UAE,Dubai,UAE,Dubai,UAE,2025-07-19 21:50:16,Purchase,66.29,INR,Apple Store,Health & Fitness,Payment for electronics,FALSE,4538796460,COABECSX,2142645116,SSHWHGWX,6650.61,7315.42,1,
TXN00000736,CUST002333,Thomas,Williams,Male,Tokyo,Japan,Tokyo,Japan,Tokyo,Japan,2024-03-20 08:42:43,Purchase,445.12,AUD,Uber,Groceries,Payment for shopping,TRUE,9828925551,YUZXYOTO,8930517098,ONTCSPMM,7303.42,8242.99,1,
TXN00001768,CUST000319,Joseph,Smith,Male,Dubai,UAE,Dubai,UAE,Dubai,UAE,2024-05-30 13:02:02,Transfer,430.1,EUR,Apple Store,Entertainment,Payment for groceries,FALSE,1637569981,FIMFBFFZ,2908753216,BGUFFCXV,11473.73,10889.97,1,
TXN00004760,CUST008392,Mia,Miller,Female,Toronto,Canada,Madrid,Spain,New York,USA,2024-03-13 08:36:45,Purchase,1704.92,CAD,Uber,Bills & Utilities,Payment for groceries,TRUE,3256235087,CNMWIFWX,1488970158,ULYBZTRJ,10531.63,11352.09,0,Login from different country than transaction
TXN00001623,CUST007430,Evelyn,Garcia,Female,London,UK,London,UK,London,UK,2024-05-18 19:04:21,Purchase,184.87,JPY,Home Depot,Bills & Utilities,Payment for electronics,FALSE,8916039132,WTDXJYKX,8320000865,ERWEIGPR,11865,12445.12,1,
TXN00000467,CUST007417,David,Garcia,Male,Berlin,Germany,Berlin,Germany,Berlin,Germany,2024-04-17 01:23:09,Transfer,48.74,AUD,Delta Airlines,Health & Fitness,Payment for food & dining,FALSE,8567958920,QDDEGSWJ,4114014517,NUNPOODD,12773,11781.28,1,
TXN00003752,CUST001693,Mia,Jackson,Female,Berlin,Germany,Berlin,Germany,Berlin,Germany,2024-03-26 15:03:22,Purchase,60.55,AUD,Starbucks,Groceries,Payment for gas & fuel,FALSE,8394411738,KPQGMHAB,1073534436,XHDRYGJX,10825.06,11607.62,1,
TXN00001208,CUST006878,Sophia,Wilson,Male,Mexico City,Mexico,Mexico City,Mexico,Mexico City,Mexico,2024-06-26 10:09:36,Purchase,440.97,JPY,Airbnb,Food & Dining,Payment for entertainment,FALSE,4124225815,EBARDPUW,5892235142,XDHZDWBS,12039.83,11566.83,1,
TXN00001431,CUST000180,Joseph,Garcia,Female,Dubai,UAE,Dubai,UAE,Dubai,UAE,2024-03-28 17:13:31,Purchase,24.28,JPY,Netflix,Gas & Fuel,Payment for electronics,FALSE,1996384391,LYPEGKIO,2074692270,TLTLNZIZ,13738.68,13711.81,1,
TXN00000543,CUST001028,Charlotte,Wilson,Female,Dubai,UAE,Dubai,UAE,Dubai,UAE,2025-05-07 02:23:39,Purchase,241.03,CHF,Target,Bills & Utilities,Payment for bills & utilities,FALSE,2512954065,KXFGGRZG,3014969803,ZYVQBRCH,7395.72,8394.48,1,
TXN00003070,CUST008271,Olivia,Taylor,Female,Berlin,Germany,Berlin,Germany,Berlin,Germany,2024-04-07 21:51:24,Transfer,346.08,AUD,Netflix,Shopping,Payment for shopping,FALSE,5148910581,YSRDIHHJ,4715767673,MQFPCZOO,13081.3,13086.2,1,
TXN00003973,CUST005706,William,Rodriguez,Male,São Paulo,Brazil,São Paulo,Brazil,São Paulo,Brazil,2025-08-31 13:55:49,Purchase,393.87,JPY,Airbnb,Gas & Fuel,Payment for electronics,FALSE,1278896314,OQGQDPKB,7556400107,IDLGRNFC,6087.09,5562.29,1,
TXN00003218,CUST008970,Daniel,Martinez,Female,New York,USA,New York,USA,New York,USA,2024-02-14 18:16:12,Transfer,130.98,CAD,McDonalds,Groceries,Payment for groceries,FALSE,5370961478,HYRPBLCH,4352463014,OGXRICGM,10483.93,9660.83,1,
TXN00002998,CUST005405,Thomas,Moore,Female,Paris,France,Paris,France,Paris,France,2025-02-22 05:20:31,Purchase,356.8,GBP,Amazon,Groceries,Payment for home & garden,FALSE,7151804646,KCMAFBXO,3973265338,FYUKKSCA,13860.83,13815.04,1,
TXN00004054,CUST000994,David,Davis,Female,Mexico City,Mexico,Mexico City,Mexico,Mexico City,Mexico,2025-07-08 07:33:39,Purchase,227.16,GBP,Netflix,Health & Fitness,Payment for shopping,TRUE,1263104298,WVARHPFG,4261044897,WZEWRORQ,6223.5,6052.09,1,
TXN00002563,CUST007948,Ava,Davis,Female,Mumbai,India,Mumbai,India,Mumbai,India,2024-10-27 23:30:56,Transfer,84.09,CHF,Target,Electronics,Payment for groceries,FALSE,1964295701,IQFXXZIB,3727259466,PGNCSWPE,9369.99,8473.22,1,
TXN00000910,CUST005384,Sophia,Lee,Female,Tokyo,Japan,Tokyo,Japan,Tokyo,Japan,2024-08-19 16:49:18,Transfer,357.09,USD,Airbnb,Food & Dining,Payment for groceries,FALSE,7858154856,HUZLOPVQ,7730337031,PSAAWANT,9974.39,10868.59,1,
TXN00003497,CUST004107,John,Rodriguez,Male,São Paulo,Brazil,São Paulo,Brazil,São Paulo,Brazil,2025-06-19 13:57:51,Purchase,67.59,AUD,Whole Foods,Shopping,Payment for travel,FALSE,1827659642,MRWOYDIJ,7520391852,BJBOZDGI,8419.71,9201.24,1,
TXN00004860,CUST004151,Joseph,Thomas,Female,New York,USA,New York,USA,New York,USA,2024-09-05 23:41:12,Purchase,3811.31,CAD,Delta Airlines,Shopping,Payment for electronics,FALSE,3479036337,ZMTJZNFS,7865916783,MOOBQWAU,4708.4,5148.46,0,Account takeover suspected
TXN00003672,CUST009993,Robert,Smith,Male,Toronto,Canada,Toronto,Canada,Toronto,Canada,2024-11-10 11:21:47,Transfer,438.67,CHF,Amazon,Food & Dining,Payment for home & garden,FALSE,4581614614,HFQYYNTX,9140977174,OEJJFNFU,15526.53,14764.89,1,
TXN00002286,CUST002012,Harper,Davis,Male,Madrid,Spain,Madrid,Spain,Madrid,Spain,2025-03-20 15:16:18,Purchase,447.5,CHF,Target,Entertainment,Payment for food & dining,TRUE,5410039610,YDVRSPAK,9645139015,YPLQVVYL,9333.52,9534.13,1,
TXN00004799,CUST004516,John,Lee,Female,Dubai,UAE,Dubai,UAE,Paris,France,2025-03-06 13:50:42,Purchase,5156.06,AUD,Starbucks,Health & Fitness,Payment for bills & utilities,FALSE,7151117159,PPYMSBOG,1381051514,FENPDGWZ,10842.92,11380.88,0,Multiple transactions in short time
TXN00001747,CUST006279,William,Wilson,Male,Rome,Italy,Rome,Italy,Rome,Italy,2025-08-05 00:06:38,Purchase,211.76,CAD,Amazon,Electronics,Payment for entertainment,FALSE,9973169087,XAMMQJPC,1126118006,YZLMWJID,8258.29,7623.96,1,
TXN00004368,CUST004289,Robert,Hernandez,Female,Paris,France,Paris,France,Paris,France,2024-11-08 22:09:53,Purchase,226.81,CAD,Home Depot,Bills & Utilities,Payment for entertainment,FALSE,3386085321,IJIGJOWH,3582638825,BJJXIJYP,8125.31,8602.75,1,
TXN00000707,CUST007027,Evelyn,Johnson,Female,Toronto,Canada,Toronto,Canada,Toronto,Canada,2024-02-17 18:06:29,Transfer,133.78,USD,Uber,Gas & Fuel,Payment for travel,TRUE,5892520749,BFWFCEAJ,3152469949,LBQCBPEU,9711.94,9233.54,1,
TXN00004794,CUST007094,Sophia,Martin,Female,Singapore,Singapore,Singapore,Singapore,Madrid,Spain,2024-01-09 17:27:16,Transfer,4874.66,EUR,Best Buy,Travel,Payment for travel,FALSE,2146054115,NEWHCPNK,2555851604,VDGOKFFH,9840.55,9685.89,0,Multiple transactions in short time
TXN00001699,CUST003908,Sophia,Jackson,Female,São Paulo,Brazil,São Paulo,Brazil,São Paulo,Brazil,2024-12-25 11:19:51,Purchase,48.68,GBP,Amazon,Shopping,Payment for food & dining,FALSE,5448178737,XGVBKVXU,2970126061,CPRHBEOD,9439.66,10078,1,
TXN00002775,CUST004617,Harper,Hernandez,Female,Madrid,Spain,Madrid,Spain,Madrid,Spain,2024-08-21 04:43:36,Transfer,18.87,CHF,Amazon,Food & Dining,Payment for travel,FALSE,7706849914,PSVSQGAT,1775335067,PJDKVPJX,14263.36,14744.35,1,
TXN00001702,CUST001815,Mia,Lopez,Female,Singapore,Singapore,Singapore,Singapore,Singapore,Singapore,2024-04-14 05:34:00,Purchase,476.1,CAD,Uber,Bills & Utilities,Payment for food & dining,FALSE,7399038017,NCVICRSJ,4370559888,PYHTGKJY,6247.76,6079.77,1,
TXN00000542,CUST007040,Evelyn,Jones,Male,Sydney,Australia,Sydney,Australia,Sydney,Australia,2025-01-24 09:35:03,Transfer,262.31,CNY,Home Depot,Health & Fitness,Payment for shopping,FALSE,4983986580,PEJJSMNY,4478671738,SYAZWMWX,10903.48,11410.76,1,
TXN00002041,CUST004757,Daniel,Smith,Female,Berlin,Germany,Berlin,Germany,Berlin,Germany,2024-09-22 17:22:54,Purchase,44.03,AUD,McDonalds,Food & Dining,Payment for travel,FALSE,1210246009,UURNQANY,7011136016,MCXVLGLT,6344.59,5638.63,1,
TXN00001853,CUST000994,Emma,Jackson,Male,Toronto,Canada,Toronto,Canada,Toronto,Canada,2024-04-01 15:10:06,Purchase,277.23,JPY,Best Buy,Groceries,Payment for home & garden,FALSE,6123533451,WPJSOADB,1809711851,DMZLUMRC,4607.37,5343.8,1,
TXN00004866,CUST008303,Richard,Jones,Female,São Paulo,Brazil,São Paulo,Brazil,São Paulo,Brazil,2025-05-17 08:00:53,Purchase,501.41,GBP,Airbnb,Electronics,Payment for travel,FALSE,2618956344,PNGRUNUW,3742103170,SWKIZBNW,7720.01,8602.85,0,Unusual location pattern
TXN00002040,CUST001494,Evelyn,Lopez,Male,São Paulo,Brazil,São Paulo,Brazil,São Paulo,Brazil,2024-01-19 06:19:48,Purchase,269,CAD,Uber,Home & Garden,Payment for health & fitness,FALSE,8065191445,HKYCWFXH,4514580870,DLQLDEWX,12332.02,12836.02,1,
TXN00004301,CUST000916,Daniel,Anderson,Female,Paris,France,Paris,France,Paris,France,2024-02-05 00:18:34,Purchase,54.53,USD,Delta Airlines,Health & Fitness,Payment for electronics,FALSE,5319401135,FCBFDKOC,3317266408,ZFYKRJXC,9437.68,8521.97,1,
TXN00000352,CUST006983,Michael,Smith,Female,New York,USA,New York,USA,New York,USA,2025-01-09 05:38:15,Purchase,290.09,AUD,Shell Gas,Food & Dining,Payment for electronics,FALSE,1699083568,XDMWZHMW,2991235085,CQFDLLGN,5298.51,5039.55,1,
TXN00000019,CUST008778,Michael,Brown,Male,Madrid,Spain,Madrid,Spain,Madrid,Spain,2024-08-27 12:21:16,Purchase,48.51,EUR,Delta Airlines,Gas & Fuel,Payment for health & fitness,FALSE,8463118753,VQZGFITG,5129714547,LGLDKSYF,13836.19,13610.97,1,
TXN00000890,CUST006416,William,Lopez,Female,Sydney,Australia,Sydney,Australia,Sydney,Australia,2025-02-10 12:08:20,Purchase,396.29,JPY,Delta Airlines,Entertainment,Payment for entertainment,FALSE,5235015402,WTJMZNWZ,5634626158,GPKDPQOQ,12922.12,13212.93,1,
TXN00004210,CUST002213,Isabella,Hernandez,Female,São Paulo,Brazil,São Paulo,Brazil,São Paulo,Brazil,2024-10-29 14:40:57,Transfer,457.59,CAD,Home Depot,Food & Dining,Payment for travel,FALSE,8599808884,WTXSKLGP,9779060389,BXMTCEJN,8671.32,8116.1,1,
TXN00004033,CUST002802,Evelyn,Taylor,Female,London,UK,London,UK,London,UK,2024-03-16 03:38:27,Purchase,237.46,CAD,Amazon,Home & Garden,Payment for entertainment,FALSE,8285962293,UGDPFVBU,2591176437,DTFSITIV,7614.72,8054.74,1,
TXN00003215,CUST009604,Emma,Lee,Female,New York,USA,New York,USA,New York,USA,2024-05-10 21:08:23,Purchase,83.9,CAD,Uber,Entertainment,Payment for electronics,FALSE,3653131429,YBHBUWXK,5173688842,PSAIXLUY,7610.91,8141.09,1,
TXN00001007,CUST006661,William,Moore,Female,Dubai,UAE,Dubai,UAE,Dubai,UAE,2025-05-18 18:32:41,Purchase,438.37,GBP,Apple Store,Groceries,Payment for electronics,FALSE,6250661344,KQOASJEY,6842990090,HSBEZALH,13395.21,13099.67,1,
TXN00001923,CUST006479,Charlotte,Hernandez,Male,Paris,France,Paris,France,Paris,France,2025-07-01 00:24:41,Purchase,339.94,INR,Shell Gas,Travel,Payment for health & fitness,FALSE,3136704709,WEGDSYPJ,2573802122,YWRBJNKG,5548.52,6007.22,1,
TXN00004909,CUST005389,Isabella,Smith,Male,Paris,France,Paris,France,New York,USA,2024-04-14 03:08:25,Transfer,1087.26,JPY,Best Buy,Health & Fitness,Payment for gas & fuel,FALSE,9649081425,MEYPNFGO,9727058715,ACEFJZYS,10749.55,11584.86,0,Account takeover suspected
TXN00003528,CUST005925,Sophia,Lee,Male,Singapore,Singapore,Singapore,Singapore,Singapore,Singapore,2025-04-10 09:04:19,Purchase,82.57,USD,Airbnb,Travel,Payment for groceries,FALSE,3276943359,XEMDQCYW,8035944687,QOFRFXZL,9318.6,8884.96,1,
TXN00000439,CUST004500,David,Jones,Male,São Paulo,Brazil,São Paulo,Brazil,São Paulo,Brazil,2025-03-25 12:40:41,Purchase,329.98,JPY,Delta Airlines,Groceries,Payment for food & dining,FALSE,7316755565,WIBGEDXK,9070621428,HLVOASYK,15443.92,14733.05,1,
TXN00002893,CUST007902,Sophia,Lee,Male,Shanghai,China,Shanghai,China,Shanghai,China,2024-01-21 00:27:14,Purchase,258.22,CAD,Delta Airlines,Electronics,Payment for health & fitness,TRUE,8079067188,DCOZDGCA,1031143746,VUKNSSYF,12689.85,12236.74,1,
TXN00003398,CUST004380,John,Brown,Female,Shanghai,China,Shanghai,China,Shanghai,China,2025-07-13 06:52:42,Purchase,294.32,GBP,McDonalds,Shopping,Payment for shopping,FALSE,6836390377,TXYNJTLL,7924378731,RWSFQOXG,14199.81,14419.41,1,
TXN00003341,CUST000290,William,Lopez,Female,Shanghai,China,Shanghai,China,Shanghai,China,2024-06-06 21:44:35,Purchase,370.72,CHF,Delta Airlines,Gas & Fuel,Payment for bills & utilities,FALSE,9704164044,MLYZYTOT,5798441599,CZPKWHOP,9869.49,10179.16,1,
TXN00003300,CUST004777,William,Martinez,Male,Shanghai,China,Shanghai,China,Shanghai,China,2024-10-09 15:38:44,Purchase,136.32,INR,Home Depot,Home & Garden,Payment for groceries,FALSE,6010793859,BBLACQNB,5651882838,TSUXZLIF,5798.37,5114.68,1,
TXN00001783,CUST004544,Thomas,Taylor,Female,Madrid,Spain,Madrid,Spain,Madrid,Spain,2025-05-07 12:39:36,Purchase,389.69,INR,Home Depot,Home & Garden,Payment for gas & fuel,FALSE,2991081760,HEGNDSAD,7780672553,NHUCCCNN,13165.41,12384.23,1,
TXN00000588,CUST005586,Robert,Taylor,Female,Toronto,Canada,Toronto,Canada,Toronto,Canada,2024-10-29 12:49:55,Transfer,279.53,GBP,Amazon,Electronics,Payment for groceries,FALSE,3192107197,QZQRMQIM,6075886072,QEJVSVCK,11376.17,11411.84,1,
TXN00001857,CUST003129,Richard,Hernandez,Male,Mexico City,Mexico,Mexico City,Mexico,Mexico City,Mexico,2025-07-04 08:03:12,Purchase,154.91,GBP,Home Depot,Shopping,Payment for home & garden,FALSE,7361904821,EBIFKOYW,3832948379,FEMVTJAA,10420.76,10821.73,1,
TXN00001340,CUST005126,Amelia,Martin,Male,Sydney,Australia,Sydney,Australia,Sydney,Australia,2024-12-03 14:19:29,Purchase,461.81,AUD,Airbnb,Travel,Payment for food & dining,FALSE,9334988353,USIJCIUY,5225476204,QNHKCQLJ,8451.36,7605.25,1,
TXN00002349,CUST001264,John,Smith,Female,Sydney,Australia,Sydney,Australia,Sydney,Australia,2024-05-13 04:26:53,Purchase,502.98,CNY,McDonalds,Groceries,Payment for shopping,FALSE,5085618471,RFQRTJAB,3917757770,ORYXNTLZ,7819.81,7979.27,1,
TXN00003974,CUST000986,Olivia,Wilson,Male,Mumbai,India,Mumbai,India,Mumbai,India,2025-08-07 20:53:47,Purchase,275.94,USD,Marriott Hotels,Bills & Utilities,Payment for gas & fuel,FALSE,9693355161,QHYNSIBQ,5862990042,XNTFIXTE,7017.85,7800.25,1,
TXN00003565,CUST002359,Joseph,Williams,Male,Mexico City,Mexico,Mexico City,Mexico,Mexico City,Mexico,2025-03-27 04:19:09,Purchase,422.86,CHF,Amazon,Health & Fitness,Payment for entertainment,FALSE,7862442451,JLESTQFV,8452804410,ZZRBUHCI,6937.02,6238.65,1,
TXN00003855,CUST003723,William,Wilson,Female,Berlin,Germany,Berlin,Germany,Berlin,Germany,2024-12-31 02:34:56,Purchase,215.73,JPY,Delta Airlines,Groceries,Payment for travel,FALSE,5268341098,SLSWHORB,9597661490,IDHQSKIU,10335.04,10616.21,1,
TXN00000211,CUST009877,Charlotte,Brown,Female,Rome,Italy,Rome,Italy,Rome,Italy,2025-02-03 21:30:01,Transfer,286.89,CAD,Marriott Hotels,Travel,Payment for electronics,FALSE,9966382114,KTSMXBHI,3403851888,FVFXMVTT,14767.27,13991.97,1,
TXN00003522,CUST004263,William,Hernandez,Female,São Paulo,Brazil,São Paulo,Brazil,São Paulo,Brazil,2024-03-09 01:57:58,Purchase,362.07,INR,Netflix,Bills & Utilities,Payment for electronics,FALSE,3700763632,KZGIIGPH,8503119906,CILKHSZT,6340.37,6780.54,1,
TXN00000148,CUST008899,William,Jones,Male,Mexico City,Mexico,Mexico City,Mexico,Mexico City,Mexico,2025-07-12 00:11:03,Purchase,311.4,CNY,Netflix,Home & Garden,Payment for travel,FALSE,7960335520,VFTGFQME,2460382876,NMGVXHCS,5406.95,5191.66,1,
TXN00004345,CUST003343,Charlotte,Moore,Female,Shanghai,China,Shanghai,China,Shanghai,China,2024-12-19 21:48:59,Purchase,360.79,AUD,Home Depot,Home & Garden,Payment for groceries,TRUE,3175797206,COKLZTTY,6024813602,PYIVLBOC,5312.8,5417.83,1,
TXN00001970,CUST003263,Richard,Wilson,Female,Shanghai,China,Shanghai,China,Shanghai,China,2025-01-02 02:31:55,Transfer,421.83,CNY,Apple Store,Bills & Utilities,Payment for travel,FALSE,3531135179,DMSJDBJF,7807425740,TBSPWHEF,10488.71,11317.38,1,
TXN00001339,CUST009016,David,Wilson,Male,Dubai,UAE,Dubai,UAE,Dubai,UAE,2024-07-06 03:44:07,Purchase,22.52,GBP,Delta Airlines,Electronics,Payment for groceries,FALSE,9258971191,FXIRUIZX,9558672443,AWSQAMPO,9968.28,9843.72,1,
TXN00003953,CUST000999,Amelia,Garcia,Female,London,UK,London,UK,London,UK,2024-02-14 08:10:52,Transfer,464.29,CNY,Netflix,Electronics,Payment for bills & utilities,FALSE,5394949641,MEOXHGSP,2829079944,RVZWOMBG,10128.4,10103.5,1,
TXN00003197,CUST008204,Thomas,Thomas,Female,Berlin,Germany,Berlin,Germany,Berlin,Germany,2025-09-29 15:00:57,Purchase,85.86,USD,Delta Airlines,Health & Fitness,Payment for groceries,FALSE,7627931249,YINLPYAL,3008818270,UABGOAWV,8615.37,9154.65,1,
TXN00003386,CUST002790,Robert,Brown,Male,Madrid,Spain,Madrid,Spain,Madrid,Spain,2024-01-04 01:55:05,Purchase,371.75,CNY,Delta Airlines,Shopping,Payment for shopping,FALSE,5644054668,NDZGFGZQ,9408670214,OZKASZUI,11605.34,11978.51,1,
TXN00001548,CUST007795,David,Lopez,Female,Mexico City,Mexico,Mexico City,Mexico,Mexico City,Mexico,2025-06-17 05:06:52,Purchase,33.42,USD,Amazon,Bills & Utilities,Payment for travel,FALSE,3957699891,ILELULPU,5427674908,PGOVGOMF,6271.26,5989.94,1,
TXN00001417,CUST008947,William,Thomas,Male,Singapore,Singapore,Singapore,Singapore,Singapore,Singapore,2024-02-05 04:37:38,Transfer,64.7,CAD,Netflix,Food & Dining,Payment for electronics,FALSE,3581787473,DAVQTTNQ,9470632617,LDFPCOBV,8041.08,7508.1,1,
TXN00003124,CUST002274,Harper,Miller,Male,Sydney,Australia,Sydney,Australia,Sydney,Australia,2024-11-02 13:18:50,Transfer,273.71,EUR,Walmart,Shopping,Payment for health & fitness,FALSE,3664535670,ZXPWODBG,8261182488,LCHBMYXP,13502.62,14482.06,1,
TXN00003461,CUST002183,Thomas,Jones,Female,Dubai,UAE,Dubai,UAE,Dubai,UAE,2025-07-04 06:13:55,Purchase,501.81,AUD,Marriott Hotels,Electronics,Payment for shopping,TRUE,9262630780,UCPQRWSM,7281186840,THARBXZR,9081.11,8537.64,1,
TXN00000009,CUST000082,Harper,Taylor,Male,Madrid,Spain,Madrid,Spain,Madrid,Spain,2025-03-26 14:18:53,Purchase,221.83,GBP,Amazon,Bills & Utilities,Payment for entertainment,FALSE,5895474059,HXTMGAIR,1280844334,ISCUNDBM,4851.48,5040.52,1,
TXN00001977,CUST006784,Robert,Lee,Female,Singapore,Singapore,Singapore,Singapore,Singapore,Singapore,2025-08-12 10:55:50,Purchase,322.57,EUR,Home Depot,Home & Garden,Payment for entertainment,FALSE,2203403184,OIYJZFZL,1732492575,GSETFEUX,9096.92,8962.08,1,
TXN00002788,CUST003439,Evelyn,Rodriguez,Male,Sydney,Australia,Sydney,Australia,Sydney,Australia,2024-09-17 01:00:27,Purchase,261.22,CAD,Home Depot,Bills & Utilities,Payment for bills & utilities,FALSE,9472573980,USEPGYCY,4078014758,HKELKZZS,7604.29,8554.7,1,
TXN00000200,CUST005975,Charlotte,Davis,Male,Mexico City,Mexico,Mexico City,Mexico,Mexico City,Mexico,2025-02-26 14:07:14,Purchase,47.52,CAD,Marriott Hotels,Electronics,Payment for entertainment,FALSE,1213980634,DCYHKOXJ,9677332928,DDWVQCAQ,12302.45,12831.34,1,
TXN00000118,CUST001212,Robert,Brown,Female,Rome,Italy,Rome,Italy,Rome,Italy,2024-05-31 18:10:53,Transfer,213,USD,McDonalds,Entertainment,Payment for health & fitness,FALSE,9933186315,VECUSLKD,9836742040,OCBSGPTW,14194.06,14048.84,1,
TXN00004079,CUST005498,Daniel,Lee,Male,Tokyo,Japan,Tokyo,Japan,Tokyo,Japan,2025-06-21 08:51:28,Purchase,63.83,AUD,Best Buy,Food & Dining,Payment for home & garden,FALSE,8979590351,DSCBOOXE,7656868851,DJOCSRAK,6429.76,5649.46,1,
TXN00004458,CUST004110,Evelyn,Martin,Male,Singapore,Singapore,Singapore,Singapore,Singapore,Singapore,2025-06-12 20:16:00,Purchase,445.55,JPY,Target,Shopping,Payment for health & fitness,FALSE,3540800890,EVNVLEEH,7273824025,FNWBTVVH,10715.24,10209.49,1,
TXN00003142,CUST000043,David,Davis,Male,São Paulo,Brazil,São Paulo,Brazil,São Paulo,Brazil,2024-06-02 23:58:36,Purchase,107.18,INR,Walmart,Home & Garden,Payment for travel,FALSE,2078950839,UCTTDIPD,9219558045,CHOMILHM,8682.16,9129.41,1,
TXN00000944,CUST009066,Robert,Davis,Female,London,UK,London,UK,London,UK,2024-09-22 17:56:37,Purchase,21.23,USD,Home Depot,Bills & Utilities,Payment for travel,FALSE,2704431030,UYLJVRBX,7912869283,CPGTNGDA,6531.64,5673.17,1,
TXN00003432,CUST002408,Harper,Jones,Female,Dubai,UAE,Dubai,UAE,Dubai,UAE,2024-05-09 11:01:29,Purchase,333.92,EUR,Home Depot,Bills & Utilities,Payment for gas & fuel,TRUE,8616949342,CNJCDPPY,2925487404,YSLMCUSN,5888.57,5225.83,1,
TXN00001833,CUST001541,Charlotte,Davis,Female,London,UK,London,UK,London,UK,2024-12-01 22:14:45,Purchase,151.64,AUD,Airbnb,Shopping,Payment for home & garden,FALSE,5768636884,MTMYKYTV,7591914714,LPSFJVZK,12367.62,13114.53,1,
TXN00000362,CUST001212,Charlotte,Jackson,Male,Mexico City,Mexico,Mexico City,Mexico,Mexico City,Mexico,2024-08-23 13:43:28,Transfer,455.37,USD,Apple Store,Electronics,Payment for bills & utilities,FALSE,8010294713,JOSXTETR,9284600118,IKOSUDTC,9136.64,9603.61,1,
TXN00000624,CUST006165,Ava,Taylor,Female,Madrid,Spain,Madrid,Spain,Madrid,Spain,2024-06-15 22:41:41,Purchase,394.01,CHF,Amazon,Travel,Payment for bills & utilities,FALSE,5963860697,WGNLSORX,9641086779,MHKLRYXQ,6206.19,7103.01,1,
TXN00002374,CUST002495,Sophia,Hernandez,Female,Madrid,Spain,Madrid,Spain,Madrid,Spain,2024-12-24 19:16:38,Purchase,271.65,USD,Whole Foods,Food & Dining,Payment for health & fitness,FALSE,3777386084,VZFBWNUW,2848935857,SUGVGBUY,12446.91,12239.91,1,
TXN00004779,CUST009762,Ava,Lee,Male,Dubai,UAE,Dubai,UAE,Dubai,UAE,2025-05-30 10:50:24,Purchase,834.22,AUD,Netflix,Health & Fitness,Payment for bills & utilities,FALSE,7667275368,ZHBFZVAL,9175709430,DCQDZLFM,12034.31,12956.76,0,Unusual location pattern
TXN00003240,CUST008287,Isabella,Smith,Male,Paris,France,Paris,France,Paris,France,2024-11-01 10:36:11,Purchase,199.56,GBP,Netflix,Travel,Payment for home & garden,TRUE,6497721261,ZOAFMETB,5993845256,WOZYNSHQ,10694.44,11491.37,1,
TXN00003852,CUST008688,Isabella,Smith,Female,Berlin,Germany,Berlin,Germany,Berlin,Germany,2024-04-03 11:00:35,Purchase,22.58,USD,Apple Store,Groceries,Payment for gas & fuel,FALSE,3918350139,EVRYPJNQ,5572808699,VCEQSAHA,15039.66,14524.12,1,
TXN00001958,CUST007902,Mia,Davis,Female,Madrid,Spain,Madrid,Spain,Madrid,Spain,2025-02-28 07:51:38,Purchase,33.66,INR,McDonalds,Bills & Utilities,Payment for food & dining,FALSE,9508497110,MGKHFUXN,2352257442,ALDGYFCF,11813.02,12309.22,1,
TXN00003535,CUST001496,Daniel,Moore,Female,Sydney,Australia,Sydney,Australia,Sydney,Australia,2024-10-07 23:49:06,Purchase,73.01,JPY,Starbucks,Bills & Utilities,Payment for electronics,FALSE,1935138727,YPMCRVHY,5050471257,UGTNWXQI,13231.1,12357.03,1,
TXN00001415,CUST001073,Isabella,Jones,Female,Tokyo,Japan,Tokyo,Japan,Tokyo,Japan,2024-12-30 05:31:37,Transfer,442.07,JPY,Delta Airlines,Home & Garden,Payment for travel,FALSE,1082941185,GCOMSNYN,3798344509,ZZEWWCIX,12541.11,12030.66,1,
TXN00000181,CUST003236,Isabella,Anderson,Female,London,UK,London,UK,London,UK,2024-01-02 19:47:57,Transfer,508.25,GBP,McDonalds,Electronics,Payment for travel,FALSE,8758612063,SPMABBZE,4374463087,NOLRQHMK,9883.05,10540.94,1,
TXN00004246,CUST009772,Charlotte,Miller,Male,Mexico City,Mexico,Mexico City,Mexico,Mexico City,Mexico,2025-01-20 04:46:15,Purchase,423.18,USD,Apple Store,Entertainment,Payment for travel,FALSE,6311520805,XBXYGRFU,3323646730,NQMILOXA,10494.41,11463.12,1,
TXN00004055,CUST001819,William,Jackson,Male,Paris,France,Paris,France,Paris,France,2024-11-30 16:09:25,Purchase,308.17,EUR,Delta Airlines,Travel,Payment for home & garden,FALSE,5867231383,DBZENYDF,7163188184,VAMEARCL,14094.13,13360.49,1,
TXN00002079,CUST009521,Amelia,Jones,Female,Sydney,Australia,Sydney,Australia,Sydney,Australia,2025-01-24 15:03:26,Transfer,428.55,GBP,Shell Gas,Health & Fitness,Payment for travel,FALSE,4272654808,SBWWXJWK,1536035983,ONQBXNAY,8587.61,8139.84,1,
TXN00004600,CUST005168,John,Wilson,Male,Berlin,Germany,Berlin,Germany,Berlin,Germany,2024-09-19 12:07:15,Purchase,417.07,INR,Shell Gas,Food & Dining,Payment for entertainment,FALSE,6813123917,DHJKTSQP,5799214057,PJZYRUWY,13578.24,13409.34,1,
TXN00000929,CUST002356,John,Martin,Female,Madrid,Spain,Madrid,Spain,Madrid,Spain,2025-08-05 19:04:20,Transfer,300.56,AUD,Shell Gas,Electronics,Payment for bills & utilities,FALSE,1758440528,YPLNCJZV,6595699229,PJPGNCUY,15121.09,14663.66,1,
TXN00000492,CUST003099,Mia,Jackson,Female,Mexico City,Mexico,Mexico City,Mexico,Mexico City,Mexico,2024-08-12 15:23:39,Purchase,426.71,CNY,Amazon,Food & Dining,Payment for bills & utilities,FALSE,9970868054,TWFDRTNT,3361364293,PUFJCMFL,7415.06,7219.44,1,
TXN00000782,CUST004681,Thomas,Moore,Male,Singapore,Singapore,Singapore,Singapore,Singapore,Singapore,2024-07-01 23:16:39,Transfer,265.41,USD,Home Depot,Travel,Payment for home & garden,FALSE,9926247868,XGQHDWMB,8171872463,ANIHBHHC,11913.41,12192.2,1,
TXN00002674,CUST006329,John,Smith,Male,Rome,Italy,Rome,Italy,Rome,Italy,2025-03-19 09:43:03,Purchase,490.02,CHF,Target,Entertainment,Payment for home & garden,FALSE,9952274355,NKRSFIKS,3258886239,OQUJXCKV,6096.13,6102.37,1,
TXN00004411,CUST008122,James,Lee,Female,Sydney,Australia,Sydney,Australia,Sydney,Australia,2025-07-17 12:52:06,Purchase,320.26,INR,Amazon,Gas & Fuel,Payment for health & fitness,TRUE,3258224149,VPBXLUGQ,4217648228,APGPOBTI,5532.32,6254.88,1,
TXN00003579,CUST006762,Daniel,Rodriguez,Female,London,UK,London,UK,London,UK,2024-02-15 15:57:20,Purchase,369.38,CHF,Netflix,Home & Garden,Payment for entertainment,FALSE,1476593041,RGTZFZWR,4750450407,KMQCUYVV,15425.99,14739.01,1,
TXN00003454,CUST008127,Ava,Martinez,Male,Sydney,Australia,Sydney,Australia,Sydney,Australia,2025-06-20 13:55:53,Purchase,39.02,INR,Best Buy,Shopping,Payment for groceries,FALSE,2738620985,KPGXSYOP,4871702627,WETXIGGQ,9967.25,10691.41,1,
TXN00003998,CUST005901,Charlotte,Lopez,Male,Singapore,Singapore,Singapore,Singapore,Singapore,Singapore,2024-05-24 19:15:44,Purchase,301.61,GBP,Best Buy,Groceries,Payment for shopping,FALSE,8996609091,SGYPSKPR,7138099717,MPKYVWGI,12692.04,13015.5,1,
TXN00001397,CUST009119,Joseph,Anderson,Female,New York,USA,New York,USA,New York,USA,2024-11-10 06:35:30,Purchase,32.91,INR,Walmart,Bills & Utilities,Payment for shopping,FALSE,4575687980,GBUDPANI,2620249443,OQHFHYWS,8548.49,9486.94,1,
TXN00003724,CUST000157,Joseph,Garcia,Male,Madrid,Spain,Madrid,Spain,Madrid,Spain,2024-07-15 02:15:36,Purchase,489.45,EUR,Delta Airlines,Shopping,Payment for shopping,FALSE,7313725276,AQAUPTNV,3859191924,CZVYXGMP,10814.66,11286.67,1,
TXN00003012,CUST000353,Ava,Garcia,Male,Shanghai,China,Shanghai,China,Shanghai,China,2025-10-05 07:29:02,Purchase,427.26,CAD,Best Buy,Health & Fitness,Payment for groceries,FALSE,4121699437,UOQHLUON,1964740235,DVWKYTTU,7547.56,6800.64,1,
TXN00002055,CUST006164,Richard,Anderson,Male,Madrid,Spain,Madrid,Spain,Madrid,Spain,2024-05-08 19:34:20,Purchase,170.01,INR,Walmart,Food & Dining,Payment for food & dining,FALSE,9039327586,IPXCEDIV,8900171337,DIRIFBVK,9836.48,10621.86,1,
TXN00004005,CUST009025,Daniel,Johnson,Female,Tokyo,Japan,Tokyo,Japan,Tokyo,Japan,2025-06-28 19:46:24,Purchase,127.29,CNY,Uber,Home & Garden,Payment for home & garden,FALSE,2454781482,DBSGAWOY,7235845020,MGYCXVYI,6583.63,7133.81,1,
TXN00001513,CUST003658,Joseph,Smith,Male,London,UK,London,UK,London,UK,2024-04-03 01:46:48,Purchase,80.29,USD,Walmart,Home & Garden,Payment for food & dining,FALSE,8577103029,CYMYGCXU,8835805367,CUSOYMKK,12791.17,13154.57,1,
TXN00001256,CUST000489,Thomas,Wilson,Female,Madrid,Spain,Madrid,Spain,Madrid,Spain,2025-03-23 01:40:24,Transfer,336.75,CHF,Shell Gas,Electronics,Payment for home & garden,FALSE,2554893527,TTEFAGWG,5996310675,QRDMPGHX,7035.21,6294.04,1,
TXN00000924,CUST002445,Mia,Hernandez,Male,Paris,France,Paris,France,Paris,France,2025-01-02 10:56:57,Purchase,314.5,EUR,Apple Store,Entertainment,Payment for groceries,FALSE,6088153340,HKLXDYFR,9165432220,QKNABXIY,10232.55,10456.3,1,
TXN00001619,CUST002219,Isabella,Wilson,Male,São Paulo,Brazil,São Paulo,Brazil,São Paulo,Brazil,2025-05-12 10:20:04,Purchase,305.19,CAD,Amazon,Travel,Payment for bills & utilities,FALSE,4946180540,JYDHUDDZ,7640595284,FCUNYGOW,7982.87,7636.89,1,
TXN00004855,CUST003331,Isabella,Taylor,Female,Paris,France,Mexico City,Mexico,Paris,France,2025-04-29 03:36:28,Purchase,4364.73,USD,Delta Airlines,Food & Dining,Payment for travel,FALSE,5988066976,NGXTVVBV,9719219002,AYELGGFZ,10639.36,10208.67,0,Card not present fraud
TXN00003216,CUST002634,Richard,Miller,Male,Rome,Italy,Rome,Italy,Rome,Italy,2025-06-07 14:18:08,Purchase,316.56,CHF,Walmart,Health & Fitness,Payment for health & fitness,FALSE,2513927963,UWPSJDNE,1590146808,QHQMURVQ,12846.65,13816.04,1,
TXN00001403,CUST000630,Robert,Brown,Male,Rome,Italy,Rome,Italy,Rome,Italy,2025-08-29 03:49:57,Transfer,508.23,GBP,Best Buy,Home & Garden,Payment for electronics,FALSE,6259874783,WHMPNUXO,4131133812,JHDUMMKO,7510.32,6949.5,1,
TXN00000956,CUST002363,Richard,Thomas,Female,Madrid,Spain,Madrid,Spain,Madrid,Spain,2025-07-18 08:11:33,Transfer,87.76,CNY,Uber,Bills & Utilities,Payment for travel,FALSE,1496370597,JDBJKLYH,4321560717,COEOPAEE,13169.27,13895.28,1,
TXN00002271,CUST008585,William,Smith,Male,Toronto,Canada,Toronto,Canada,Toronto,Canada,2025-08-27 13:22:31,Purchase,57.39,CNY,Walmart,Travel,Payment for entertainment,FALSE,8866968441,JRBSYQPT,2731363848,MVEAYUKS,10446.18,9845.81,1,
TXN00004728,CUST003583,David,Johnson,Male,New York,USA,New York,USA,New York,USA,2025-09-29 13:56:10,Transfer,248.55,EUR,Amazon,Health & Fitness,Payment for shopping,FALSE,9588466807,WZTNBFSN,4028133925,RNBNGCWY,8396.19,8546.64,1,
TXN00004223,CUST002902,Olivia,Brown,Female,New York,USA,New York,USA,New York,USA,2024-09-23 13:38:04,Purchase,32.4,JPY,Walmart,Travel,Payment for groceries,FALSE,1111844879,REFFYMJU,9215887797,NCGLCTBP,14653.95,14105.43,1,
TXN00000220,CUST005655,Daniel,Garcia,Female,Toronto,Canada,Toronto,Canada,Toronto,Canada,2024-11-05 08:47:02,Transfer,208.31,INR,Walmart,Entertainment,Payment for food & dining,FALSE,9320036723,CDYRYQZL,4285006314,KBRAAIYV,14093.99,14422.38,1,
TXN00003032,CUST002190,Richard,Thomas,Male,Madrid,Spain,Madrid,Spain,Madrid,Spain,2025-07-31 15:20:08,Purchase,263.88,EUR,Shell Gas,Health & Fitness,Payment for shopping,FALSE,8715463129,CWYCVAQU,4111400269,OISFMOUS,12005.34,11756.99,1,
TXN00001875,CUST006927,David,Lopez,Male,Dubai,UAE,Dubai,UAE,Dubai,UAE,2025-10-05 04:26:49,Purchase,62.1,JPY,Apple Store,Home & Garden,Payment for travel,FALSE,4926425520,HSXRPFLP,9238340746,PYLJWHZA,10906.71,11037.81,1,
TXN00004623,CUST002271,Evelyn,Lee,Male,Mumbai,India,Mumbai,India,Mumbai,India,2024-12-31 22:42:31,Purchase,372.89,CNY,Apple Store,Travel,Payment for gas & fuel,FALSE,3229771447,MMYPJUVB,7198131656,TCBBOTYZ,5300.77,5457.61,1,
TXN00000412,CUST006702,Ava,Moore,Female,Mumbai,India,Mumbai,India,Mumbai,India,2025-08-04 17:18:55,Purchase,21.78,JPY,McDonalds,Travel,Payment for entertainment,FALSE,4774189453,EECRZZXH,7519937377,FZQMWYEU,6176.8,7067.68,1,
TXN00001716,CUST009598,Thomas,Thomas,Female,Toronto,Canada,Toronto,Canada,Toronto,Canada,2024-09-17 18:36:00,Transfer,52.96,GBP,Airbnb,Gas & Fuel,Payment for gas & fuel,FALSE,6731623798,KIGUMQMR,4439983124,OMAITWVN,12010.7,11597.16,1,
TXN00001390,CUST002705,Charlotte,Lopez,Male,London,UK,London,UK,London,UK,2025-05-12 17:31:54,Purchase,65.36,USD,Target,Entertainment,Payment for bills & utilities,FALSE,3301106947,EAQQFFJD,6923464248,CMJZTXFS,6659.61,6576.94,1,
TXN00003250,CUST008016,Sophia,Williams,Female,Toronto,Canada,Toronto,Canada,Toronto,Canada,2024-07-03 00:38:03,Purchase,153.86,INR,Shell Gas,Health & Fitness,Payment for gas & fuel,FALSE,1117641877,GQUCMKLK,6919371043,WKZCMIME,7413.74,6845.61,1,
TXN00004441,CUST007066,Emma,Taylor,Female,Mexico City,Mexico,Mexico City,Mexico,Mexico City,Mexico,2024-11-04 13:07:05,Purchase,262.13,GBP,Netflix,Groceries,Payment for groceries,FALSE,4752666827,CECQNVEE,9115242138,EDPISSTX,13939.52,14202.74,1,
TXN00002618,CUST006365,William,Garcia,Female,Rome,Italy,Rome,Italy,Rome,Italy,2024-06-20 18:59:45,Transfer,89.15,AUD,McDonalds,Entertainment,Payment for home & garden,FALSE,6749888836,IFHXXWTI,5000486718,ZVYXILMK,7198.52,7648.1,1,
TXN00003495,CUST004638,Evelyn,Moore,Female,Madrid,Spain,Madrid,Spain,Madrid,Spain,2025-08-05 15:23:33,Transfer,17.9,CHF,Best Buy,Entertainment,Payment for travel,FALSE,9398843993,UIPJFDMZ,4387224309,DRUULOKQ,13243.4,14081.89,1,
TXN00003739,CUST006492,Robert,Anderson,Female,Shanghai,China,Shanghai,China,Shanghai,China,2025-04-04 19:25:06,Purchase,10.84,CHF,Starbucks,Groceries,Payment for travel,FALSE,1617406774,EODQJJEZ,5661806215,ANMEYBYP,12130.5,12820.65,1,
TXN00003128,CUST003099,Sophia,Lee,Female,Tokyo,Japan,Tokyo,Japan,Tokyo,Japan,2025-07-08 09:43:53,Purchase,267.78,CHF,Uber,Travel,Payment for entertainment,FALSE,4336688857,GKAOFZLB,8257197872,HOMQTLAQ,8613.19,8383.12,1,
TXN00002013,CUST008808,Emma,Thomas,Male,Singapore,Singapore,Singapore,Singapore,Singapore,Singapore,2024-06-04 19:25:05,Transfer,337.6,AUD,Shell Gas,Home & Garden,Payment for travel,FALSE,8539357232,ISHGOYEV,9253365357,FBOSNQNV,9853.75,9157.15,1,
TXN00004347,CUST006056,Joseph,Thomas,Male,Mexico City,Mexico,Mexico City,Mexico,Mexico City,Mexico,2024-06-29 19:51:57,Purchase,64.02,CHF,McDonalds,Entertainment,Payment for entertainment,FALSE,1003098345,UJHKZTRF,9816786238,YZDWRGJM,8891.31,9343.6,1,
TXN00000852,CUST005871,Olivia,Miller,Female,London,UK,London,UK,London,UK,2025-09-19 19:19:44,Transfer,35.83,USD,Target,Bills & Utilities,Payment for food & dining,FALSE,1242310203,NYSPIQBR,1615032308,AZGQBJPC,9300.06,9578.47,1,
TXN00000902,CUST009585,William,Davis,Female,Rome,Italy,Rome,Italy,Rome,Italy,2024-05-22 16:11:01,Purchase,296.92,EUR,Airbnb,Bills & Utilities,Payment for groceries,FALSE,1562754775,DENULWQX,5918568362,UCFZMRTM,7186.06,7004.71,1,
TXN00004796,CUST004803,Michael,Taylor,Male,São Paulo,Brazil,São Paulo,Brazil,São Paulo,Brazil,2024-06-22 00:10:47,Transfer,3775.45,GBP,Uber,Groceries,Payment for bills & utilities,FALSE,5123545843,VJISDSMF,3557125852,TEFPJOAY,5993.2,5904.28,0,Unusual location pattern
TXN00004389,CUST005716,Isabella,Davis,Female,Toronto,Canada,Toronto,Canada,Toronto,Canada,2025-04-06 22:25:19,Transfer,302.71,AUD,Starbucks,Gas & Fuel,Payment for home & garden,FALSE,9276627325,XFWRBXYM,3949071504,JSSYIRMM,8534.59,9038.47,1,
TXN00002438,CUST003118,Harper,Johnson,Male,Sydney,Australia,Sydney,Australia,Sydney,Australia,2025-04-25 06:08:19,Transfer,241.89,EUR,Apple Store,Electronics,Payment for entertainment,FALSE,6197980204,JWOPWELZ,7986295415,QYTBBHXL,5932.11,5071.23,1,
TXN00001178,CUST006309,Emma,Martinez,Male,Rome,Italy,Rome,Italy,Rome,Italy,2025-07-24 19:13:49,Purchase,272.62,AUD,Apple Store,Entertainment,Payment for groceries,FALSE,4542810836,YDBHAFUK,3588195332,MYASERHO,7350.76,7186.21,1,
TXN00003244,CUST000949,Harper,Lee,Male,São Paulo,Brazil,São Paulo,Brazil,São Paulo,Brazil,2024-08-13 21:37:34,Purchase,112.27,CNY,Starbucks,Food & Dining,Payment for health & fitness,FALSE,3034931339,VKURQKNI,9841233751,ZBMAPINR,14197.08,14422.35,1,
TXN00001406,CUST008399,Emma,Martin,Female,Toronto,Canada,Toronto,Canada,Toronto,Canada,2025-04-23 17:21:42,Transfer,416.68,CNY,McDonalds,Food & Dining,Payment for gas & fuel,FALSE,3143502769,RWDOQIOG,3946314218,TKVEXTHV,14699.03,14458.48,1,
TXN00000988,CUST006861,Olivia,Rodriguez,Male,Singapore,Singapore,Singapore,Singapore,Singapore,Singapore,2025-04-07 03:42:58,Purchase,381.85,USD,Whole Foods,Shopping,Payment for electronics,FALSE,3517243752,OZZCDWJB,7695059737,ZNTJCCRM,8019.37,7820.02,1,
TXN00001219,CUST004453,Richard,Hernandez,Female,Mexico City,Mexico,Mexico City,Mexico,Mexico City,Mexico,2025-04-25 02:15:27,Purchase,106.23,EUR,Marriott Hotels,Home & Garden,Payment for shopping,TRUE,7948416065,QMVLNKRV,7624701979,XTVOUBQT,12632.51,13064.41,1,
TXN00004547,CUST003724,Robert,Lee,Female,Tokyo,Japan,Tokyo,Japan,Tokyo,Japan,2024-04-10 00:48:46,Purchase,255.14,GBP,Apple Store,Food & Dining,Payment for groceries,TRUE,9779285476,NCJLAYTG,7984411362,LGIXKZLR,13095.54,13273.85,1,
TXN00003150,CUST009870,Evelyn,Hernandez,Male,Toronto,Canada,Toronto,Canada,Toronto,Canada,2024-11-09 23:30:40,Purchase,330.61,GBP,Starbucks,Travel,Payment for shopping,FALSE,4796318517,SACXRKSD,6466377411,VHCQNADE,12626.09,12721.91,1,
TXN00003667,CUST001659,Emma,Garcia,Female,Shanghai,China,Shanghai,China,Shanghai,China,2025-04-15 19:58:43,Purchase,78.27,CAD,Starbucks,Health & Fitness,Payment for food & dining,FALSE,4049502741,ZRTTWZXD,2204768742,IKQGQUWF,6648.07,7334.39,1,
TXN00002231,CUST003367,William,Thomas,Male,Mexico City,Mexico,Mexico City,Mexico,Mexico City,Mexico,2025-06-21 08:52:44,Purchase,205.87,EUR,Marriott Hotels,Gas & Fuel,Payment for electronics,FALSE,9134454139,IBTYKGRJ,5008652044,SWOLDKKI,10832.72,11499.35,1,
TXN00002178,CUST008547,Robert,Thomas,Male,Mexico City,Mexico,Mexico City,Mexico,Mexico City,Mexico,2024-11-16 03:07:01,Purchase,180.76,EUR,Marriott Hotels,Travel,Payment for electronics,FALSE,1117608950,ACXNVXXR,6307941262,KSIEZHQN,14923.44,14241.01,1,
TXN00004584,CUST006652,Joseph,Miller,Male,Madrid,Spain,Madrid,Spain,Madrid,Spain,2024-05-26 16:18:04,Purchase,164.09,CNY,Target,Health & Fitness,Payment for travel,FALSE,5767667161,DEEYPTYJ,7056090006,QPQDNFYF,11442.92,10524.9,1,
TXN00000664,CUST003898,John,Lopez,Male,London,UK,London,UK,London,UK,2025-04-27 05:36:51,Transfer,221.84,CAD,Walmart,Bills & Utilities,Payment for travel,FALSE,4237919055,RIBVAAXK,2119845457,FNTLRRRF,9366.91,9094.7,1,
TXN00004026,CUST003820,Robert,Martin,Male,New York,USA,New York,USA,New York,USA,2025-09-14 08:30:49,Purchase,298.17,GBP,Whole Foods,Bills & Utilities,Payment for travel,TRUE,8226199928,XOCOGTAV,1330252640,GTYTWBLL,11963.59,12481.75,1,
TXN00004353,CUST003573,Robert,Jackson,Male,São Paulo,Brazil,São Paulo,Brazil,São Paulo,Brazil,2024-03-20 08:58:25,Transfer,357.7,CHF,Target,Electronics,Payment for health & fitness,FALSE,3477719085,DROZPETR,5914179874,TNUELYXG,12121.07,12961.23,1,
TXN00003360,CUST004096,Joseph,Thomas,Male,Paris,France,Paris,France,Paris,France,2025-06-08 00:32:15,Purchase,33.39,AUD,Delta Airlines,Electronics,Payment for electronics,FALSE,7251907080,HSPXATVU,9394482669,APGODEYX,6538.21,6941.24,1,
TXN00003094,CUST009747,Harper,Jackson,Male,Shanghai,China,Shanghai,China,Shanghai,China,2024-06-14 03:40:46,Transfer,65.03,CHF,Airbnb,Health & Fitness,Payment for bills & utilities,FALSE,1526139722,AUYFPIYG,9182356867,RSEFSXMH,5692.5,5831.04,1,
TXN00004062,CUST005793,Robert,Hernandez,Male,Dubai,UAE,Dubai,UAE,Dubai,UAE,2024-09-16 12:38:12,Purchase,74.17,INR,Walmart,Shopping,Payment for gas & fuel,FALSE,8667937133,YIQEMPDZ,4425164534,CXKAYNMT,7580.61,8513.79,1,
TXN00003979,CUST009746,Daniel,Davis,Female,Rome,Italy,Rome,Italy,Rome,Italy,2024-07-18 19:38:35,Purchase,457.9,JPY,Whole Foods,Entertainment,Payment for home & garden,FALSE,8627085859,PPGPAVHP,7324025979,BZBKJGUJ,8251.73,8445.72,1,
TXN00002243,CUST005582,Michael,Brown,Male,Madrid,Spain,Madrid,Spain,Madrid,Spain,2024-01-19 12:21:20,Purchase,63.87,INR,Marriott Hotels,Food & Dining,Payment for electronics,TRUE,2717109396,UVVQLNZO,1072941536,OUVVWSOO,6186.12,6386.4,1,
TXN00003845,CUST001818,Amelia,Martin,Female,Mexico City,Mexico,Mexico City,Mexico,Mexico City,Mexico,2024-08-28 23:20:17,Purchase,162.64,JPY,Airbnb,Home & Garden,Payment for home & garden,FALSE,1728668837,JUQZYDDC,9440319277,BEIAHAPP,10266.2,10766.48,1,
TXN00003143,CUST001102,Thomas,Moore,Male,London,UK,London,UK,London,UK,2025-04-19 23:09:05,Transfer,336.57,INR,Amazon,Home & Garden,Payment for travel,FALSE,4308569763,XPMFBYNF,9315288214,TFTTQNIA,11910.5,12717.39,1,
TXN00001750,CUST002921,Harper,Miller,Female,Tokyo,Japan,Tokyo,Japan,Tokyo,Japan,2024-06-04 15:06:56,Purchase,368.42,USD,Apple Store,Entertainment,Payment for shopping,FALSE,3071824726,CLRZLUKS,5517785539,XZKKPIXP,12901.09,13429.58,1,
TXN00003849,CUST004085,William,Lee,Female,London,UK,London,UK,London,UK,2024-04-29 18:53:04,Purchase,246.14,EUR,Netflix,Shopping,Payment for travel,FALSE,2656806247,CLVPLXEA,9968083638,VRSNSQCC,8200.73,8836.17,1,
TXN00000081,CUST009953,John,Lee,Male,New York,USA,New York,USA,New York,USA,2024-11-16 02:36:54,Purchase,97.16,EUR,Shell Gas,Electronics,Payment for entertainment,FALSE,6446283438,KDRHKBZI,3153405738,CUPFAEPF,12883.84,12254.42,1,
TXN00002415,CUST001718,William,Smith,Female,Shanghai,China,Shanghai,China,Shanghai,China,2025-10-04 11:46:57,Transfer,153.72,GBP,Home Depot,Shopping,Payment for food & dining,FALSE,3067279346,NTSEGNBS,7642277171,SVQOJOAP,4769.84,5714.63,1,
TXN00002932,CUST003450,Isabella,Moore,Male,Shanghai,China,Shanghai,China,Shanghai,China,2024-04-07 14:49:26,Purchase,238.02,CNY,Target,Bills & Utilities,Payment for home & garden,FALSE,2655034099,VRZNYHZQ,9463635062,PHTJSNUZ,13942.14,13355.92,1,
TXN00002450,CUST009258,Charlotte,Rodriguez,Male,Paris,France,Paris,France,Paris,France,2025-08-17 07:53:32,Purchase,310.17,EUR,Home Depot,Gas & Fuel,Payment for food & dining,FALSE,5926931334,GFILOOQI,3943244426,MXJKOAOY,6515.66,6343.08,1,
TXN00000156,CUST007037,William,Lee,Female,Berlin,Germany,Berlin,Germany,Berlin,Germany,2024-08-11 04:00:51,Purchase,113.68,CHF,Marriott Hotels,Bills & Utilities,Payment for shopping,FALSE,5554234887,VNLEKNDN,6041540327,EMWHDQUY,13147.83,12994.73,1,
TXN00002802,CUST009466,Michael,Martin,Female,Mexico City,Mexico,Mexico City,Mexico,Mexico City,Mexico,2024-04-02 10:56:01,Transfer,62.52,AUD,Whole Foods,Groceries,Payment for health & fitness,FALSE,3158068600,FEPDIINV,2705869284,EMSQETEB,10951.45,10355.65,1,
TXN00004158,CUST001420,Emma,Davis,Male,São Paulo,Brazil,São Paulo,Brazil,São Paulo,Brazil,2024-06-06 12:08:27,Purchase,105.71,JPY,Starbucks,Entertainment,Payment for entertainment,TRUE,3621641704,YIFAKLFD,8204279161,PGRKJHAW,6636.74,7380.6,1,
TXN00004200,CUST005777,Evelyn,Thomas,Male,Rome,Italy,Rome,Italy,Rome,Italy,2025-06-06 18:33:49,Purchase,180.85,GBP,Whole Foods,Electronics,Payment for entertainment,FALSE,8569571826,TZLOXQBB,6648999047,JIJRKQPF,12327.71,11704.52,1,
TXN00001671,CUST001484,John,Williams,Male,Mumbai,India,Mumbai,India,Mumbai,India,2024-09-25 02:41:32,Purchase,233.99,JPY,Whole Foods,Groceries,Payment for shopping,FALSE,5786394560,HCQPRWQV,5901446097,UOUNTYYQ,12626.56,11706.96,1,
TXN00002062,CUST004690,John,Thomas,Female,Rome,Italy,Rome,Italy,Rome,Italy,2024-02-17 15:35:53,Purchase,124.7,GBP,Starbucks,Groceries,Payment for gas & fuel,FALSE,9541648870,OZMWJZFD,1788736882,WMWWDSFO,11411.26,11024.99,1,
TXN00000209,CUST007472,Thomas,Jackson,Female,London,UK,London,UK,London,UK,2024-08-28 20:46:31,Transfer,48.76,AUD,Airbnb,Travel,Payment for entertainment,FALSE,9722929342,JVFSJTHF,1147967275,MPDXESEN,8242.16,7309.27,1,
TXN00000964,CUST004045,Olivia,Smith,Male,Madrid,Spain,Madrid,Spain,Madrid,Spain,2024-08-21 05:53:31,Purchase,156.36,USD,Home Depot,Home & Garden,Payment for entertainment,FALSE,2170211284,YUDHYREY,9692360534,OSFQMMTX,6482.92,6238.42,1,
TXN00001119,CUST006204,Charlotte,Johnson,Female,Singapore,Singapore,Singapore,Singapore,Singapore,Singapore,2025-06-17 00:42:50,Transfer,136.79,JPY,Walmart,Gas & Fuel,Payment for entertainment,FALSE,5895036828,ULINBESV,8337659874,HZHMQMYZ,6259.43,5840.87,1,
TXN00002708,CUST004128,Evelyn,Hernandez,Male,Madrid,Spain,Madrid,Spain,Madrid,Spain,2024-02-25 08:07:24,Purchase,63.23,AUD,Airbnb,Home & Garden,Payment for electronics,FALSE,6971130487,VLPNRQLO,1895754704,HCZGQWCU,8294.3,8517.46,1,
TXN00003676,CUST003019,Emma,Rodriguez,Male,Madrid,Spain,Madrid,Spain,Madrid,Spain,2024-08-19 16:19:06,Transfer,73.7,JPY,Netflix,Groceries,Payment for shopping,FALSE,1159030615,ABVKVEQB,8794764857,NFUSWLBY,12408.06,11959.83,1,
TXN00001736,CUST005195,Olivia,Jones,Female,Dubai,UAE,Dubai,UAE,Dubai,UAE,2024-03-30 22:28:42,Transfer,341.25,JPY,McDonalds,Travel,Payment for gas & fuel,FALSE,9606604024,SWHSGNAY,1934118915,XGSGATLI,5539.52,5162.11,1,
TXN00004755,CUST000671,Sophia,Brown,Female,Dubai,UAE,Dubai,UAE,Mexico City,Mexico,2025-09-29 03:39:37,Purchase,5126.31,AUD,Best Buy,Travel,Payment for travel,FALSE,1031042512,ZJWZDJHY,6210130011,PPPVTOTV,6894.92,6876.44,0,Unusual location pattern
TXN00002163,CUST008893,Robert,Wilson,Male,São Paulo,Brazil,São Paulo,Brazil,São Paulo,Brazil,2025-02-23 04:18:29,Purchase,80.8,AUD,Amazon,Health & Fitness,Payment for shopping,FALSE,4161971008,BUXGENIN,8911545862,TFEDRMUA,7440.68,6486.12,1,
TXN00002697,CUST003046,Charlotte,Johnson,Male,Mexico City,Mexico,Mexico City,Mexico,Mexico City,Mexico,2025-09-17 22:29:27,Purchase,399.46,GBP,McDonalds,Bills & Utilities,Payment for health & fitness,TRUE,9128678826,KUCVOOTK,7851695535,FVAKJBIF,14140.16,14979.02,1,
TXN00004528,CUST007044,Olivia,Jones,Male,Toronto,Canada,Toronto,Canada,Toronto,Canada,2024-02-03 05:10:14,Purchase,384.71,USD,Uber,Health & Fitness,Payment for home & garden,FALSE,3002820072,DKIAVJGI,6478069182,OPKEUTDB,13156.4,13103.62,1,
TXN00002925,CUST001207,Ava,Martin,Female,Tokyo,Japan,Tokyo,Japan,Tokyo,Japan,2024-04-17 23:03:47,Purchase,443.22,AUD,Delta Airlines,Home & Garden,Payment for shopping,FALSE,2144604534,CQZLGASM,5782969053,COHJACCJ,15519.89,14970.59,1,
TXN00004564,CUST000374,David,Smith,Male,Shanghai,China,Shanghai,China,Shanghai,China,2025-02-18 15:14:01,Transfer,74.7,AUD,Starbucks,Electronics,Payment for travel,FALSE,1759697902,PDPTUQBH,1535662141,GEKLZEBG,11029.19,10885.66,1,
TXN00004339,CUST000303,Amelia,Johnson,Male,London,UK,London,UK,London,UK,2024-07-10 10:22:14,Transfer,98.91,EUR,Uber,Groceries,Payment for gas & fuel,FALSE,6494322443,DOVLNNRU,2678876463,JSYWPNOR,5885.16,5885.43,1,
TXN00003271,CUST000951,William,Wilson,Male,Rome,Italy,Rome,Italy,Rome,Italy,2025-09-26 06:08:44,Transfer,418.87,USD,Apple Store,Home & Garden,Payment for health & fitness,FALSE,7308831513,SQUFXGXH,5078123790,MTMXCPJM,12502.5,12421.62,1,
TXN00002017,CUST004316,Olivia,Johnson,Male,Madrid,Spain,Madrid,Spain,Madrid,Spain,2024-11-25 14:40:28,Purchase,166.8,JPY,Amazon,Travel,Payment for health & fitness,FALSE,5883646347,UJTNANDT,3709898728,XMNLIMGE,5926.62,5438.07,1,
TXN00001065,CUST000171,Charlotte,Jackson,Female,Sydney,Australia,Sydney,Australia,Sydney,Australia,2025-01-05 07:35:53,Purchase,180.45,INR,Netflix,Health & Fitness,Payment for home & garden,FALSE,4382451031,XLTXRGXW,5235931677,ZLFONWUI,13916.09,13938.87,1,
TXN00002946,CUST002191,Charlotte,Lee,Female,Mexico City,Mexico,Mexico City,Mexico,Mexico City,Mexico,2024-08-21 08:55:21,Transfer,340.97,GBP,Starbucks,Groceries,Payment for electronics,FALSE,2760100299,OQLWMLFA,7250110749,TOCIGUSJ,6595.83,5837.73,1,
TXN00004396,CUST008613,David,Miller,Male,New York,USA,New York,USA,New York,USA,2025-09-09 18:53:09,Transfer,203.95,GBP,McDonalds,Shopping,Payment for food & dining,FALSE,8395335923,EUAXBAZP,5239050120,FNKKTQOI,8619.8,8552.02,1,
TXN00000824,CUST009682,Olivia,Anderson,Male,Tokyo,Japan,Tokyo,Japan,Tokyo,Japan,2025-09-15 00:47:22,Purchase,146.34,GBP,Delta Airlines,Travel,Payment for shopping,FALSE,8354048145,JVLULLJD,5585309245,TUXEKSMT,11351.16,11281.56,1,
TXN00000403,CUST007418,Olivia,Anderson,Male,Rome,Italy,Rome,Italy,Rome,Italy,2024-11-17 19:20:39,Purchase,244.46,GBP,Whole Foods,Travel,Payment for entertainment,FALSE,9434749620,JWNGLEZA,4422249374,TJVBHJTP,13521.19,13608.16,1,
TXN00003191,CUST000652,Amelia,Johnson,Male,New York,USA,New York,USA,New York,USA,2024-01-05 13:06:01,Purchase,407.91,AUD,Delta Airlines,Home & Garden,Payment for home & garden,FALSE,2077871302,TLRKLRYZ,7708067142,DBDSIIKX,7839.32,8467.05,1,
TXN00002647,CUST007269,James,Lee,Male,Mexico City,Mexico,Mexico City,Mexico,Mexico City,Mexico,2025-01-25 05:01:51,Purchase,23.1,GBP,Home Depot,Shopping,Payment for health & fitness,FALSE,7523995756,CTMAHRMS,6878596854,RTBSKNEX,6379.49,6942.41,1,
TXN00001756,CUST001467,Mia,Hernandez,Female,Toronto,Canada,Toronto,Canada,Toronto,Canada,2024-06-13 10:27:21,Purchase,246.4,USD,Airbnb,Gas & Fuel,Payment for travel,FALSE,4715843777,AGIEDORM,9016105882,GAVJSHPT,7337.81,6949.2,1,
TXN00003171,CUST006221,Harper,Brown,Male,Toronto,Canada,Toronto,Canada,Toronto,Canada,2024-04-30 10:22:58,Purchase,202.4,INR,Amazon,Bills & Utilities,Payment for electronics,FALSE,7902954362,EPWVLGTT,4516159315,MBNNQQJP,13593.64,13540.65,1,
TXN00004468,CUST002105,Richard,Smith,Male,Mexico City,Mexico,Mexico City,Mexico,Mexico City,Mexico,2024-09-03 07:42:15,Purchase,65.83,AUD,Shell Gas,Gas & Fuel,Payment for gas & fuel,FALSE,5641097215,BDDJFTWL,6464333580,GMLNVIQH,10473.46,9848.23,1,
TXN00002933,CUST007572,Mia,Rodriguez,Female,Toronto,Canada,Toronto,Canada,Toronto,Canada,2025-06-02 01:22:18,Purchase,310.47,GBP,Apple Store,Health & Fitness,Payment for entertainment,FALSE,3064233519,MLJSOUYQ,1737399619,BJSEAIAY,7860.68,7072.97,1,
TXN00002637,CUST000304,David,Davis,Male,Tokyo,Japan,Tokyo,Japan,Tokyo,Japan,2024-12-10 05:51:27,Transfer,260.47,GBP,Walmart,Food & Dining,Payment for health & fitness,FALSE,9642961259,GYPFPYBT,7992031188,XZWAKRSQ,8652.19,7743.49,1,
TXN00001755,CUST000198,James,Jackson,Female,Berlin,Germany,Berlin,Germany,Berlin,Germany,2025-02-08 01:29:32,Purchase,374.83,CHF,Apple Store,Home & Garden,Payment for entertainment,FALSE,5505154255,KLWKQMTB,9628499320,TSZITPNR,7515.89,8176.02,1,
TXN00000466,CUST008579,Richard,Jackson,Male,London,UK,London,UK,London,UK,2025-01-02 18:36:59,Purchase,328.24,EUR,Airbnb,Electronics,Payment for bills & utilities,FALSE,9369450634,IFTDAFQO,2654181849,EZHCESCE,10669.1,11287.87,1,
TXN00001788,CUST009938,Olivia,Jones,Male,São Paulo,Brazil,São Paulo,Brazil,São Paulo,Brazil,2024-04-12 16:50:59,Purchase,352.11,CNY,McDonalds,Gas & Fuel,Payment for groceries,FALSE,5138391402,BHFJABPG,6930732146,IYLJLYPQ,10581.95,11376.08,1,
TXN00000639,CUST006068,Isabella,Johnson,Male,Paris,France,Paris,France,Paris,France,2024-03-13 19:38:58,Purchase,338.53,CAD,Marriott Hotels,Travel,Payment for entertainment,FALSE,9783073421,GUWEYPKD,3674758083,KLHPTEVB,10490.61,11133.49,1,
TXN00003289,CUST003623,Daniel,Garcia,Male,Rome,Italy,Rome,Italy,Rome,Italy,2025-10-13 00:59:47,Transfer,206.44,USD,Home Depot,Shopping,Payment for food & dining,TRUE,5671230224,ONPDAVUS,9224731718,DECYLQBC,10569.61,10241.82,1,
TXN00003457,CUST002017,Amelia,Brown,Male,Mumbai,India,Mumbai,India,Mumbai,India,2024-10-14 00:24:22,Purchase,499.53,CNY,Apple Store,Shopping,Payment for health & fitness,FALSE,1305889496,RYXNFRTD,7681273614,LAAFDDAA,8420.8,8309.59,1,
TXN00003687,CUST007933,William,Thomas,Male,Mumbai,India,Mumbai,India,Mumbai,India,2024-02-24 16:56:26,Transfer,139.9,CAD,Uber,Shopping,Payment for electronics,FALSE,7833627927,GTQCBWGK,7306645450,CSWGUCLP,5517.43,5596.25,1,
TXN00001731,CUST007352,Harper,Wilson,Male,London,UK,London,UK,London,UK,2024-03-20 11:38:52,Purchase,233.91,EUR,Best Buy,Health & Fitness,Payment for travel,FALSE,7934521951,GOUVZKZF,5659627152,YGWPAVZR,5205.63,5027.66,1,
TXN00001817,CUST006135,Olivia,Anderson,Male,Rome,Italy,Rome,Italy,Rome,Italy,2024-11-10 11:27:20,Purchase,145.27,EUR,Marriott Hotels,Health & Fitness,Payment for health & fitness,TRUE,8142989643,RROYQSBB,5200730347,IWTSFJPC,9201.84,9644.69,1,
TXN00000482,CUST003417,James,Jackson,Female,Mexico City,Mexico,Mexico City,Mexico,Mexico City,Mexico,2024-05-04 18:33:52,Purchase,393.98,GBP,Apple Store,Travel,Payment for gas & fuel,FALSE,7767954233,GVYQYRIK,2904092734,UYQZJYWM,6547.85,6761.02,1,
TXN00003103,CUST008338,Harper,Wilson,Female,Toronto,Canada,Toronto,Canada,Toronto,Canada,2024-02-05 05:59:49,Purchase,67.34,CAD,Apple Store,Shopping,Payment for shopping,FALSE,4761215175,JIFIYSIQ,3118466396,HWRWGSBI,8906.39,8151.92,1,
TXN00004975,CUST001540,James,Martin,Female,London,UK,London,UK,Mumbai,India,2025-03-16 10:37:23,Purchase,887.72,CAD,Walmart,Electronics,Payment for groceries,FALSE,9534511927,ELROKPCP,7709027888,TSVTRPFG,12961.54,13312.3,0,Velocity check failed
TXN00000535,CUST000584,Ava,Johnson,Female,Mumbai,India,Mumbai,India,Mumbai,India,2025-07-26 13:38:12,Purchase,407.13,EUR,Walmart,Health & Fitness,Payment for food & dining,FALSE,3131701439,HFEWOOMX,8478156749,XNRJCCMM,13756.13,13851.75,1,
TXN00004358,CUST000841,Thomas,Hernandez,Female,Mumbai,India,Mumbai,India,Mumbai,India,2025-06-30 04:05:03,Purchase,213.54,INR,Target,Groceries,Payment for gas & fuel,FALSE,5145310943,QNEZQSCZ,2845195468,NSHYIQIG,10826.83,11639.28,1,
TXN00004262,CUST001846,Isabella,Davis,Male,Tokyo,Japan,Tokyo,Japan,Tokyo,Japan,2024-09-04 23:01:32,Purchase,330.4,CNY,Netflix,Shopping,Payment for electronics,FALSE,9210297611,ALRLDLUT,5537960727,JAZSRBVZ,9977.15,9983.85,1,
TXN00004417,CUST007004,Thomas,Lee,Female,Shanghai,China,Shanghai,China,Shanghai,China,2024-05-22 20:20:23,Purchase,191.89,EUR,McDonalds,Travel,Payment for food & dining,FALSE,2089713378,LRXTRHCY,9027610187,VXOBPUWF,7141.04,7386.09,1,
TXN00001861,CUST002081,William,Williams,Female,Paris,France,Paris,France,Paris,France,2025-10-09 18:03:32,Purchase,430.98,AUD,Home Depot,Health & Fitness,Payment for home & garden,FALSE,8615828663,DFOIYAGX,4046747533,DKKNYSNX,11816.31,12797.7,1,
TXN00004489,CUST002191,Sophia,Johnson,Female,Paris,France,Paris,France,Paris,France,2024-09-25 10:53:31,Transfer,369.89,CAD,Uber,Groceries,Payment for home & garden,FALSE,6058810379,VDLDPIQZ,1008362471,ZZIGMHXQ,5606.27,5545.33,1,
TXN00003690,CUST000763,Sophia,Anderson,Female,New York,USA,New York,USA,New York,USA,2024-03-24 07:52:37,Transfer,372.81,CHF,Delta Airlines,Health & Fitness,Payment for entertainment,FALSE,6448806927,JYAITCTQ,3495368615,FFWYMTXU,6017.53,5566.29,1,
TXN00004444,CUST008635,William,Garcia,Male,Tokyo,Japan,Tokyo,Japan,Tokyo,Japan,2024-05-08 06:32:59,Transfer,386.01,USD,Home Depot,Groceries,Payment for gas & fuel,FALSE,6570901980,FNYJFNCV,5555934048,RMBCSZZU,11439.17,10549.49,1,
TXN00000708,CUST000019,Sophia,Williams,Female,London,UK,London,UK,London,UK,2024-01-16 05:02:39,Transfer,336.53,AUD,McDonalds,Shopping,Payment for bills & utilities,TRUE,9383728862,OSEAHIKY,9453746114,HXTQKEGI,11902.06,12585.21,1,
TXN00004877,CUST003392,Thomas,Jones,Female,Berlin,Germany,Shanghai,China,Berlin,Germany,2024-12-01 23:29:57,Purchase,581.34,JPY,Marriott Hotels,Shopping,Payment for health & fitness,FALSE,6733426696,YKDMBSTZ,7038520011,IPBXPQSQ,11956.96,11956.54,0,Login from different country than transaction
TXN00002127,CUST007774,Charlotte,Wilson,Female,Shanghai,China,Shanghai,China,Shanghai,China,2025-01-06 19:19:44,Transfer,117.56,GBP,Home Depot,Bills & Utilities,Payment for bills & utilities,FALSE,1028406315,NEAYPZEH,2438134257,EIYXDZCE,10177.98,9893.22,1,
TXN00001810,CUST008155,Isabella,Moore,Female,Paris,France,Paris,France,Paris,France,2025-03-21 05:58:33,Transfer,294.53,CNY,Marriott Hotels,Entertainment,Payment for travel,FALSE,2733714685,ZGZQYKVE,2351073485,NHYAJDVE,5702.08,5856.46,1,
TXN00004051,CUST007201,Michael,Jackson,Female,Mexico City,Mexico,Mexico City,Mexico,Mexico City,Mexico,2024-04-29 08:00:02,Purchase,91.55,CHF,Apple Store,Gas & Fuel,Payment for travel,FALSE,2150194564,NYQRMJBI,8857296898,VZMRXTWK,11721.9,10899.48,1,
TXN00004471,CUST003491,William,Williams,Female,Berlin,Germany,Berlin,Germany,Berlin,Germany,2024-03-16 18:45:26,Transfer,245.92,GBP,Delta Airlines,Health & Fitness,Payment for home & garden,FALSE,3413172881,NMSQTQYP,5402521077,IXKBNFMV,13016.39,12596.93,1,
TXN00000388,CUST004603,James,Anderson,Female,London,UK,London,UK,London,UK,2024-02-07 00:14:19,Purchase,92.34,INR,McDonalds,Entertainment,Payment for health & fitness,FALSE,4232587840,IUTNMQLQ,3926616761,ELXVNQGK,5459.14,6227.57,1,
TXN00000596,CUST006745,John,Jackson,Female,Shanghai,China,Shanghai,China,Shanghai,China,2024-05-21 14:52:01,Transfer,33.88,CHF,Home Depot,Food & Dining,Payment for home & garden,FALSE,6198342793,LCDBRUOH,9356150965,JIQMFTLJ,8632.06,8523.71,1,
TXN00003024,CUST005843,Michael,Brown,Male,Toronto,Canada,Toronto,Canada,Toronto,Canada,2024-10-28 12:18:55,Purchase,212.19,CNY,Netflix,Travel,Payment for home & garden,TRUE,4404247257,BMFKPVJJ,8808365215,ZHQDQOOQ,6900.31,7853.39,1,
TXN00004505,CUST000727,Emma,Jones,Male,Madrid,Spain,Madrid,Spain,Madrid,Spain,2024-08-30 13:50:55,Purchase,455.91,AUD,Apple Store,Electronics,Payment for home & garden,FALSE,2860562094,JGLOOSEM,3086830960,SVILDYLD,14572.77,13832.69,1,
TXN00004159,CUST009542,Harper,Brown,Male,Mexico City,Mexico,Mexico City,Mexico,Mexico City,Mexico,2024-12-01 14:30:58,Purchase,168.5,GBP,Walmart,Home & Garden,Payment for food & dining,FALSE,8704764330,YPRYGGRM,6519618516,BYGYFMKR,8164.73,7660.21,1,
TXN00001494,CUST002148,Amelia,Hernandez,Male,Mumbai,India,Mumbai,India,Mumbai,India,2024-06-07 18:13:57,Purchase,163.68,CNY,Marriott Hotels,Bills & Utilities,Payment for shopping,TRUE,2200782949,MWXHCPHR,1965783971,LPVGPQYR,8235.18,8958.26,1,
TXN00002214,CUST004626,Daniel,Martinez,Male,Berlin,Germany,Berlin,Germany,Berlin,Germany,2024-07-03 15:09:34,Purchase,369.59,INR,Home Depot,Food & Dining,Payment for electronics,FALSE,4626075409,WDZPNSTG,3431551989,LQHISRRF,7895.26,7782.91,1,
TXN00002094,CUST003201,James,Thomas,Female,Sydney,Australia,Sydney,Australia,Sydney,Australia,2025-07-11 20:18:19,Transfer,468.64,CNY,Airbnb,Bills & Utilities,Payment for food & dining,FALSE,4279825877,HOVUMSGB,8156532258,ZHOHVIBJ,12394.13,11845.96,1,
TXN00001664,CUST008756,Ava,Davis,Male,Rome,Italy,Rome,Italy,Rome,Italy,2024-04-21 03:18:36,Transfer,448.53,CHF,Airbnb,Shopping,Payment for shopping,FALSE,5585250141,XKSKVRHL,4530424742,ZXMKCODH,9747.18,10552.65,1,
TXN00001069,CUST003750,Thomas,Johnson,Male,New York,USA,New York,USA,New York,USA,2025-05-08 00:16:06,Purchase,61.44,JPY,Home Depot,Groceries,Payment for groceries,FALSE,2157377232,WAOBTNET,5393667131,KYRZZZGN,11284.74,10605.39,1,
TXN00000737,CUST009963,Sophia,Lopez,Male,Singapore,Singapore,Singapore,Singapore,Singapore,Singapore,2025-01-30 11:46:03,Purchase,445.31,AUD,Amazon,Electronics,Payment for electronics,FALSE,3383037540,ZQBYRPZN,1914703446,DCPQFUKF,10003.4,9388.55,1,
TXN00001006,CUST000745,Mia,Thomas,Female,Berlin,Germany,Berlin,Germany,Berlin,Germany,2024-06-05 15:28:10,Transfer,260.6,JPY,Delta Airlines,Groceries,Payment for food & dining,FALSE,4521310897,SFFZXXMF,3840124682,OQEWAQAH,14698.22,14584.42,1,
TXN00004431,CUST002167,William,Davis,Female,Toronto,Canada,Toronto,Canada,Toronto,Canada,2024-10-11 00:00:16,Purchase,107.53,CNY,McDonalds,Groceries,Payment for gas & fuel,FALSE,9080437124,DLKDEDFJ,5634957915,GNKVHIUQ,6582.94,7349.2,1,
TXN00003945,CUST005689,Harper,Brown,Male,Mexico City,Mexico,Mexico City,Mexico,Mexico City,Mexico,2024-06-28 19:06:28,Transfer,449.21,GBP,Whole Foods,Gas & Fuel,Payment for groceries,FALSE,3006606823,RNAFAQRE,1252951097,XCFNLCLE,12315.54,13229.7,1,
TXN00000823,CUST009406,Emma,Wilson,Female,New York,USA,New York,USA,New York,USA,2024-03-25 01:32:05,Purchase,427.47,USD,Amazon,Food & Dining,Payment for electronics,FALSE,8113043527,EEGVDRXD,8649270756,YQIIQHKF,7204.54,7736.78,1,
TXN00002440,CUST006814,Joseph,Davis,Female,Berlin,Germany,Berlin,Germany,Berlin,Germany,2024-09-21 13:38:34,Transfer,448.7,INR,Uber,Entertainment,Payment for electronics,FALSE,5081122157,EHOAEPON,6469764027,VUCQWKUY,9222.49,8245.14,1,
TXN00000753,CUST005924,Harper,Thomas,Female,Paris,France,Paris,France,Paris,France,2025-06-19 07:37:00,Purchase,198.56,EUR,Starbucks,Bills & Utilities,Payment for travel,FALSE,6929494345,EADNJDOH,9810900230,MDHVCUXS,10511.76,9566.59,1,
TXN00002175,CUST009977,Charlotte,Hernandez,Male,Mumbai,India,Mumbai,India,Mumbai,India,2024-02-07 17:21:22,Purchase,123.04,INR,Amazon,Entertainment,Payment for shopping,FALSE,2206264465,VRLREFBB,4025676954,OMEXLENH,5041.89,5516.89,1,
TXN00002362,CUST007095,Harper,Smith,Female,Shanghai,China,Shanghai,China,Shanghai,China,2025-05-22 06:34:45,Purchase,354.79,GBP,Whole Foods,Health & Fitness,Payment for gas & fuel,FALSE,1135306142,JJNZDTNS,8935914938,VWIOYNHU,7722.66,8630.01,1,
TXN00001764,CUST006372,Olivia,Martin,Female,Singapore,Singapore,Singapore,Singapore,Singapore,Singapore,2024-05-11 15:07:42,Purchase,110.56,CAD,Amazon,Entertainment,Payment for food & dining,FALSE,5728967835,MXEDRJIM,8111160395,OYPFARVY,5933.31,6352.09,1,
TXN00004984,CUST001169,Amelia,Rodriguez,Male,New York,USA,Tokyo,Japan,Dubai,UAE,2024-08-15 02:06:33,Purchase,3217.76,CHF,Whole Foods,Electronics,Payment for bills & utilities,FALSE,5172501118,XPAXGLUE,9157419512,GPQBKTZI,4915.58,5505.71,0,Login from different country than transaction
TXN00002883,CUST003145,David,Lopez,Male,Shanghai,China,Shanghai,China,Shanghai,China,2024-04-02 07:06:47,Purchase,67.51,CHF,Amazon,Electronics,Payment for electronics,TRUE,1151758066,GGGCGJAE,5076192057,OAWSTEOD,6757.93,7018.96,1,
TXN00002782,CUST005982,William,Thomas,Female,New York,USA,New York,USA,New York,USA,2024-03-16 11:25:54,Purchase,269.85,AUD,Netflix,Shopping,Payment for gas & fuel,FALSE,6496867309,EORBMJSL,7474284399,MVAQKEKA,13943.11,13464.04,1,
TXN00000302,CUST001888,John,Thomas,Female,Mumbai,India,Mumbai,India,Mumbai,India,2024-09-20 21:11:20,Purchase,419.9,CAD,Marriott Hotels,Travel,Payment for gas & fuel,FALSE,8412799249,RVPXLVQL,8274451374,GPDDBEBX,8741.65,9656.8,1,
TXN00004059,CUST001844,Daniel,Lopez,Male,Rome,Italy,Rome,Italy,Rome,Italy,2024-11-03 02:25:07,Purchase,337.02,INR,Netflix,Home & Garden,Payment for gas & fuel,FALSE,1960354256,CLFXEBSD,4671022519,PSFUKSRT,6751.09,6506.67,1,
TXN00003417,CUST005930,John,Taylor,Male,Mumbai,India,Mumbai,India,Mumbai,India,2025-08-23 08:53:24,Purchase,490.51,USD,Best Buy,Electronics,Payment for bills & utilities,FALSE,2388619681,BTMHLVLY,1302700757,IYSBOXTP,9810.42,9091.68,1,
TXN00004806,CUST009187,David,Davis,Female,Rome,Italy,Rome,Italy,Toronto,Canada,2024-10-07 17:56:47,Purchase,878.99,CAD,Apple Store,Gas & Fuel,Payment for food & dining,FALSE,8524131282,DCNZQBIY,9439147206,JNANYUMR,14032.85,13870.21,0,Multiple transactions in short time
TXN00002418,CUST006188,Evelyn,Davis,Female,New York,USA,New York,USA,New York,USA,2025-03-17 23:04:53,Purchase,261.18,INR,Best Buy,Food & Dining,Payment for home & garden,TRUE,4542579479,GGNNYQSS,6306341358,VEECEPYP,8112,8019.24,1,
TXN00002796,CUST007692,Emma,Martinez,Female,Tokyo,Japan,Tokyo,Japan,Tokyo,Japan,2025-08-22 11:33:14,Purchase,327.78,CHF,Airbnb,Electronics,Payment for bills & utilities,FALSE,1975977868,IRJHVAFK,4304502983,KYMMVMUT,7045.38,7386.12,1,
TXN00002750,CUST006536,Michael,Smith,Male,Tokyo,Japan,Tokyo,Japan,Tokyo,Japan,2025-03-07 18:09:45,Transfer,201.43,EUR,Home Depot,Groceries,Payment for health & fitness,FALSE,6951616324,TGTNGMLZ,1099036293,AGUHBUNT,10115.03,9754.15,1,
TXN00001398,CUST002057,Harper,Johnson,Female,Singapore,Singapore,Singapore,Singapore,Singapore,Singapore,2025-04-20 21:29:36,Purchase,370.39,CAD,McDonalds,Gas & Fuel,Payment for groceries,FALSE,5911290793,PPRVXJPS,4206620029,RFFGQRRR,8142.27,8967.89,1,
TXN00003712,CUST002175,Richard,Hernandez,Female,Berlin,Germany,Berlin,Germany,Berlin,Germany,2025-09-02 03:22:33,Purchase,124.21,AUD,Apple Store,Food & Dining,Payment for home & garden,FALSE,2915020001,QLCNXDIG,6275549487,XHFWLNPN,4252.35,5120.66,1,
TXN00003682,CUST001211,John,Thomas,Female,Rome,Italy,Rome,Italy,Rome,Italy,2024-11-25 14:21:57,Purchase,161.81,CNY,McDonalds,Health & Fitness,Payment for health & fitness,FALSE,2554598105,CCNXJXYF,4495960910,JFPXAFFR,10591.61,11244.98,1,
TXN00001961,CUST004397,Emma,Taylor,Female,Singapore,Singapore,Singapore,Singapore,Singapore,Singapore,2024-04-05 12:34:48,Purchase,105.28,USD,Apple Store,Electronics,Payment for groceries,FALSE,3166401726,UDRUVZUR,8486317574,SCRNVTBQ,12844.72,12650.96,1,
TXN00003485,CUST001815,David,Rodriguez,Male,New York,USA,New York,USA,New York,USA,2024-05-09 20:45:11,Transfer,230.34,CAD,Best Buy,Gas & Fuel,Payment for home & garden,FALSE,8798169749,OOXRVFJY,7787854892,JZHUHUAG,8189.24,8421.7,1,
TXN00001614,CUST003257,Robert,Garcia,Female,Tokyo,Japan,Tokyo,Japan,Tokyo,Japan,2024-03-04 01:50:39,Transfer,131.35,CAD,Whole Foods,Gas & Fuel,Payment for electronics,FALSE,8824489586,IYPNQOOW,3948985822,DFTKOMMZ,9332.95,8602.31,1,
TXN00000109,CUST007423,Ava,Smith,Female,New York,USA,New York,USA,New York,USA,2025-05-19 05:59:45,Purchase,334,AUD,Delta Airlines,Entertainment,Payment for bills & utilities,FALSE,2540273716,VHJVHJKK,3880670312,IHSLXHTK,12148.51,11360.92,1,
TXN00001220,CUST000367,Isabella,Lopez,Male,London,UK,London,UK,London,UK,2025-03-23 03:10:56,Purchase,409.15,CAD,Starbucks,Health & Fitness,Payment for food & dining,FALSE,2372622230,LLKNENSQ,3444418706,KFUQWNWN,10782.86,10111.61,1,
TXN00001712,CUST005787,Michael,Miller,Male,Paris,France,Paris,France,Paris,France,2025-05-24 09:59:53,Purchase,482.68,CNY,Airbnb,Gas & Fuel,Payment for health & fitness,FALSE,2347265528,JUSSHVEN,9786940680,ANWHVSDM,5992.1,6596.56,1,
TXN00002839,CUST008627,Harper,Martinez,Female,Paris,France,Paris,France,Paris,France,2024-09-02 11:55:02,Purchase,270.96,CHF,Target,Gas & Fuel,Payment for shopping,FALSE,1591350106,ATIDCUKM,8211629444,FWPDXXOB,8247.63,8043.61,1,
TXN00000226,CUST002384,David,Lopez,Female,Berlin,Germany,Berlin,Germany,Berlin,Germany,2024-10-26 03:25:32,Purchase,335.72,JPY,Amazon,Electronics,Payment for groceries,FALSE,2059735452,FLHCEXJE,8373955547,GWDITYEO,13736.77,12891.03,1,
TXN00000077,CUST005321,Evelyn,Moore,Female,Toronto,Canada,Toronto,Canada,Toronto,Canada,2024-03-16 20:53:04,Purchase,392.74,AUD,Amazon,Travel,Payment for travel,FALSE,1203503971,FLOOISAZ,3002913577,AUDAWRDJ,7967.59,8585.82,1,
TXN00000165,CUST003563,James,Garcia,Female,Singapore,Singapore,Singapore,Singapore,Singapore,Singapore,2025-10-01 03:00:49,Purchase,343.37,CHF,Airbnb,Health & Fitness,Payment for bills & utilities,FALSE,3971539034,PMJBNFCW,7164265995,EFCIACHN,9719.26,9134.05,1,
TXN00001233,CUST000819,Ava,Miller,Male,Singapore,Singapore,Singapore,Singapore,Singapore,Singapore,2024-08-01 18:54:11,Purchase,164.66,JPY,Amazon,Food & Dining,Payment for food & dining,FALSE,4311971005,LBIXINXJ,7414244348,MJFOJJVE,14028.06,13048.52,1,
TXN00002731,CUST002023,John,Jones,Female,Mumbai,India,Mumbai,India,Mumbai,India,2024-08-26 13:48:11,Purchase,449.32,CHF,McDonalds,Groceries,Payment for shopping,FALSE,1901460431,RGBBYAOA,8196326296,PRYSOQSW,11165.47,11938.48,1,
TXN00002437,CUST002502,Robert,Moore,Male,Berlin,Germany,Berlin,Germany,Berlin,Germany,2024-02-25 18:04:31,Transfer,88.27,AUD,Airbnb,Health & Fitness,Payment for health & fitness,FALSE,9524702000,BNRDBDDT,4961785607,METIJQQC,13059.4,12976.51,1,
TXN00003270,CUST008901,John,Miller,Female,Berlin,Germany,Berlin,Germany,Berlin,Germany,2024-08-27 09:30:08,Purchase,80.31,GBP,Apple Store,Shopping,Payment for gas & fuel,TRUE,1662266950,BLFCXBBH,4191838391,MQAHIVTI,4586.06,5364.53,1,
TXN00001472,CUST007992,Evelyn,Jones,Female,Toronto,Canada,Toronto,Canada,Toronto,Canada,2024-09-08 17:28:19,Transfer,143.51,EUR,Apple Store,Gas & Fuel,Payment for food & dining,FALSE,5780773677,RFZKUKBK,4466870064,RBGOGAOI,5956.26,5830.96,1,
TXN00003045,CUST006411,Olivia,Davis,Male,Paris,France,Paris,France,Paris,France,2025-07-12 12:00:27,Purchase,163.26,USD,Netflix,Electronics,Payment for bills & utilities,FALSE,6946131396,HVDBEQVZ,6572095777,WZWGLJIY,9433.85,10213.1,1,
TXN00002284,CUST004659,David,Brown,Male,Singapore,Singapore,Singapore,Singapore,Singapore,Singapore,2025-05-23 03:42:28,Purchase,242.79,AUD,Starbucks,Bills & Utilities,Payment for home & garden,TRUE,7943405367,LRRPKYAV,6252708593,NKAYNJOE,8989.8,9592.51,1,
TXN00004439,CUST002692,Isabella,Martinez,Female,Berlin,Germany,Berlin,Germany,Berlin,Germany,2024-04-17 13:35:28,Purchase,19.92,AUD,Marriott Hotels,Electronics,Payment for health & fitness,FALSE,4901963911,JRKDBBPA,8794325859,FRRQWGCU,10907.13,11620.15,1,
TXN00004493,CUST000034,Sophia,Brown,Male,New York,USA,New York,USA,New York,USA,2025-02-06 17:03:21,Purchase,394.96,INR,Airbnb,Travel,Payment for shopping,FALSE,6796403980,NKWNNLVT,6374082125,DTTQVXLZ,9794.78,9639.68,1,
TXN00002992,CUST006980,Ava,Davis,Male,Berlin,Germany,Berlin,Germany,Berlin,Germany,2024-01-25 08:51:35,Purchase,490.69,EUR,Target,Shopping,Payment for home & garden,FALSE,3369520422,ZEXWHGSW,7558714308,LHYQRIMJ,9527.62,10418.85,1,
TXN00003575,CUST001494,Emma,Brown,Male,São Paulo,Brazil,São Paulo,Brazil,São Paulo,Brazil,2025-09-07 23:45:42,Purchase,224.55,CHF,Delta Airlines,Gas & Fuel,Payment for entertainment,FALSE,4882465871,QXXFJODV,6995645090,QQMOUIQS,8303.95,8213.69,1,
TXN00000873,CUST009756,Ava,Taylor,Male,Sydney,Australia,Sydney,Australia,Sydney,Australia,2024-02-08 21:16:46,Purchase,79.78,CHF,Amazon,Travel,Payment for food & dining,FALSE,2621591671,XBXOHHUA,8443301784,MWAZFTID,9403.55,9059.99,1,
TXN00003940,CUST002967,Thomas,Garcia,Female,Tokyo,Japan,Tokyo,Japan,Tokyo,Japan,2024-06-27 06:44:28,Purchase,283.63,CAD,McDonalds,Entertainment,Payment for shopping,FALSE,1203851010,MVPZXOSE,3511211616,NUMINTGX,9786.13,9976.3,1,
TXN00003259,CUST008113,John,Rodriguez,Male,Madrid,Spain,Madrid,Spain,Madrid,Spain,2024-10-01 08:26:47,Transfer,158.09,CHF,McDonalds,Entertainment,Payment for health & fitness,FALSE,6336366212,JIQITYVI,6898733535,IUAEKYGV,11598.54,12007.07,1,
TXN00000778,CUST005864,Evelyn,Rodriguez,Male,New York,USA,New York,USA,New York,USA,2025-06-16 22:52:16,Transfer,459.25,GBP,Netflix,Groceries,Payment for gas & fuel,FALSE,8809603216,VCPUNDWN,4814322276,HGUYAETE,4243.78,5027.48,1,
TXN00000875,CUST008139,Charlotte,Martin,Female,Dubai,UAE,Dubai,UAE,Dubai,UAE,2024-03-16 10:49:35,Purchase,17.38,AUD,Amazon,Home & Garden,Payment for bills & utilities,FALSE,4464047768,AULFEDPD,3456504079,IHGAJANI,12606.28,11741.09,1,
TXN00001462,CUST003701,Thomas,Martinez,Male,New York,USA,New York,USA,New York,USA,2025-07-10 13:08:10,Transfer,504.92,INR,Amazon,Shopping,Payment for electronics,FALSE,2426125364,TCSYEVGN,5821478083,ADHEXMZT,8222.99,8053.93,1,
TXN00003337,CUST002089,Charlotte,Wilson,Female,Mexico City,Mexico,Mexico City,Mexico,Mexico City,Mexico,2024-11-03 18:56:53,Transfer,123.02,USD,Netflix,Home & Garden,Payment for bills & utilities,FALSE,5601021898,PTZWCFGL,1414747019,QSQUXYNF,9859.44,9614.41,1,
TXN00003492,CUST007802,Joseph,Jackson,Female,Mexico City,Mexico,Mexico City,Mexico,Mexico City,Mexico,2024-08-29 08:11:04,Purchase,203.48,CNY,Amazon,Bills & Utilities,Payment for health & fitness,FALSE,7332626122,KGPCMAEU,3928463395,HLNQFMNW,10644.08,10102.11,1,
TXN00001461,CUST002462,David,Garcia,Male,Singapore,Singapore,Singapore,Singapore,Singapore,Singapore,2025-05-14 23:57:39,Transfer,314.54,EUR,McDonalds,Electronics,Payment for food & dining,FALSE,9786643470,CAPEVKJN,3345050632,DYYPMSAQ,6350.65,6949.68,1,
TXN00004144,CUST006596,Mia,Lee,Male,Madrid,Spain,Madrid,Spain,Madrid,Spain,2025-03-25 06:58:56,Purchase,173.57,EUR,Target,Health & Fitness,Payment for groceries,FALSE,3326295749,UWTREAQB,9856546295,HYRZCQOK,6812.62,6525.07,1,
TXN00004962,CUST000988,Richard,Taylor,Female,Tokyo,Japan,Tokyo,Japan,Rome,Italy,2025-01-03 11:06:27,Purchase,3479.16,CAD,Whole Foods,Travel,Payment for home & garden,FALSE,9428887047,XTVYBFPG,6266126055,CMDQAWWE,12529.74,12210.34,0,Velocity check failed
TXN00004284,CUST000947,James,Thomas,Female,Berlin,Germany,Berlin,Germany,Berlin,Germany,2024-05-02 03:22:48,Transfer,47.99,USD,Walmart,Health & Fitness,Payment for entertainment,FALSE,7260223628,GDHBCZPX,7016293366,STMBNHDR,15045.03,14987.94,1,
TXN00001147,CUST001214,Daniel,Garcia,Male,Tokyo,Japan,Tokyo,Japan,Tokyo,Japan,2025-09-22 05:26:14,Purchase,56.79,GBP,Netflix,Home & Garden,Payment for entertainment,FALSE,2679988463,SSWOVNEF,7693428706,WVWHFOBZ,8102.28,7970.12,1,
TXN00001920,CUST001209,William,Davis,Male,Berlin,Germany,Berlin,Germany,Berlin,Germany,2024-04-26 04:26:54,Purchase,137.76,CHF,Delta Airlines,Groceries,Payment for bills & utilities,FALSE,5264225870,ZUTZLFWW,9682061615,BVPICHUZ,10583.74,9904.33,1,
TXN00004078,CUST008115,Isabella,Hernandez,Male,Berlin,Germany,Berlin,Germany,Berlin,Germany,2024-04-09 23:39:17,Purchase,463.87,CAD,Whole Foods,Entertainment,Payment for shopping,FALSE,2401938025,YUXDSTOS,2242577446,NPOOSVNQ,13692.33,13543.08,1,
TXN00002811,CUST008556,Evelyn,Taylor,Male,Mexico City,Mexico,Mexico City,Mexico,Mexico City,Mexico,2025-03-24 10:06:07,Purchase,389.34,AUD,Shell Gas,Home & Garden,Payment for travel,FALSE,1879403831,NSHYHYLA,2654261362,RKZGYGBU,5542.37,5875.81,1,
TXN00003896,CUST002297,Emma,Hernandez,Female,Sydney,Australia,Sydney,Australia,Sydney,Australia,2025-07-04 05:33:17,Purchase,292.32,AUD,Airbnb,Entertainment,Payment for travel,FALSE,9642806739,FFDMVIKK,7964210606,YWKLJOUV,13973.34,12974.23,1,
TXN00002461,CUST000102,Mia,Jones,Female,Dubai,UAE,Dubai,UAE,Dubai,UAE,2024-11-17 00:57:19,Purchase,11.32,INR,Starbucks,Gas & Fuel,Payment for groceries,FALSE,2007505840,DIKRTZDR,6047387382,KDURDIPH,5948.43,5758.41,1,
TXN00000331,CUST004040,William,Anderson,Female,London,UK,London,UK,London,UK,2024-10-17 08:15:39,Purchase,166.32,INR,Whole Foods,Health & Fitness,Payment for entertainment,FALSE,1750325722,NMZPZGZN,5014668277,DANOSYKK,12908.54,12796.58,1,
TXN00000698,CUST003695,Richard,Brown,Male,Rome,Italy,Rome,Italy,Rome,Italy,2025-09-08 04:37:56,Purchase,156.45,EUR,Airbnb,Health & Fitness,Payment for food & dining,FALSE,4008125213,DXHOQLHI,7288629646,VFCHUPEX,9235.18,8358.25,1,
TXN00002251,CUST002644,Evelyn,Anderson,Female,Rome,Italy,Rome,Italy,Rome,Italy,2025-07-07 03:14:38,Purchase,128.29,EUR,Whole Foods,Shopping,Payment for gas & fuel,FALSE,2102147255,JLMSFGBW,1630960580,MZICQRHP,6162.04,6045,1,
TXN00002048,CUST008117,Charlotte,Brown,Male,Sydney,Australia,Sydney,Australia,Sydney,Australia,2024-04-01 19:17:23,Transfer,54.15,GBP,Target,Health & Fitness,Payment for health & fitness,FALSE,2799341456,GOHHEAEZ,7662401660,BOKAAIGO,5395.18,5650.97,1,
TXN00000792,CUST009222,Olivia,Lopez,Male,London,UK,London,UK,London,UK,2024-09-02 23:25:36,Transfer,141.54,CAD,Airbnb,Shopping,Payment for bills & utilities,TRUE,1146419850,VJREPUZM,2364206550,ZLSWCCEL,9110.11,8922.9,1,
TXN00002739,CUST002384,Ava,Williams,Male,New York,USA,New York,USA,New York,USA,2024-01-22 02:04:44,Transfer,467.05,EUR,Shell Gas,Food & Dining,Payment for shopping,TRUE,7852425171,BCLUDLIK,1621568878,CKVMRFUG,7117.59,7466.37,1,
TXN00001965,CUST000954,Mia,Garcia,Female,London,UK,London,UK,London,UK,2024-10-07 19:10:41,Transfer,295.76,CAD,Starbucks,Food & Dining,Payment for electronics,FALSE,7445792513,ZGOEITQN,4725287334,MSWFPKJV,13822.54,13325.9,1,
TXN00004094,CUST004111,Michael,Anderson,Male,Rome,Italy,Rome,Italy,Rome,Italy,2025-04-18 03:30:48,Transfer,478.12,INR,Airbnb,Travel,Payment for bills & utilities,FALSE,7135826840,LRCUTLST,2485249774,RHDPICWN,5562.05,5089.76,1,
TXN00001498,CUST003587,Sophia,Hernandez,Male,Mexico City,Mexico,Mexico City,Mexico,Mexico City,Mexico,2025-03-09 19:10:00,Transfer,335.45,AUD,McDonalds,Health & Fitness,Payment for bills & utilities,FALSE,5255197920,POMIWMTF,3961781758,UXEDRJEO,9143.88,10094.12,1,
TXN00004838,CUST008270,Harper,Jones,Female,Mumbai,India,Mumbai,India,Dubai,UAE,2024-10-26 19:44:49,Purchase,1596.01,CAD,Apple Store,Health & Fitness,Payment for groceries,FALSE,2445620879,QXVFGUHM,9093795142,GSFRTEOL,14753.94,14373.1,0,High amount compared to usual
TXN00000844,CUST006253,William,Wilson,Female,Mumbai,India,Mumbai,India,Mumbai,India,2024-03-10 22:22:04,Transfer,416.32,EUR,Shell Gas,Bills & Utilities,Payment for home & garden,FALSE,4322821976,ZDWNTEPQ,3973840642,DQZWGWFT,6212.03,6182.75,1,
TXN00001261,CUST008175,William,Lopez,Female,London,UK,London,UK,London,UK,2025-01-12 20:16:21,Purchase,211.48,GBP,Airbnb,Electronics,Payment for entertainment,FALSE,1644747858,QVYINEWR,6046320678,GQKHSNNZ,7295.09,6485.83,1,
TXN00000855,CUST001485,Emma,Thomas,Female,Toronto,Canada,Toronto,Canada,Toronto,Canada,2025-10-02 05:28:37,Purchase,93.93,AUD,McDonalds,Groceries,Payment for health & fitness,FALSE,9641296261,KKXYKYDV,7235268280,HIDTAQUT,7959.53,7799.15,1,
TXN00000090,CUST009694,Richard,Garcia,Male,Rome,Italy,Rome,Italy,Rome,Italy,2024-08-26 17:19:46,Purchase,201.74,USD,Netflix,Health & Fitness,Payment for food & dining,FALSE,3570173879,UPZCVQTQ,4674778738,JKECPQCY,5205.73,5686.9,1,
TXN00001235,CUST003803,James,Lee,Female,São Paulo,Brazil,São Paulo,Brazil,São Paulo,Brazil,2024-04-08 17:49:17,Purchase,318.53,JPY,Best Buy,Home & Garden,Payment for entertainment,FALSE,1635941367,TIBVQBBM,1570171549,MZLQQSIC,10022.3,9871.06,1,
TXN00004479,CUST003486,Charlotte,Moore,Male,São Paulo,Brazil,São Paulo,Brazil,São Paulo,Brazil,2024-06-02 01:07:58,Purchase,256.22,INR,Airbnb,Shopping,Payment for health & fitness,FALSE,3745302332,AGBWFNUJ,4419648014,DCVGJQDJ,14261.63,14806.16,1,
TXN00002305,CUST005038,Thomas,Anderson,Male,Mumbai,India,Mumbai,India,Mumbai,India,2025-02-03 13:02:16,Purchase,394.88,JPY,Walmart,Food & Dining,Payment for groceries,FALSE,1103876640,RWAQGNAZ,2143153031,RJQFUYTT,5483.06,6105.9,1,
TXN00001126,CUST000050,Emma,Martin,Male,Paris,France,Paris,France,Paris,France,2025-02-28 19:54:10,Purchase,331.25,GBP,Home Depot,Bills & Utilities,Payment for home & garden,FALSE,3486281093,UBEUJNPE,3748626889,XVCITHLJ,13346.72,13209.72,1,
TXN00003439,CUST005219,Ava,Rodriguez,Female,Paris,France,Paris,France,Paris,France,2024-09-06 16:17:30,Purchase,508.01,GBP,Marriott Hotels,Home & Garden,Payment for shopping,FALSE,7760165983,WCSPWJBI,7196248219,HRTYFTQU,10341.57,10070.45,1,
TXN00002067,CUST000056,Isabella,Smith,Female,London,UK,London,UK,London,UK,2024-03-29 16:04:50,Transfer,362.63,AUD,Uber,Health & Fitness,Payment for health & fitness,FALSE,5131827907,JQOKWULV,4243641363,TNTUMMPO,15034.99,14550.8,1,
TXN00003403,CUST001916,Emma,Taylor,Male,Shanghai,China,Shanghai,China,Shanghai,China,2025-01-30 21:37:38,Transfer,491.67,CNY,Delta Airlines,Gas & Fuel,Payment for travel,FALSE,2724749426,JEGKFGKB,8911037649,QFUUDUMC,13099.71,12175.95,1,
TXN00003517,CUST008308,Charlotte,Jones,Female,Madrid,Spain,Madrid,Spain,Madrid,Spain,2024-07-11 14:25:00,Purchase,495.68,USD,Apple Store,Health & Fitness,Payment for home & garden,FALSE,7867937832,GCTTDKJF,9772788535,YGIIWSPZ,13412.69,13038.23,1,
TXN00000898,CUST002285,Robert,Lee,Female,São Paulo,Brazil,São Paulo,Brazil,São Paulo,Brazil,2024-07-11 14:29:06,Purchase,498.3,GBP,Shell Gas,Health & Fitness,Payment for bills & utilities,FALSE,5739254023,BJPZLLHQ,4375638508,NYEDDIZD,6822.71,6130.13,1,
TXN00003140,CUST000890,William,Garcia,Female,London,UK,London,UK,London,UK,2024-08-07 19:29:51,Transfer,181.51,GBP,Starbucks,Home & Garden,Payment for groceries,FALSE,5879519315,DXGPNUTQ,1185925781,HIAJOANP,9146.12,9568.28,1,
TXN00004746,CUST000441,Richard,Thomas,Male,São Paulo,Brazil,São Paulo,Brazil,São Paulo,Brazil,2024-05-19 17:19:53,Transfer,202.65,USD,Marriott Hotels,Health & Fitness,Payment for groceries,FALSE,9191710886,LOGLBLVC,8531012116,ICIWFNVZ,8030.91,8472.81,1,
TXN00003679,CUST001278,James,Garcia,Male,Mumbai,India,Mumbai,India,Mumbai,India,2025-03-25 03:51:49,Purchase,296.13,CNY,Target,Gas & Fuel,Payment for shopping,FALSE,6717688571,EKTZPEYS,8592669135,KNDTAWPG,12210.63,13036.83,1,
TXN00000775,CUST008808,Mia,Johnson,Male,Dubai,UAE,Dubai,UAE,Dubai,UAE,2025-07-05 15:33:36,Purchase,349.95,CHF,McDonalds,Home & Garden,Payment for bills & utilities,FALSE,8690207535,GDCYBDMX,9712288447,UJQLOUQB,10289.83,10178.95,1,
TXN00004832,CUST005693,Thomas,Martinez,Female,Toronto,Canada,Singapore,Singapore,Mumbai,India,2025-01-03 04:49:27,Purchase,2773.47,USD,Airbnb,Health & Fitness,Payment for electronics,TRUE,1021934776,OJSHQEPB,5881961681,MTZRHZDF,8431.2,7652.95,0,Card not present fraud
TXN00000668,CUST008670,Richard,Martinez,Female,New York,USA,New York,USA,New York,USA,2024-07-31 10:07:39,Purchase,280.54,AUD,Apple Store,Entertainment,Payment for groceries,FALSE,2440038029,XQNDBSJJ,2174844129,LKLADHWA,11688.81,10698.77,1,
TXN00000952,CUST001179,John,Johnson,Male,Dubai,UAE,Dubai,UAE,Dubai,UAE,2024-07-29 01:54:49,Purchase,367.02,CNY,Netflix,Bills & Utilities,Payment for travel,FALSE,5747884957,ULWPYJCU,9512008686,YPXCEJYJ,11220.03,11244.58,1,
TXN00001407,CUST009188,Michael,Martin,Male,Paris,France,Paris,France,Paris,France,2024-01-07 20:45:19,Transfer,69.12,CAD,Amazon,Gas & Fuel,Payment for electronics,FALSE,6148779214,BAADYWHR,7044639392,AAOYXSMM,6532.58,5954.54,1,
TXN00004781,CUST002249,Olivia,Taylor,Female,Madrid,Spain,Mumbai,India,Tokyo,Japan,2024-12-06 23:23:18,Transfer,2440.72,CAD,Starbucks,Bills & Utilities,Payment for travel,FALSE,3015679891,TSYKIRWN,9450668225,HEXHKXDV,8631.09,9602.05,0,Unusual location pattern
TXN00002412,CUST007511,Joseph,Taylor,Female,Mumbai,India,Mumbai,India,Mumbai,India,2024-04-19 20:38:03,Transfer,497.83,GBP,Home Depot,Food & Dining,Payment for food & dining,FALSE,7370441466,SJYAXIAM,4937265107,LSQCYJVY,11238.46,11612.11,1,
TXN00003345,CUST005175,David,Jones,Female,Tokyo,Japan,Tokyo,Japan,Tokyo,Japan,2025-07-23 17:54:09,Purchase,406.42,GBP,Netflix,Food & Dining,Payment for food & dining,FALSE,5988867907,BOVUGOLL,7541967483,ITIVYJGP,12502.61,11732.85,1,
TXN00004206,CUST003651,David,Brown,Male,Toronto,Canada,Toronto,Canada,Toronto,Canada,2025-05-22 10:42:13,Purchase,23.41,CAD,Best Buy,Electronics,Payment for bills & utilities,FALSE,4507492976,USVRFHMI,8381944498,FKLTASNB,9687.37,9353.46,1,
TXN00004064,CUST000663,Daniel,Williams,Female,Madrid,Spain,Madrid,Spain,Madrid,Spain,2025-10-12 04:45:16,Purchase,411.19,USD,Home Depot,Health & Fitness,Payment for food & dining,FALSE,7504936899,WMQBZDNU,4699852183,CCDIEZXO,6274.6,5920.95,1,
TXN00004817,CUST008001,Amelia,Martinez,Male,Madrid,Spain,Madrid,Spain,Berlin,Germany,2024-03-06 00:38:29,Purchase,4562.9,AUD,McDonalds,Groceries,Payment for health & fitness,TRUE,3138991145,PUEDXDAD,2538335956,LKZWUXHW,13371.66,13626.43,0,Velocity check failed
TXN00004121,CUST005092,David,Brown,Female,Tokyo,Japan,Tokyo,Japan,Tokyo,Japan,2024-05-24 08:04:28,Purchase,327.12,AUD,Apple Store,Gas & Fuel,Payment for food & dining,TRUE,8154945184,XJURGJYK,7820033924,XHQFCDCR,8059.5,7189.32,1,
TXN00000936,CUST003916,Robert,Miller,Male,Singapore,Singapore,Singapore,Singapore,Singapore,Singapore,2024-09-17 21:46:04,Transfer,354.92,GBP,Best Buy,Food & Dining,Payment for groceries,FALSE,3815484307,RWCLEVXG,9130969859,KWYINIYC,14549.56,14259.5,1,
TXN00003890,CUST006105,James,Taylor,Male,Berlin,Germany,Berlin,Germany,Berlin,Germany,2024-06-12 07:03:30,Purchase,280.6,USD,Walmart,Travel,Payment for bills & utilities,FALSE,1409267972,ZFPDOPHG,6146789909,IPPXYXAL,13412.8,13869.29,1,
TXN00003913,CUST002015,Michael,Smith,Female,Toronto,Canada,Toronto,Canada,Toronto,Canada,2024-09-08 13:02:23,Purchase,369.51,EUR,Netflix,Entertainment,Payment for food & dining,TRUE,8127220930,MYZZQPIA,7234762564,FIXGGAIG,11231.8,11508,1,
TXN00002385,CUST008885,Joseph,Anderson,Male,Berlin,Germany,Berlin,Germany,Berlin,Germany,2024-06-08 16:16:39,Purchase,173.05,AUD,Apple Store,Health & Fitness,Payment for groceries,FALSE,2808560724,WIZVJKEV,2175879129,YMVXWBNF,14327.26,14640.75,1,
TXN00003987,CUST005912,Robert,Anderson,Male,Rome,Italy,Rome,Italy,Rome,Italy,2024-02-06 19:02:56,Transfer,277.59,USD,Target,Electronics,Payment for groceries,TRUE,2400597804,OKBBXRHW,5558210554,SYJEEWHQ,7958.89,7248.26,1,
TXN00004968,CUST000539,Emma,Brown,Male,Rome,Italy,São Paulo,Brazil,Rome,Italy,2025-03-12 10:44:03,Purchase,5449.93,USD,Shell Gas,Electronics,Payment for food & dining,FALSE,8921733359,FEQWROZE,9970169721,DEOCACUL,6360.15,6496.48,0,Multiple transactions in short time
TXN00001848,CUST005567,Michael,Lopez,Female,Rome,Italy,Rome,Italy,Rome,Italy,2024-05-15 18:20:00,Purchase,458.77,CAD,Apple Store,Shopping,Payment for travel,FALSE,7033902152,QKWEANTJ,5657078104,TEYQPZIL,13426.29,13842.22,1,
TXN00003865,CUST008911,Isabella,Taylor,Female,New York,USA,New York,USA,New York,USA,2024-04-03 18:39:33,Purchase,299.65,INR,Shell Gas,Food & Dining,Payment for groceries,FALSE,9694024053,UMGUSKDF,6191556639,UWVTZTPS,9959.15,9293.77,1,
TXN00002881,CUST004811,Charlotte,Jones,Male,Shanghai,China,Shanghai,China,Shanghai,China,2025-06-28 15:38:46,Purchase,475.71,CNY,Netflix,Food & Dining,Payment for gas & fuel,TRUE,8395046893,IXHCPILP,1964139289,ZPAXLZXQ,10747.58,11048.12,1,
TXN00001518,CUST005531,William,Lopez,Female,São Paulo,Brazil,São Paulo,Brazil,São Paulo,Brazil,2024-05-07 17:45:38,Purchase,490.94,AUD,Airbnb,Shopping,Payment for groceries,FALSE,3298789210,NCWDJFQT,8321933554,ZKQDZAAD,13284.8,14092.24,1,
TXN00001790,CUST005094,David,Miller,Male,São Paulo,Brazil,São Paulo,Brazil,São Paulo,Brazil,2024-03-01 02:37:02,Transfer,417.52,CNY,McDonalds,Shopping,Payment for gas & fuel,FALSE,6814744298,GKWRFAWG,5760890049,VUINZERK,10949.44,11922.63,1,
TXN00003462,CUST006841,Charlotte,Johnson,Female,Berlin,Germany,Berlin,Germany,Berlin,Germany,2025-07-19 07:04:44,Purchase,17.62,CAD,Whole Foods,Home & Garden,Payment for travel,FALSE,2417275667,CANDRMYC,3593628146,KTNOKTOS,10005.14,10061.75,1,
TXN00003927,CUST003666,Michael,Garcia,Male,Madrid,Spain,Madrid,Spain,Madrid,Spain,2025-05-11 23:08:41,Transfer,270.74,EUR,Delta Airlines,Entertainment,Payment for bills & utilities,FALSE,7482992328,TNWCROSC,2865838563,DMVURNQH,9106.55,8865.63,1,
TXN00003747,CUST005002,John,Moore,Female,Tokyo,Japan,Tokyo,Japan,Tokyo,Japan,2025-06-08 04:37:46,Transfer,207.55,EUR,Apple Store,Bills & Utilities,Payment for entertainment,FALSE,1762139108,ZYRUQABV,3654312364,SQHKSTIH,13419.91,12731.69,1,
TXN00004499,CUST006513,Olivia,Hernandez,Male,Sydney,Australia,Sydney,Australia,Sydney,Australia,2024-09-18 18:31:30,Purchase,491.96,EUR,Starbucks,Health & Fitness,Payment for travel,FALSE,9511484297,YYLOVAGF,2383365743,OKJYAZAU,6315.03,5843.14,1,
TXN00002575,CUST009427,Isabella,Smith,Female,Dubai,UAE,Dubai,UAE,Dubai,UAE,2024-02-22 21:14:54,Transfer,423.74,AUD,Home Depot,Gas & Fuel,Payment for groceries,FALSE,6542317780,NVAXWSUL,5273751127,RKFYPULC,7312.46,7072.42,1,
TXN00002830,CUST003140,David,Rodriguez,Male,Rome,Italy,Rome,Italy,Rome,Italy,2024-12-18 09:26:45,Purchase,373.12,CHF,Home Depot,Home & Garden,Payment for travel,FALSE,4911840279,JLAGHNQO,6315845094,EYNRGGYN,12621.32,12974.16,1,
TXN00001821,CUST001336,Charlotte,Williams,Male,Toronto,Canada,Toronto,Canada,Toronto,Canada,2025-09-20 10:15:34,Purchase,32.23,CHF,Delta Airlines,Travel,Payment for shopping,FALSE,6037986454,RVPNCWQS,6447400756,GYYVBAVC,7478.5,7598.31,1,
TXN00000825,CUST009132,Isabella,Williams,Male,Paris,France,Paris,France,Paris,France,2025-06-20 00:04:58,Purchase,85.67,CHF,Netflix,Food & Dining,Payment for electronics,FALSE,6430589828,VGRMXOBA,6142082884,WWRJNNGA,13828.54,14409.91,1,
TXN00002935,CUST005956,John,Jackson,Male,Rome,Italy,Rome,Italy,Rome,Italy,2025-06-13 08:24:56,Transfer,416.75,USD,Walmart,Health & Fitness,Payment for food & dining,FALSE,1535564640,RDAASSIX,3934825783,RXXZVMRA,6465.44,5958.18,1,
TXN00004878,CUST006547,James,Davis,Male,Sydney,Australia,Sydney,Australia,Singapore,Singapore,2025-01-11 18:08:40,Purchase,2768.19,INR,Shell Gas,Shopping,Payment for bills & utilities,FALSE,9613216039,IPCPVNNX,8838426153,QNSVJMXZ,4485.68,5429.22,0,Known fraudulent merchant
TXN00002832,CUST003574,Joseph,Jackson,Male,Tokyo,Japan,Tokyo,Japan,Tokyo,Japan,2024-08-26 02:01:12,Purchase,277.53,INR,Uber,Entertainment,Payment for travel,FALSE,5080686783,VJCTOCQT,7270919734,AHZYSXNW,6236.47,6224.07,1,
TXN00000203,CUST008674,Mia,Rodriguez,Female,London,UK,London,UK,London,UK,2024-10-15 02:59:00,Purchase,314.42,USD,Delta Airlines,Travel,Payment for travel,FALSE,2688722121,XDQVNRLY,2923490064,JAXGEZTZ,11260.59,11560.8,1,
TXN00003922,CUST006587,William,Brown,Female,Tokyo,Japan,Tokyo,Japan,Tokyo,Japan,2025-03-27 13:16:39,Purchase,51.02,CAD,Marriott Hotels,Gas & Fuel,Payment for entertainment,FALSE,5870349278,GFBGVAOK,6036224506,ZONNNVHW,13361.21,12568.25,1,
TXN00001029,CUST008723,Emma,Hernandez,Female,Paris,France,Paris,France,Paris,France,2024-08-30 10:38:42,Purchase,232.59,GBP,Netflix,Travel,Payment for groceries,FALSE,5742655223,KBOICHEJ,1891247933,OWILTVJD,11279.81,11260.84,1,
TXN00002140,CUST008252,Joseph,Thomas,Male,Paris,France,Paris,France,Paris,France,2025-02-25 12:59:26,Purchase,332.04,JPY,Airbnb,Entertainment,Payment for home & garden,FALSE,1836729644,EEPQWAKS,1948579088,OPONLCZS,7873.01,7482.88,1,
TXN00001091,CUST009005,John,Smith,Male,Shanghai,China,Shanghai,China,Shanghai,China,2025-04-11 05:55:39,Transfer,287.96,GBP,Best Buy,Travel,Payment for groceries,TRUE,7307953112,RLQXFJTT,1853940356,TZJAMGKE,12480.42,11699.61,1,
TXN00003062,CUST001399,Mia,Martinez,Male,Mumbai,India,Mumbai,India,Mumbai,India,2024-08-04 01:09:04,Purchase,64.5,CNY,Airbnb,Travel,Payment for shopping,FALSE,2251230346,MGNFONFK,7309699200,NISGBCRX,9393.48,8930.61,1,
TXN00000168,CUST007422,Mia,Lopez,Male,Madrid,Spain,Madrid,Spain,Madrid,Spain,2024-09-12 08:12:56,Transfer,416.91,INR,Airbnb,Gas & Fuel,Payment for shopping,FALSE,4322303650,CQJCWMKR,3217205108,KXYDMZTH,10020.28,10599.37,1,
TXN00003283,CUST008725,Sophia,Lopez,Female,Dubai,UAE,Dubai,UAE,Dubai,UAE,2024-04-18 16:39:26,Purchase,264.41,CHF,Delta Airlines,Food & Dining,Payment for shopping,FALSE,9695841135,VYDSQPDL,7706424798,RBPXMPZS,5204.39,5994.72,1,
TXN00004410,CUST003106,Michael,Jones,Male,Mumbai,India,Mumbai,India,Mumbai,India,2025-08-14 11:07:34,Purchase,375.43,GBP,Shell Gas,Home & Garden,Payment for bills & utilities,FALSE,3054356367,HSIAAZGH,9646388894,DKPJTHIM,6791.39,6886.8,1,
TXN00004751,CUST007280,Emma,Lopez,Male,Sydney,Australia,Sydney,Australia,Dubai,UAE,2024-03-09 05:23:54,Purchase,4155.39,AUD,Airbnb,Travel,Payment for bills & utilities,FALSE,6859304154,ZZWLPNMO,9990485720,HFUBRPFY,6921,7700.57,0,Known fraudulent merchant
TXN00002495,CUST009347,James,Rodriguez,Female,Tokyo,Japan,Tokyo,Japan,Tokyo,Japan,2024-01-03 11:54:08,Purchase,464.77,CNY,Starbucks,Food & Dining,Payment for food & dining,FALSE,1487298255,BVDMQSCL,7137813427,DWXASJYU,11067.04,11646.85,1,
TXN00001892,CUST000802,William,Anderson,Male,São Paulo,Brazil,São Paulo,Brazil,São Paulo,Brazil,2025-08-01 13:02:50,Purchase,358.12,CNY,Apple Store,Food & Dining,Payment for health & fitness,FALSE,2006576746,JPMOIZTQ,6346334562,RPADRMXT,8640.12,8943.61,1,
TXN00004009,CUST000242,David,Taylor,Male,Singapore,Singapore,Singapore,Singapore,Singapore,Singapore,2025-07-23 20:31:02,Purchase,69.59,INR,McDonalds,Shopping,Payment for electronics,TRUE,9028085867,GCTEDUYY,5490029147,CHIPEBTS,5645.59,6613.66,1,
TXN00002755,CUST007798,Evelyn,Taylor,Male,Tokyo,Japan,Tokyo,Japan,Tokyo,Japan,2025-08-08 12:05:31,Purchase,40.56,CAD,Whole Foods,Bills & Utilities,Payment for travel,FALSE,6989269342,MFKJYTBZ,5863192013,TAKKUQII,11613.14,12431.89,1,
TXN00000432,CUST003640,Evelyn,Lee,Female,Toronto,Canada,Toronto,Canada,Toronto,Canada,2024-03-21 08:25:01,Purchase,324.32,CNY,Whole Foods,Electronics,Payment for health & fitness,FALSE,8533395405,ANEDXKAN,6039374051,ICFSPUNH,4870.63,5102.99,1,
TXN00000434,CUST003059,Thomas,Brown,Female,Rome,Italy,Rome,Italy,Rome,Italy,2024-06-08 00:57:28,Transfer,410.12,EUR,Best Buy,Home & Garden,Payment for groceries,FALSE,9252502416,ZRIAMCJS,3054133105,CDSCYJSF,4695.29,5254.57,1,
TXN00000734,CUST008408,Robert,Garcia,Female,Mexico City,Mexico,Mexico City,Mexico,Mexico City,Mexico,2025-10-09 02:21:04,Transfer,214.97,JPY,McDonalds,Home & Garden,Payment for bills & utilities,FALSE,7553555180,EBOSRXMT,3947756214,JMTXGMHZ,9293.86,9748.67,1,
TXN00001375,CUST007645,Robert,Lee,Male,Shanghai,China,Shanghai,China,Shanghai,China,2025-07-13 00:13:58,Transfer,93.17,JPY,Delta Airlines,Groceries,Payment for shopping,FALSE,9524513075,OEWOEBIZ,4218410442,FOCZJJYQ,8364.59,9270.8,1,
TXN00004936,CUST005803,Isabella,Martinez,Male,Mexico City,Mexico,Mexico City,Mexico,Toronto,Canada,2025-02-09 12:37:13,Purchase,3568.66,CAD,Uber,Electronics,Payment for gas & fuel,FALSE,5061485192,AZDRLWQO,2672406805,XVODASCS,10808.78,9951.23,0,Known fraudulent merchant
TXN00001900,CUST001037,Olivia,Lee,Female,Rome,Italy,Rome,Italy,Rome,Italy,2025-02-16 00:45:47,Transfer,91.69,AUD,Airbnb,Gas & Fuel,Payment for travel,FALSE,7417382867,PZMFZGGE,7757102142,JNTOCMJE,7260.01,7864.09,1,
TXN00002867,CUST007693,Sophia,Miller,Female,Rome,Italy,Rome,Italy,Rome,Italy,2024-01-06 22:20:57,Purchase,159.48,JPY,Best Buy,Groceries,Payment for bills & utilities,TRUE,8271261529,AVNNTCKD,3641231298,WETEPJYW,14943.24,14951.6,1,
TXN00003419,CUST006829,Harper,Wilson,Male,Dubai,UAE,Dubai,UAE,Dubai,UAE,2024-01-10 12:41:31,Transfer,86.85,AUD,Best Buy,Travel,Payment for health & fitness,FALSE,1399225412,UAQQGENX,1755179670,DHYVSSLJ,14062.65,14984.76,1,
TXN00002831,CUST007224,Thomas,Anderson,Female,Berlin,Germany,Berlin,Germany,Berlin,Germany,2025-02-05 02:27:56,Transfer,323.41,USD,Marriott Hotels,Home & Garden,Payment for shopping,FALSE,9977689285,OZRPKXMG,9277634620,CXOQMKLY,6815.86,6125.9,1,
TXN00001698,CUST009936,Joseph,Jones,Female,São Paulo,Brazil,São Paulo,Brazil,São Paulo,Brazil,2024-03-10 07:49:57,Transfer,486.44,INR,Starbucks,Bills & Utilities,Payment for food & dining,FALSE,2241773068,TJXFCHDK,2070354144,NXDAJITP,5108.16,5706.01,1,
TXN00002628,CUST003945,Mia,Moore,Female,New York,USA,New York,USA,New York,USA,2025-06-11 06:18:50,Purchase,88.4,EUR,Whole Foods,Gas & Fuel,Payment for bills & utilities,FALSE,2478309570,MNDNCPYG,7743623887,ERHZNZGB,13070.52,13348.58,1,
TXN00002635,CUST002600,Evelyn,Thomas,Male,Mexico City,Mexico,Mexico City,Mexico,Mexico City,Mexico,2024-08-26 15:09:45,Purchase,41.76,CAD,McDonalds,Food & Dining,Payment for food & dining,FALSE,7123246458,JXJFPJBD,4187348849,CYGOMQTH,8495.87,7734.84,1,
TXN00003533,CUST008243,Robert,Davis,Male,Mumbai,India,Mumbai,India,Mumbai,India,2024-03-07 15:59:47,Purchase,501.11,CHF,Delta Airlines,Entertainment,Payment for health & fitness,TRUE,2619398811,XDNOZIEP,8468653312,YUACARRU,5592.54,6209.26,1,
TXN00000718,CUST007854,Richard,Johnson,Male,New York,USA,New York,USA,New York,USA,2025-01-08 02:16:34,Purchase,376.53,GBP,Airbnb,Shopping,Payment for food & dining,FALSE,4751636416,DXKPTOUC,4408102474,LEIFYPZY,5639.03,6134.58,1,
TXN00001427,CUST003609,Harper,Thomas,Male,London,UK,London,UK,London,UK,2024-11-15 10:20:50,Purchase,29.24,INR,Uber,Bills & Utilities,Payment for health & fitness,FALSE,4897296412,YLZLCLRB,2548954870,YCGHIOJA,8368.36,8937.82,1,
TXN00002621,CUST009469,David,Davis,Female,Shanghai,China,Shanghai,China,Shanghai,China,2024-02-29 20:01:51,Purchase,494.96,JPY,Netflix,Home & Garden,Payment for entertainment,FALSE,3619947186,HKTPWQIL,3849510669,ACZSCCVC,11221.3,10586.62,1,
TXN00003365,CUST001474,Evelyn,Johnson,Male,Rome,Italy,Rome,Italy,Rome,Italy,2024-01-04 17:22:05,Purchase,482.56,CHF,Target,Home & Garden,Payment for bills & utilities,FALSE,9182674607,XMYEBMMC,1360659923,LJIQWYBN,7941.7,8903.46,1,
TXN00001416,CUST001970,Harper,Lee,Female,Toronto,Canada,Toronto,Canada,Toronto,Canada,2024-08-27 02:39:50,Purchase,48.26,CAD,Starbucks,Health & Fitness,Payment for entertainment,FALSE,1935583196,EZWUBITP,9592603374,STXUBQEX,11016.19,11187.36,1,
TXN00000357,CUST000235,Amelia,Garcia,Male,Dubai,UAE,Dubai,UAE,Dubai,UAE,2025-07-10 03:03:10,Purchase,59.28,GBP,Best Buy,Home & Garden,Payment for travel,FALSE,2293887919,CXWKVZAB,3443846771,BZWQTUIC,14083.9,13835.03,1,
TXN00002625,CUST002191,John,Jones,Male,Sydney,Australia,Sydney,Australia,Sydney,Australia,2024-10-08 16:39:24,Purchase,227.16,INR,Apple Store,Shopping,Payment for travel,FALSE,4572585235,FFZCORUO,7505589595,KRQMFBNV,9984.39,9619.69,1,
TXN00001121,CUST006268,Amelia,Rodriguez,Female,Toronto,Canada,Toronto,Canada,Toronto,Canada,2025-09-09 10:55:31,Transfer,80.26,CNY,Walmart,Entertainment,Payment for home & garden,FALSE,6030331094,WFZUBJCC,2254964995,KYXIWGZP,7602.38,7811.61,1,
TXN00002791,CUST003671,Isabella,Williams,Male,Rome,Italy,Rome,Italy,Rome,Italy,2025-08-21 23:11:26,Purchase,132.5,CNY,Home Depot,Electronics,Payment for health & fitness,FALSE,5529547538,DFBVYZTD,6498556909,ZFURUPSD,12857.6,12908.84,1,
TXN00004852,CUST006677,Joseph,Thomas,Female,New York,USA,Rome,Italy,London,UK,2024-11-14 21:38:35,Transfer,3909.31,GBP,Whole Foods,Gas & Fuel,Payment for home & garden,FALSE,9292340456,HDAFURPD,9303360932,TVWIPRQT,5198.76,5121.83,0,Velocity check failed
TXN00000618,CUST004085,Sophia,Smith,Female,Berlin,Germany,Berlin,Germany,Berlin,Germany,2025-09-11 01:03:09,Purchase,429.99,CHF,Uber,Bills & Utilities,Payment for gas & fuel,FALSE,2760568377,FUSAQBJY,3360297604,OPZJDKGC,11333.57,10828.63,1,
TXN00001907,CUST005678,Richard,Anderson,Female,Paris,France,Paris,France,Paris,France,2025-08-23 12:04:09,Purchase,299.63,INR,Target,Health & Fitness,Payment for groceries,FALSE,8669759141,BGBSGVDK,1521317879,PRDZRPZX,13248.65,13590.17,1,
TXN00001545,CUST004241,James,Martin,Male,Toronto,Canada,Toronto,Canada,Toronto,Canada,2024-01-02 19:20:58,Purchase,231.69,JPY,Best Buy,Gas & Fuel,Payment for bills & utilities,FALSE,9285499782,LYBVCSMI,1515771776,WZUGUCWL,8680.45,7798.63,1,
TXN00002966,CUST009576,William,Wilson,Female,Berlin,Germany,Berlin,Germany,Berlin,Germany,2024-06-07 02:02:15,Transfer,29.95,CAD,Whole Foods,Health & Fitness,Payment for bills & utilities,FALSE,5460904440,QNCSNISS,4578045777,MXFMKOTY,12507.75,13132.35,1,
TXN00002059,CUST008774,James,Taylor,Female,Dubai,UAE,Dubai,UAE,Dubai,UAE,2025-08-26 05:46:12,Transfer,209.35,GBP,Whole Foods,Groceries,Payment for electronics,TRUE,4873075149,IDRXHLCY,9502277532,BUPATELV,10773.73,10220.24,1,
TXN00004472,CUST005373,David,Anderson,Female,Madrid,Spain,Madrid,Spain,Madrid,Spain,2024-03-21 16:23:42,Purchase,245.01,CAD,Shell Gas,Food & Dining,Payment for gas & fuel,FALSE,4585302030,BPTPEVMC,9755545210,WKQZKZDD,14157.03,14273.82,1,
TXN00002880,CUST005943,William,Wilson,Male,Paris,France,Paris,France,Paris,France,2024-09-21 10:09:55,Purchase,355.57,USD,Home Depot,Bills & Utilities,Payment for electronics,FALSE,1200456018,VSSIVQWT,3499361053,QSZSGHOS,7177.55,7086.01,1,
TXN00001068,CUST004893,Olivia,Williams,Male,Madrid,Spain,Madrid,Spain,Madrid,Spain,2025-07-29 10:16:02,Purchase,332.02,EUR,Best Buy,Travel,Payment for shopping,FALSE,6969141935,OZPMBOIQ,1402433259,ECQMTHSD,10203.8,10246.15,1,
TXN00000500,CUST007253,Emma,Garcia,Male,Sydney,Australia,Sydney,Australia,Sydney,Australia,2024-01-20 14:44:48,Purchase,433.46,CNY,Shell Gas,Groceries,Payment for shopping,FALSE,7264908058,LERGJWRS,3840024078,NIQFRCYW,6341.01,6906.43,1,
TXN00002758,CUST003197,Emma,Jackson,Female,Mexico City,Mexico,Mexico City,Mexico,Mexico City,Mexico,2025-04-12 03:19:10,Transfer,344.72,CHF,McDonalds,Travel,Payment for groceries,FALSE,6373674558,QMQQGRGA,3777136722,MYQGPAPN,4844.79,5380.58,1,
TXN00002357,CUST009610,Michael,Anderson,Female,Toronto,Canada,Toronto,Canada,Toronto,Canada,2024-11-21 19:53:45,Transfer,403.37,CHF,Target,Gas & Fuel,Payment for travel,FALSE,2500846867,PWCXMTZA,4383937767,XTUFOAAZ,13425.1,13132.53,1,
TXN00001060,CUST005133,Mia,Brown,Male,London,UK,London,UK,London,UK,2025-01-11 13:15:42,Purchase,258.27,GBP,Starbucks,Entertainment,Payment for groceries,FALSE,8557801899,WUJFXBRD,6986070541,VOYEHHVQ,5283.13,5962.68,1,
TXN00004644,CUST008217,Emma,Hernandez,Female,Dubai,UAE,Dubai,UAE,Dubai,UAE,2024-09-18 17:07:20,Purchase,502.3,CAD,Whole Foods,Health & Fitness,Payment for groceries,FALSE,5476419656,VWPMFKBK,1686167440,WHTMRXFV,6349.77,5545.59,1,
TXN00000490,CUST005052,Michael,Martin,Male,Shanghai,China,Shanghai,China,Shanghai,China,2024-03-19 11:56:49,Purchase,81.54,INR,Marriott Hotels,Food & Dining,Payment for health & fitness,TRUE,1440318085,TUNJZEDK,6237344445,LKVQOXZF,10572.7,10717.12,1,
TXN00004818,CUST003589,Amelia,Martinez,Female,São Paulo,Brazil,São Paulo,Brazil,Tokyo,Japan,2025-04-17 12:40:13,Transfer,4313.99,CAD,Marriott Hotels,Entertainment,Payment for travel,FALSE,8662979404,AXJZSNCG,8059553667,FNRYMBTL,14296.37,14931.2,0,Known fraudulent merchant
TXN00002003,CUST001301,Michael,Lee,Female,New York,USA,New York,USA,New York,USA,2025-02-20 10:18:33,Purchase,293.86,JPY,Uber,Health & Fitness,Payment for electronics,FALSE,4357658270,UKYIIWQL,8180115924,PTODLXYR,8019.63,8992.53,1,
TXN00003347,CUST009752,Evelyn,Brown,Female,Rome,Italy,Rome,Italy,Rome,Italy,2025-08-13 21:36:08,Purchase,138.26,EUR,Amazon,Food & Dining,Payment for bills & utilities,FALSE,3799046881,LXZWHRGW,7548390303,GSNWMKWN,10097.33,9141.92,1,
TXN00002276,CUST007512,Daniel,Jackson,Female,Shanghai,China,Shanghai,China,Shanghai,China,2024-03-09 22:01:15,Transfer,306.67,INR,McDonalds,Gas & Fuel,Payment for travel,TRUE,2170807209,NUMOAHAB,1128797575,TZIKEGAV,8123.37,7966.07,1,
TXN00000215,CUST000129,Charlotte,Brown,Male,Sydney,Australia,Sydney,Australia,Sydney,Australia,2025-01-25 04:04:36,Transfer,450.4,CHF,Amazon,Shopping,Payment for shopping,FALSE,1965133252,UXFIFTMY,4874333908,CVRWWDFM,12710.92,13497.56,1,
TXN00003848,CUST007950,Emma,Davis,Female,Rome,Italy,Rome,Italy,Rome,Italy,2025-07-15 16:26:28,Transfer,266.74,CAD,Marriott Hotels,Shopping,Payment for groceries,TRUE,9728501676,GWSJRIKB,6095542660,QAEFTBKV,5405.4,5154.7,1,
TXN00000356,CUST008786,Harper,Martinez,Female,London,UK,London,UK,London,UK,2025-07-13 23:24:44,Purchase,311.23,INR,Walmart,Health & Fitness,Payment for gas & fuel,FALSE,5213796692,WEAJUIEC,5730356392,WTRJBKJK,12303.44,13045,1,
TXN00002569,CUST002168,James,Wilson,Male,Madrid,Spain,Madrid,Spain,Madrid,Spain,2024-03-24 10:41:11,Purchase,262.6,CAD,Shell Gas,Food & Dining,Payment for travel,FALSE,5228742638,BFOCCHUM,2509807516,YAKWSADD,4826.08,5626.17,1,
TXN00004700,CUST009726,Ava,Thomas,Female,Dubai,UAE,Dubai,UAE,Dubai,UAE,2024-05-05 20:27:48,Purchase,147.94,CNY,Whole Foods,Groceries,Payment for entertainment,FALSE,5145921333,FIKOEPLZ,2294348963,KCCSQRBS,11084.43,12075.57,1,
TXN00003551,CUST005365,Harper,Miller,Male,London,UK,London,UK,London,UK,2025-08-06 08:19:13,Transfer,210.45,GBP,Airbnb,Travel,Payment for travel,FALSE,2124637143,DBXFZWSA,3236454347,TPSYCTAP,12452.74,12503.47,1,
TXN00000067,CUST008137,Robert,Miller,Male,London,UK,London,UK,London,UK,2024-06-01 08:11:44,Transfer,231.16,AUD,Marriott Hotels,Food & Dining,Payment for travel,FALSE,6158361480,KNPBHMFE,3108252903,YLZLUBKA,14880.07,14523.61,1,
TXN00004046,CUST007704,Michael,Taylor,Male,Madrid,Spain,Madrid,Spain,Madrid,Spain,2025-03-25 03:38:51,Purchase,248.52,JPY,Target,Bills & Utilities,Payment for home & garden,FALSE,7585701203,MDJLQXLF,8560242271,RLIETBRJ,10206.87,9309.45,1,
TXN00001378,CUST006260,Charlotte,Jones,Male,Madrid,Spain,Madrid,Spain,Madrid,Spain,2025-06-16 18:12:00,Purchase,370.55,JPY,Airbnb,Health & Fitness,Payment for travel,FALSE,7891565847,ZVDNAXQL,5457158326,MOBPGVAG,10782.61,10430.67,1,
TXN00001862,CUST003006,Olivia,Williams,Female,Mumbai,India,Mumbai,India,Mumbai,India,2024-05-23 12:03:32,Purchase,85.71,EUR,Amazon,Shopping,Payment for travel,FALSE,7332181640,PZTCPNIF,1033459397,NLAUIYEG,6752.39,6385.21,1,
TXN00001602,CUST004998,Emma,Anderson,Male,Paris,France,Paris,France,Paris,France,2024-01-25 03:41:20,Purchase,397.45,CNY,Home Depot,Home & Garden,Payment for entertainment,FALSE,6042604261,XTBYOKVF,1640342568,MUAQQIHL,14552.84,14725.47,1,
TXN00002102,CUST002181,Olivia,Taylor,Female,Berlin,Germany,Berlin,Germany,Berlin,Germany,2024-08-09 03:29:23,Purchase,441.98,EUR,Amazon,Bills & Utilities,Payment for bills & utilities,FALSE,1829362603,VWYHQWBR,1140782320,QHIMDAQS,11553.15,11633.98,1,
TXN00004175,CUST002338,Olivia,Lopez,Male,Mexico City,Mexico,Mexico City,Mexico,Mexico City,Mexico,2025-01-05 12:17:26,Transfer,279.39,USD,Uber,Electronics,Payment for shopping,FALSE,5537824619,UCWIOVCE,3067836174,MPMKNVLA,13182.87,12384.8,1,
TXN00003886,CUST001725,Michael,Thomas,Female,Rome,Italy,Rome,Italy,Rome,Italy,2025-05-26 21:10:06,Purchase,345.33,INR,Delta Airlines,Bills & Utilities,Payment for groceries,FALSE,9403199830,DTSXGOUJ,1247045038,WWMVVFDW,11858.95,10972.02,1,
TXN00003750,CUST002712,Isabella,Martin,Male,São Paulo,Brazil,São Paulo,Brazil,São Paulo,Brazil,2024-02-28 03:11:32,Purchase,407.03,AUD,Starbucks,Travel,Payment for bills & utilities,FALSE,4185592282,BMSBASHW,6026629326,NAHAWHDC,12725.4,12010.37,1,
TXN00000709,CUST006155,Richard,Moore,Female,New York,USA,New York,USA,New York,USA,2024-05-04 12:36:09,Purchase,140.99,CAD,Apple Store,Groceries,Payment for electronics,FALSE,7189509235,CHHEQQFE,4220688508,AXAXBYIJ,7636.59,8594.65,1,
TXN00002654,CUST004775,William,Jackson,Male,Shanghai,China,Shanghai,China,Shanghai,China,2025-07-31 23:38:42,Purchase,167.43,GBP,Home Depot,Bills & Utilities,Payment for food & dining,FALSE,7531989396,KUGEEGMB,2796418352,UEHULWAD,13907.91,13781.55,1,
TXN00004382,CUST002067,Richard,Martinez,Female,Paris,France,Paris,France,Paris,France,2024-07-10 19:23:38,Purchase,136.69,CNY,Amazon,Electronics,Payment for travel,FALSE,2557789239,CFFFNHOZ,2091498588,DDFFPSRQ,11981.46,12200.88,1,
TXN00004571,CUST005347,Isabella,Garcia,Male,Tokyo,Japan,Tokyo,Japan,Tokyo,Japan,2025-05-14 09:16:34,Purchase,426.1,GBP,Delta Airlines,Travel,Payment for home & garden,FALSE,7255817846,SNTVOUPZ,2785008303,YAGZIWLI,14653.63,14551.94,1,
TXN00002381,CUST005713,Richard,Rodriguez,Female,New York,USA,New York,USA,New York,USA,2024-01-22 07:44:32,Purchase,253.91,AUD,Netflix,Food & Dining,Payment for food & dining,FALSE,7833962822,DBDIZHPR,4709526526,ISHEYSNX,6248.46,5330.7,1,
TXN00004501,CUST004733,Emma,Miller,Female,Berlin,Germany,Berlin,Germany,Berlin,Germany,2024-07-22 00:49:28,Transfer,171.19,JPY,Netflix,Shopping,Payment for food & dining,FALSE,6243232379,GLKGZSHY,2221844459,QQFGJMMI,14127.08,14503.88,1,
TXN00003711,CUST008294,Richard,Jackson,Male,Mexico City,Mexico,Mexico City,Mexico,Mexico City,Mexico,2024-01-21 20:51:29,Purchase,206.17,JPY,Amazon,Home & Garden,Payment for entertainment,TRUE,5971253374,XAVJQCFS,2474991424,MYPVBKYC,7807.98,8763.35,1,
TXN00002909,CUST003004,Mia,Lopez,Male,Toronto,Canada,Toronto,Canada,Toronto,Canada,2024-03-04 17:54:52,Purchase,290.86,JPY,Shell Gas,Groceries,Payment for bills & utilities,FALSE,6608131856,FFTZWIAG,9919558145,RSGYZEBY,8815.59,8988.81,1,
TXN00002088,CUST009897,Daniel,Johnson,Female,Sydney,Australia,Sydney,Australia,Sydney,Australia,2024-11-04 03:06:09,Purchase,182.14,EUR,Airbnb,Health & Fitness,Payment for groceries,FALSE,4502454600,MIVZMLGC,3091717902,AZLVCXZZ,14173.04,13323.69,1,
TXN00003761,CUST001963,Emma,Garcia,Male,Singapore,Singapore,Singapore,Singapore,Singapore,Singapore,2024-03-27 20:57:45,Transfer,292.63,AUD,Shell Gas,Groceries,Payment for entertainment,FALSE,8217326088,JIFCTBAU,1013751960,RMKYCRZW,14457.93,13880.06,1,
TXN00001910,CUST005811,John,Martin,Female,Toronto,Canada,Toronto,Canada,Toronto,Canada,2025-06-25 18:57:58,Purchase,433.82,CAD,Walmart,Gas & Fuel,Payment for home & garden,FALSE,1560601439,DNGRIVJQ,6098723147,PUBNTWKW,14092.13,14086.82,1,
TXN00004734,CUST002421,Evelyn,Martin,Male,Paris,France,Paris,France,Paris,France,2024-06-26 09:42:33,Transfer,29.84,USD,McDonalds,Electronics,Payment for shopping,FALSE,4015399776,BSSVQYNM,2298543035,PXQWJCUS,4967.31,5928.08,1,
TXN00000673,CUST008862,Charlotte,Garcia,Female,Singapore,Singapore,Singapore,Singapore,Singapore,Singapore,2024-05-07 21:17:27,Purchase,331.4,AUD,Walmart,Gas & Fuel,Payment for gas & fuel,FALSE,8403391743,WUTZFEUS,1966922833,HFMJRTKO,13441.87,13725.23,1,
TXN00000282,CUST005477,Sophia,Garcia,Male,Singapore,Singapore,Singapore,Singapore,Singapore,Singapore,2024-10-13 12:12:38,Purchase,378.45,INR,McDonalds,Gas & Fuel,Payment for entertainment,FALSE,7676216301,LLHGPZCW,1956904731,OREOPJMN,10667.38,10235.88,1,
TXN00001964,CUST007545,Evelyn,Martin,Male,Shanghai,China,Shanghai,China,Shanghai,China,2024-03-10 04:04:34,Purchase,33.26,EUR,Best Buy,Shopping,Payment for food & dining,FALSE,1593526007,ZZLYVKGI,2704904498,JGWPKTMA,14139.7,13169.3,1,
TXN00001609,CUST000443,Harper,Martinez,Female,Paris,France,Paris,France,Paris,France,2024-05-01 23:09:19,Purchase,496.26,JPY,Home Depot,Shopping,Payment for travel,FALSE,5676123497,LZRMEJVJ,4277550914,VRMTLSNR,12039.55,11552.22,1,
TXN00002026,CUST002809,Mia,Lopez,Male,Singapore,Singapore,Singapore,Singapore,Singapore,Singapore,2025-05-26 14:33:12,Transfer,257.71,EUR,Starbucks,Groceries,Payment for health & fitness,FALSE,7406877228,MSWGOBNQ,7646797852,SFXBJQKT,13670.89,13041.17,1,
TXN00001997,CUST004233,William,Smith,Female,Shanghai,China,Shanghai,China,Shanghai,China,2024-05-21 20:52:41,Transfer,153.43,JPY,Airbnb,Entertainment,Payment for groceries,FALSE,2661389124,IXCHCGHD,3971992793,UBHBYACG,6825.05,7634.5,1,
TXN00004766,CUST002204,Robert,Jackson,Female,London,UK,London,UK,London,UK,2025-01-26 16:29:40,Transfer,2268.8,AUD,Target,Electronics,Payment for gas & fuel,FALSE,2197061072,WMURDQBT,7870084038,GJKNDIUL,8594.5,9569.96,0,Unusual location pattern
TXN00004239,CUST003909,Daniel,Taylor,Female,Toronto,Canada,Toronto,Canada,Toronto,Canada,2025-09-06 01:13:06,Transfer,250.37,INR,McDonalds,Groceries,Payment for travel,TRUE,2714430927,HQIAACLV,4323369516,FJGBBKVA,7257.42,7597.25,1,
TXN00003175,CUST007052,Thomas,Brown,Male,Shanghai,China,Shanghai,China,Shanghai,China,2025-01-13 17:08:27,Purchase,342.53,AUD,Netflix,Health & Fitness,Payment for bills & utilities,FALSE,1757129810,QOQXVGUK,1060254903,UYKPGDJR,7921.14,7692.22,1,
TXN00001125,CUST002101,Michael,Taylor,Female,São Paulo,Brazil,São Paulo,Brazil,São Paulo,Brazil,2024-02-29 00:05:46,Transfer,131.41,CHF,Amazon,Groceries,Payment for entertainment,FALSE,4339867431,JYEOTUUI,6161250405,SRMSXFAM,10373.91,9782.23,1,
TXN00000607,CUST006057,James,Davis,Female,Toronto,Canada,Toronto,Canada,Toronto,Canada,2024-01-17 09:33:42,Purchase,126.53,CHF,Target,Food & Dining,Payment for food & dining,FALSE,9815125834,RCUXFEIU,6752797863,RFVVOCRG,12451.24,13418.7,1,
TXN00000238,CUST006100,John,Williams,Male,Rome,Italy,Rome,Italy,Rome,Italy,2025-08-09 10:03:24,Purchase,109.86,INR,Marriott Hotels,Travel,Payment for electronics,FALSE,3955801857,ORGEFMUN,9085565907,KWBVXKCS,8055.97,7187.16,1,
TXN00001237,CUST005439,Joseph,Rodriguez,Male,Mumbai,India,Mumbai,India,Mumbai,India,2025-04-19 15:27:19,Purchase,483.91,CHF,Marriott Hotels,Travel,Payment for travel,FALSE,3715780210,NFVEQHRS,3189350068,WAGUFJMA,15666.31,14852.82,1,
TXN00000558,CUST007559,Charlotte,Wilson,Male,Paris,France,Paris,France,Paris,France,2024-12-27 06:25:05,Purchase,467.53,JPY,Netflix,Groceries,Payment for travel,FALSE,8803513900,UMDRJPFM,4363528807,LUSJGGHV,6542.93,5942.09,1,
TXN00003798,CUST000812,Mia,Wilson,Female,Singapore,Singapore,Singapore,Singapore,Singapore,Singapore,2024-04-19 15:46:11,Purchase,69.27,EUR,Airbnb,Travel,Payment for home & garden,FALSE,8967106736,RITZBYVP,9447795014,DXBWTVLM,9227.71,10126.14,1,
TXN00002379,CUST007654,Olivia,Wilson,Female,Tokyo,Japan,Tokyo,Japan,Tokyo,Japan,2025-04-13 19:15:11,Purchase,177.33,AUD,Whole Foods,Home & Garden,Payment for entertainment,FALSE,8770745916,IUYOCABB,6192382809,JUJZHQEH,7174.82,7152.9,1,
TXN00001506,CUST009465,Joseph,Brown,Female,São Paulo,Brazil,São Paulo,Brazil,São Paulo,Brazil,2024-11-19 22:37:14,Purchase,23.7,CAD,Marriott Hotels,Food & Dining,Payment for bills & utilities,FALSE,7269377639,NYLSGNRC,4387811129,UPRDDISF,5012.76,5870.97,1,
TXN00002954,CUST000929,Amelia,Moore,Female,Dubai,UAE,Dubai,UAE,Dubai,UAE,2025-05-22 02:46:06,Purchase,56.16,AUD,Airbnb,Food & Dining,Payment for home & garden,FALSE,7480458453,DQBJFWIZ,3856879798,OQAFZFCG,6846.79,7019.43,1,
TXN00003294,CUST003759,Evelyn,Miller,Female,Dubai,UAE,Dubai,UAE,Dubai,UAE,2024-04-08 14:16:48,Purchase,81.19,GBP,Shell Gas,Entertainment,Payment for home & garden,FALSE,6898351856,SIPVSGFY,7569130469,SCFHJOEO,6712.4,6163.1,1,
TXN00003540,CUST004647,John,Jones,Female,Rome,Italy,Rome,Italy,Rome,Italy,2025-08-14 08:26:41,Purchase,359.09,EUR,Amazon,Bills & Utilities,Payment for gas & fuel,FALSE,7024668758,HHCYUKDM,4862904774,NASETSFJ,12946.2,12069.66,1,
TXN00002897,CUST004401,Charlotte,Williams,Male,São Paulo,Brazil,São Paulo,Brazil,São Paulo,Brazil,2025-07-17 04:34:56,Purchase,451.28,EUR,Airbnb,Shopping,Payment for bills & utilities,FALSE,1556356625,SOTIHCPX,8949395425,PMAQCWVM,13387.49,12548.38,1,
TXN00004190,CUST001054,John,Jones,Male,Mumbai,India,Mumbai,India,Mumbai,India,2025-06-19 18:53:04,Purchase,506.79,USD,Netflix,Home & Garden,Payment for bills & utilities,FALSE,4556947769,SXYHCLCG,3740480993,YMVSZXJF,7491.42,6662.1,1,
TXN00000551,CUST007181,Ava,Martin,Female,Sydney,Australia,Sydney,Australia,Sydney,Australia,2025-08-29 16:32:16,Purchase,99.64,CAD,Shell Gas,Entertainment,Payment for electronics,TRUE,5746592937,WLZKJEFZ,9036767428,JOQZYEGC,10766.65,11516.1,1,
TXN00001570,CUST005362,Olivia,Johnson,Female,Sydney,Australia,Sydney,Australia,Sydney,Australia,2024-06-29 20:56:57,Purchase,173.87,EUR,Netflix,Entertainment,Payment for health & fitness,FALSE,8434863470,OZTFXPTM,8943326974,LFCMQTGN,8737.04,7738.99,1,
TXN00001460,CUST002450,Isabella,Martin,Male,London,UK,London,UK,London,UK,2024-02-11 19:39:22,Transfer,373.22,INR,Marriott Hotels,Entertainment,Payment for food & dining,FALSE,3631264362,UQVHUZCT,6533374963,KQHWZAIJ,5143.19,5637.05,1,
TXN00003298,CUST004353,William,Lopez,Male,Paris,France,Paris,France,Paris,France,2024-01-06 14:55:17,Transfer,44.32,USD,Airbnb,Shopping,Payment for food & dining,FALSE,7954709337,EXHAEGCY,5183514980,QLIOEOXG,6635.36,7306.77,1,
TXN00001424,CUST006307,James,Jones,Male,Mumbai,India,Mumbai,India,Mumbai,India,2025-05-31 18:00:21,Purchase,269.15,GBP,Marriott Hotels,Home & Garden,Payment for home & garden,FALSE,6841976826,MVGMMNZR,4816490795,DOWVTKGP,12047.72,11097.59,1,
TXN00003688,CUST001885,David,Lee,Male,Rome,Italy,Rome,Italy,Rome,Italy,2024-11-17 11:42:17,Purchase,452.36,CNY,McDonalds,Entertainment,Payment for gas & fuel,FALSE,3362442371,OYBXUUNR,2982304816,BBFGFLLX,5421.5,6022.2,1,
TXN00001392,CUST007493,Charlotte,Jackson,Male,Dubai,UAE,Dubai,UAE,Dubai,UAE,2025-07-13 10:49:34,Transfer,80.68,CAD,Amazon,Health & Fitness,Payment for bills & utilities,FALSE,8944854721,GULTSMUA,8761081309,IYPRWKPL,6040.95,5193.43,1,
TXN00004445,CUST009743,Daniel,Martin,Female,Singapore,Singapore,Singapore,Singapore,Singapore,Singapore,2025-02-23 13:50:08,Purchase,326.57,CHF,Walmart,Home & Garden,Payment for gas & fuel,FALSE,7068029443,JAZMPGCY,6380533263,LVPPQBJY,6688.7,5887.57,1,
TXN00003141,CUST006627,Ava,Martin,Female,Singapore,Singapore,Singapore,Singapore,Singapore,Singapore,2025-03-19 12:07:17,Purchase,171.57,JPY,Shell Gas,Groceries,Payment for health & fitness,FALSE,2699894841,SHYIEYUD,7669538371,APCZSDBL,14567.86,14308.5,1,
TXN00002566,CUST009587,Mia,Miller,Male,Tokyo,Japan,Tokyo,Japan,Tokyo,Japan,2024-01-13 14:37:44,Transfer,119.01,CAD,Starbucks,Gas & Fuel,Payment for health & fitness,FALSE,7331820083,PPXBQEOC,6408042550,DZWWPTEL,14485.41,14717.3,1,
TXN00004945,CUST002330,Emma,Lopez,Female,Paris,France,Sydney,Australia,Sydney,Australia,2024-07-04 06:28:33,Purchase,1220.25,USD,Whole Foods,Electronics,Payment for home & garden,TRUE,3568431117,KOLZOVEZ,9225355760,EVCPQMUF,10559.97,11246.6,0,Unusual location pattern
TXN00000397,CUST003745,Sophia,Williams,Female,Sydney,Australia,Sydney,Australia,Sydney,Australia,2025-05-29 16:10:51,Purchase,55.8,INR,Airbnb,Gas & Fuel,Payment for health & fitness,FALSE,1226425944,ALUWEIUD,9386020924,NZKMPJLV,9711.32,9156.25,1,
TXN00002081,CUST007865,Thomas,Rodriguez,Male,Rome,Italy,Rome,Italy,Rome,Italy,2025-07-22 15:47:33,Purchase,281.08,AUD,Home Depot,Health & Fitness,Payment for food & dining,FALSE,3365463963,NWGKSYMF,6140459874,UCESMHVY,4817.01,5535.93,1,
TXN00002491,CUST007263,Thomas,Hernandez,Female,Mumbai,India,Mumbai,India,Mumbai,India,2025-09-27 12:09:39,Purchase,107.12,GBP,Delta Airlines,Health & Fitness,Payment for gas & fuel,FALSE,2934023848,GQFPNDUU,5290600455,CARAYTMS,12003.14,11057.31,1,
TXN00003557,CUST009315,Thomas,Smith,Female,Shanghai,China,Shanghai,China,Shanghai,China,2024-05-14 02:54:47,Transfer,456.69,CAD,Target,Travel,Payment for travel,FALSE,8925850381,KPAIIIRZ,2002941577,AKXYLSLM,9094.7,9456.91,1,
TXN00003503,CUST008885,Mia,Smith,Male,Mexico City,Mexico,Mexico City,Mexico,Mexico City,Mexico,2024-09-24 04:12:53,Transfer,369.63,USD,Target,Electronics,Payment for gas & fuel,FALSE,7094624247,ICDITCID,5331971469,ZIABUXFH,7884.99,6917.39,1,
TXN00003851,CUST007747,Harper,Davis,Male,Mumbai,India,Mumbai,India,Mumbai,India,2025-06-16 16:50:32,Purchase,47.05,CHF,Starbucks,Bills & Utilities,Payment for travel,FALSE,5591304676,DPRLSMGB,6807520639,MTNGRYFQ,11501.2,12134.79,1,
TXN00004066,CUST005483,William,Brown,Female,Rome,Italy,Rome,Italy,Rome,Italy,2025-06-30 20:46:31,Purchase,243.46,AUD,Netflix,Travel,Payment for electronics,FALSE,2564935126,BURYJTTP,2881004641,EBWHZEKK,13598.57,13635.73,1,
TXN00001918,CUST002914,Joseph,Hernandez,Male,Sydney,Australia,Sydney,Australia,Sydney,Australia,2025-02-22 21:36:12,Transfer,453.92,GBP,Apple Store,Gas & Fuel,Payment for electronics,TRUE,7280909956,FWRHYMKQ,8463712318,MCTXTRTV,11764.82,12162.44,1,
TXN00000464,CUST003813,Daniel,Thomas,Male,São Paulo,Brazil,São Paulo,Brazil,São Paulo,Brazil,2024-08-25 05:53:41,Transfer,436.71,JPY,Target,Shopping,Payment for food & dining,FALSE,7106404965,SOWTWEMA,5979882559,PRWVCFPO,9192.49,9705.89,1,
TXN00001266,CUST007343,Evelyn,Moore,Male,Mexico City,Mexico,Mexico City,Mexico,Mexico City,Mexico,2024-11-23 12:21:20,Transfer,300.29,CAD,Walmart,Electronics,Payment for shopping,FALSE,2171317912,KAMSUIFV,3657780150,SGJAHSLR,14927.57,14464.1,1,
TXN00004577,CUST006176,Daniel,Lee,Male,São Paulo,Brazil,São Paulo,Brazil,São Paulo,Brazil,2025-01-26 20:12:16,Purchase,321.6,EUR,Delta Airlines,Groceries,Payment for shopping,FALSE,4078840018,FAXDTMJS,5656466580,GJNUTZVZ,13391.84,14115.17,1,
TXN00004498,CUST001789,Harper,Martinez,Female,Tokyo,Japan,Tokyo,Japan,Tokyo,Japan,2024-01-17 22:10:32,Purchase,297.47,INR,Amazon,Electronics,Payment for travel,FALSE,4852614842,GXDIJYXQ,4461713819,ZHOYZOAW,14983.77,14150.16,1,
TXN00003564,CUST001672,Michael,Miller,Female,Berlin,Germany,Berlin,Germany,Berlin,Germany,2024-08-24 06:50:38,Purchase,117.82,GBP,Delta Airlines,Bills & Utilities,Payment for food & dining,FALSE,7490220483,POUSCQPL,4795140717,FBZMAVCZ,13521.87,14349.95,1,
TXN00003139,CUST008147,Emma,Lee,Male,London,UK,London,UK,London,UK,2025-06-06 17:11:39,Transfer,319.77,CNY,Best Buy,Travel,Payment for gas & fuel,FALSE,6368810149,LJTPSZEL,3012164753,BZORECFL,6784.39,6510.45,1,
TXN00002577,CUST005994,Thomas,Garcia,Male,Singapore,Singapore,Singapore,Singapore,Singapore,Singapore,2025-05-23 08:22:42,Purchase,67.75,CAD,Walmart,Bills & Utilities,Payment for electronics,FALSE,8802251186,PKVJXDFP,3623974962,FERPAXEF,5485.99,5879.2,1,
TXN00000456,CUST008628,Thomas,Johnson,Female,Shanghai,China,Shanghai,China,Shanghai,China,2024-10-01 13:17:44,Purchase,286.37,GBP,Starbucks,Gas & Fuel,Payment for gas & fuel,FALSE,7945435053,MGNQZIVP,7655801852,OYMAXJHB,11233.85,10690.06,1,
TXN00001225,CUST009510,Michael,Brown,Female,Dubai,UAE,Dubai,UAE,Dubai,UAE,2024-01-29 21:04:52,Purchase,198.63,CNY,Shell Gas,Travel,Payment for electronics,FALSE,6331407727,FCQQWHFI,7645137265,ESSDBVYL,7700.16,7474.12,1,
TXN00001809,CUST003072,Richard,Lopez,Male,Madrid,Spain,Madrid,Spain,Madrid,Spain,2025-10-10 12:47:19,Transfer,322.02,CAD,Target,Groceries,Payment for bills & utilities,FALSE,6266136409,UKQMIYAD,1605377996,VEDRJOJE,7014.79,7383.4,1,
TXN00000695,CUST002928,Robert,Martinez,Female,Mumbai,India,Mumbai,India,Mumbai,India,2024-12-06 12:46:26,Purchase,110.48,CHF,Whole Foods,Groceries,Payment for groceries,FALSE,8063125151,BWNCNWOB,8599153438,WYDVJWHU,7337.53,7940,1,
TXN00003907,CUST004784,David,Jones,Male,London,UK,London,UK,London,UK,2025-01-17 15:06:02,Purchase,76.11,GBP,Best Buy,Health & Fitness,Payment for entertainment,FALSE,6910628374,DXINRNGM,5588131735,AMVOBZQH,9638.03,10591.71,1,
TXN00000976,CUST009621,Olivia,Martinez,Male,São Paulo,Brazil,São Paulo,Brazil,São Paulo,Brazil,2025-01-08 12:02:21,Purchase,502.51,INR,Walmart,Health & Fitness,Payment for shopping,FALSE,6679405488,MROVSQDY,3868897745,WERJDSUR,12000.18,11547.99,1,
TXN00000974,CUST003402,Mia,Wilson,Female,Madrid,Spain,Madrid,Spain,Madrid,Spain,2024-11-08 12:20:54,Purchase,495.29,CHF,McDonalds,Travel,Payment for shopping,FALSE,8920564743,BAAIVQUN,2219051589,JKTCWWYH,6460,6681.46,1,
TXN00000449,CUST001459,Thomas,Rodriguez,Male,Singapore,Singapore,Singapore,Singapore,Singapore,Singapore,2024-09-21 10:05:31,Transfer,213.78,JPY,Best Buy,Groceries,Payment for food & dining,FALSE,7156233916,TKQKAPLH,9541064163,CZYBPXYI,9878.78,9881.3,1,
TXN00002024,CUST002763,John,Jackson,Male,New York,USA,New York,USA,New York,USA,2025-10-12 20:53:32,Purchase,336.35,AUD,Airbnb,Food & Dining,Payment for electronics,FALSE,4511134554,NJQPZNFW,1093371864,BKMWEQDJ,6750.24,7086.49,1,
TXN00003840,CUST001440,Olivia,Wilson,Female,Madrid,Spain,Madrid,Spain,Madrid,Spain,2025-02-11 09:36:53,Purchase,320.32,AUD,Netflix,Gas & Fuel,Payment for food & dining,FALSE,8364762885,VOXDRXNV,9909559855,WOUYYDPM,7410.74,7134.09,1,
TXN00001744,CUST000319,Robert,Lee,Female,Rome,Italy,Rome,Italy,Rome,Italy,2025-05-11 18:44:31,Transfer,11.61,JPY,Target,Health & Fitness,Payment for electronics,FALSE,4529484931,QKZQCOIW,2433778722,DUBRJOVN,9698.05,8885.08,1,
TXN00000675,CUST001500,Robert,Martin,Male,Rome,Italy,Rome,Italy,Rome,Italy,2024-05-09 21:56:51,Purchase,117.67,CHF,Walmart,Bills & Utilities,Payment for bills & utilities,TRUE,3400897948,KNHGVLOB,1235295823,DGXLGMIP,12421.64,11857.89,1,
TXN00003895,CUST001884,Robert,Martinez,Male,São Paulo,Brazil,São Paulo,Brazil,São Paulo,Brazil,2025-05-17 09:56:49,Transfer,122.4,CAD,Uber,Bills & Utilities,Payment for travel,TRUE,7086024282,JMURPWAP,5263370061,EOVVYLJQ,12092.65,11778.31,1,
TXN00003705,CUST001314,Isabella,Johnson,Female,London,UK,London,UK,London,UK,2024-09-11 17:31:29,Purchase,450.78,GBP,Uber,Electronics,Payment for food & dining,FALSE,8538551093,MAQHGIVB,1162444066,ZLJRXILR,5989.86,5770.25,1,
TXN00004164,CUST005208,Michael,Hernandez,Male,Singapore,Singapore,Singapore,Singapore,Singapore,Singapore,2024-06-23 20:17:00,Purchase,311.33,INR,Target,Health & Fitness,Payment for electronics,FALSE,7609818651,CEQJSRCE,3343176142,SQPRCBIU,11093.65,10625.58,1,
TXN00003578,CUST003922,William,Brown,Female,São Paulo,Brazil,São Paulo,Brazil,São Paulo,Brazil,2024-03-02 03:00:28,Purchase,347.65,CHF,Netflix,Entertainment,Payment for groceries,FALSE,3390881164,RYKMAMMN,9132354837,RDUQUBDB,14041.02,13185.55,1,
TXN00001650,CUST004130,Richard,Wilson,Female,Shanghai,China,Shanghai,China,Shanghai,China,2025-06-11 13:33:06,Purchase,328.81,USD,Uber,Entertainment,Payment for groceries,FALSE,3459190946,YDGOVPMF,7384621976,HAILAWKW,14256.23,14704.12,1,
TXN00000893,CUST002263,Mia,Davis,Male,Mexico City,Mexico,Mexico City,Mexico,Mexico City,Mexico,2024-11-10 21:17:49,Purchase,92.89,CHF,Amazon,Shopping,Payment for food & dining,FALSE,8745729246,MAJLGGHP,4008282491,QNXQPRWK,13180.41,13910.36,1,
TXN00002353,CUST001149,Olivia,Williams,Female,Dubai,UAE,Dubai,UAE,Dubai,UAE,2024-03-13 14:12:56,Transfer,461.32,CHF,Starbucks,Shopping,Payment for groceries,FALSE,4081167964,LYSDYYYH,8489949037,IUKCSZOB,9414.72,9051.56,1,
TXN00003993,CUST003154,Sophia,Williams,Female,New York,USA,New York,USA,New York,USA,2025-06-12 17:39:27,Transfer,223.42,AUD,Shell Gas,Food & Dining,Payment for travel,FALSE,1585718468,OOGJLIXV,6207462370,QFCXUANX,13342.03,13184.74,1,
TXN00001342,CUST006208,John,Moore,Female,London,UK,London,UK,London,UK,2024-03-05 20:04:45,Purchase,143.32,EUR,Home Depot,Gas & Fuel,Payment for electronics,FALSE,6419726229,OAKHOHKL,7508862640,YNIXQLZX,11142.06,11324.48,1,
TXN00000377,CUST005941,William,Jackson,Male,São Paulo,Brazil,São Paulo,Brazil,São Paulo,Brazil,2024-01-07 17:46:01,Purchase,417.52,JPY,Delta Airlines,Bills & Utilities,Payment for health & fitness,TRUE,8812204105,AEBYZJMD,9047989318,RVASZRLK,4606.71,5138.35,1,
TXN00002960,CUST000229,Olivia,Moore,Female,Mexico City,Mexico,Mexico City,Mexico,Mexico City,Mexico,2025-08-09 05:32:43,Purchase,252.64,USD,Whole Foods,Electronics,Payment for shopping,FALSE,6883593423,LMJDZHVK,7829147054,YZWATLZN,13911.83,14881.15,1,
TXN00004819,CUST001306,David,Jackson,Male,Shanghai,China,Berlin,Germany,Singapore,Singapore,2025-07-18 20:14:35,Transfer,1386.69,CHF,Delta Airlines,Travel,Payment for groceries,FALSE,1651861979,ZBNBEJXB,2289023289,RVNVILCQ,10910.11,10323.24,0,Account takeover suspected
TXN00000445,CUST006212,James,Taylor,Female,New York,USA,New York,USA,New York,USA,2025-09-28 11:12:50,Transfer,505.85,USD,Shell Gas,Entertainment,Payment for food & dining,FALSE,8189999331,NMDMQQVR,9381600171,MFEHAUMC,7782.72,7593.35,1,
TXN00000061,CUST005085,Michael,Brown,Female,New York,USA,New York,USA,New York,USA,2024-07-12 16:11:27,Purchase,176.83,JPY,Marriott Hotels,Shopping,Payment for entertainment,FALSE,8053039484,DQMYORSB,4569001893,PLTSUIOQ,5558.23,6190.71,1,
TXN00002695,CUST002558,Ava,Taylor,Female,Mexico City,Mexico,Mexico City,Mexico,Mexico City,Mexico,2024-12-18 13:32:21,Purchase,176.61,CAD,Shell Gas,Travel,Payment for groceries,FALSE,7625622213,PQPFIBSM,8838787028,RCIMXHOS,6242.06,6350.96,1,
TXN00004698,CUST002856,Harper,Hernandez,Female,Sydney,Australia,Sydney,Australia,Sydney,Australia,2025-03-05 21:14:15,Purchase,365.58,EUR,Airbnb,Shopping,Payment for travel,FALSE,5090838586,LYMIYHDU,7672965274,TCDJHSMJ,8026.44,7440.2,1,
TXN00003614,CUST004886,Richard,Lee,Female,Madrid,Spain,Madrid,Spain,Madrid,Spain,2025-03-17 07:28:31,Purchase,140.66,JPY,Walmart,Home & Garden,Payment for bills & utilities,TRUE,4410181100,HSYEEPMJ,7663414702,JADRKGSJ,9508,9553.93,1,
TXN00004448,CUST001099,Harper,Jones,Male,New York,USA,New York,USA,New York,USA,2024-01-16 21:23:51,Purchase,93.56,EUR,Home Depot,Health & Fitness,Payment for gas & fuel,FALSE,6013961437,QUISBCJX,2603844739,NWRZZYLE,13722.42,13141.3,1,
TXN00001544,CUST009031,Sophia,Thomas,Female,Dubai,UAE,Dubai,UAE,Dubai,UAE,2025-03-26 02:57:17,Purchase,198.21,CHF,Whole Foods,Groceries,Payment for electronics,FALSE,9614086052,NSZDFVSB,3116690584,OUYNCSLS,8614.84,8261.83,1,
TXN00000218,CUST009017,Harper,Thomas,Male,Toronto,Canada,Toronto,Canada,Toronto,Canada,2025-07-10 05:29:44,Purchase,80.93,EUR,Shell Gas,Travel,Payment for groceries,FALSE,3189720055,ADSKABVF,5919919587,DQXCMXCV,8681.19,8763.03,1,
TXN00001412,CUST005577,William,Hernandez,Female,London,UK,London,UK,London,UK,2024-12-10 14:16:20,Purchase,318.88,CAD,Amazon,Home & Garden,Payment for gas & fuel,FALSE,1948526640,JKAOUDOF,7641589414,YSQKVTIP,6842.08,6235.82,1,
TXN00002393,CUST002909,Evelyn,Lopez,Male,Toronto,Canada,Toronto,Canada,Toronto,Canada,2025-08-12 15:28:00,Purchase,268.45,GBP,Delta Airlines,Travel,Payment for gas & fuel,FALSE,5967268390,NNKUIVJS,6487038369,MPPGXBHL,8720.32,9094.97,1,
TXN00001957,CUST009172,Harper,Brown,Male,Rome,Italy,Rome,Italy,Rome,Italy,2025-07-19 21:33:47,Purchase,109.83,EUR,Starbucks,Gas & Fuel,Payment for shopping,FALSE,4439054277,QWXCMAED,4774082004,LYSVJKKF,10265.84,10243.84,1,
TXN00001173,CUST001007,David,Thomas,Female,Shanghai,China,Shanghai,China,Shanghai,China,2025-03-04 11:44:24,Purchase,422.39,GBP,Whole Foods,Gas & Fuel,Payment for food & dining,FALSE,6620081216,HWGDRKUB,4345245217,IAYHBQMH,6550.44,5781.89,1,
TXN00002493,CUST003184,Evelyn,Lopez,Male,Berlin,Germany,Berlin,Germany,Berlin,Germany,2025-02-21 00:48:20,Purchase,211.45,CNY,Walmart,Shopping,Payment for health & fitness,TRUE,1403011721,ZULQCLJL,3458787798,UPYDBMSL,12603.21,12499.01,1,
TXN00001880,CUST002246,Emma,Jones,Male,London,UK,London,UK,London,UK,2024-09-28 21:49:06,Purchase,339.04,CAD,Home Depot,Electronics,Payment for gas & fuel,FALSE,9259772571,MFOCUIRW,5805911302,KYRKWBYG,15058.13,14240.92,1,
TXN00002087,CUST004767,Amelia,Lopez,Female,Sydney,Australia,Sydney,Australia,Sydney,Australia,2025-06-22 21:26:10,Purchase,202.24,GBP,Shell Gas,Home & Garden,Payment for electronics,FALSE,3056573780,PGXTYCXM,5091465105,GRLYVXPD,13513.24,13210.05,1,
TXN00001889,CUST007570,William,Martin,Female,London,UK,London,UK,London,UK,2024-03-13 09:08:31,Transfer,501.96,CHF,Home Depot,Shopping,Payment for travel,FALSE,1636004558,VMUDPWMA,8787592903,AYDVVLGC,13108.09,14008.24,1,
TXN00003411,CUST001595,Emma,Smith,Female,Toronto,Canada,Toronto,Canada,Toronto,Canada,2025-03-18 09:58:02,Purchase,480.2,INR,Target,Electronics,Payment for bills & utilities,FALSE,7778939785,OPFDIKNJ,9506016678,UKYGKCSS,11073.69,10086.51,1,
TXN00001004,CUST006010,Mia,Williams,Male,Dubai,UAE,Dubai,UAE,Dubai,UAE,2024-06-02 19:30:12,Purchase,291.81,CAD,Target,Entertainment,Payment for entertainment,FALSE,7922837122,SZMCEEHW,8447316682,CPVFVLXL,4863.39,5457.33,1,
TXN00002638,CUST003590,Emma,Moore,Male,Shanghai,China,Shanghai,China,Shanghai,China,2024-09-24 17:36:05,Transfer,478.06,JPY,Apple Store,Gas & Fuel,Payment for home & garden,FALSE,1112716727,UYEXYCQM,1217650378,GBTSHXZE,6022.38,6952.99,1,
TXN00001799,CUST005459,Joseph,Thomas,Male,Berlin,Germany,Berlin,Germany,Berlin,Germany,2025-01-12 01:38:18,Purchase,124.06,USD,Apple Store,Groceries,Payment for entertainment,FALSE,4965554328,AITLKLRT,4588245311,FADELXPF,12318.64,11420.73,1,
TXN00000275,CUST008456,Richard,Williams,Male,Dubai,UAE,Dubai,UAE,Dubai,UAE,2024-11-02 22:33:45,Purchase,107.72,CNY,Airbnb,Food & Dining,Payment for shopping,FALSE,8722813097,YPOHHCVM,1409070908,DCDBLIVX,12748.45,12092.34,1,
TXN00003368,CUST007340,Charlotte,Lee,Male,Tokyo,Japan,Tokyo,Japan,Tokyo,Japan,2024-07-17 11:34:26,Transfer,120.04,AUD,Whole Foods,Electronics,Payment for food & dining,FALSE,6263225571,PLNIQENT,7163681530,NNYFKNPZ,5684.53,5565.61,1,
TXN00001076,CUST008526,Robert,Lopez,Male,Sydney,Australia,Sydney,Australia,Sydney,Australia,2024-12-30 18:42:04,Purchase,103.43,CAD,Netflix,Entertainment,Payment for bills & utilities,FALSE,9748716826,WPFKRLLO,3853370089,ACTVPDLY,7260.79,8172.92,1,
TXN00000700,CUST002412,Daniel,Smith,Male,Madrid,Spain,Madrid,Spain,Madrid,Spain,2024-01-08 19:18:49,Purchase,265.02,JPY,Shell Gas,Home & Garden,Payment for bills & utilities,FALSE,6737542254,EJMRJGGX,6751194139,VYNIMJMQ,4534.38,5409.35,1,
TXN00003562,CUST003001,Sophia,Lopez,Female,Madrid,Spain,Madrid,Spain,Madrid,Spain,2024-04-26 09:31:49,Purchase,168.55,CNY,Target,Health & Fitness,Payment for food & dining,FALSE,6853199873,EFWZUADK,6600836358,ILGBQBLR,7006.17,6089.8,1,
TXN00000870,CUST002309,James,Lopez,Male,Tokyo,Japan,Tokyo,Japan,Tokyo,Japan,2024-04-12 03:21:45,Purchase,412,INR,Marriott Hotels,Entertainment,Payment for food & dining,FALSE,3568154487,BEWXOZDJ,4444740769,NHRPPCKK,14158.75,14383.79,1,
TXN00004146,CUST006816,Ava,Williams,Male,Berlin,Germany,Berlin,Germany,Berlin,Germany,2024-01-17 15:56:16,Transfer,125.11,CAD,Marriott Hotels,Food & Dining,Payment for food & dining,FALSE,3114370296,LGPIIBJN,4909426450,VDDFJZWZ,8190.53,8803.58,1,
TXN00002726,CUST008581,Ava,Johnson,Male,Dubai,UAE,Dubai,UAE,Dubai,UAE,2024-02-17 02:56:38,Transfer,142.12,INR,Shell Gas,Gas & Fuel,Payment for travel,FALSE,3427625307,IBFOJVNG,3149363516,IAVXZITM,6126.23,5952.02,1,
TXN00003052,CUST002232,Richard,Thomas,Female,Tokyo,Japan,Tokyo,Japan,Tokyo,Japan,2025-05-17 20:39:36,Transfer,184.88,EUR,Starbucks,Health & Fitness,Payment for groceries,TRUE,4840979846,SMCIFXXG,4854444528,HDKXXXIF,8722.84,8101.85,1,
TXN00000704,CUST008153,Richard,Miller,Female,London,UK,London,UK,London,UK,2024-04-07 23:44:39,Transfer,452.14,INR,McDonalds,Travel,Payment for home & garden,FALSE,1214732806,XCOJQXFO,7336584740,AQOLXPRI,7625.3,6821.35,1,
TXN00001675,CUST005700,John,Davis,Female,Madrid,Spain,Madrid,Spain,Madrid,Spain,2025-10-08 03:06:23,Purchase,29.62,CAD,Uber,Bills & Utilities,Payment for gas & fuel,FALSE,5402827279,MOXXUSTR,5730176008,KVNUWCXY,6514.38,5908.6,1,
TXN00003576,CUST001303,Olivia,Williams,Female,Berlin,Germany,Berlin,Germany,Berlin,Germany,2024-11-07 03:41:38,Transfer,233.26,GBP,Apple Store,Shopping,Payment for bills & utilities,FALSE,4473390559,TRSUKRDL,3667908797,LPIKJEEA,10597.93,10149.02,1,
TXN00002483,CUST005064,Ava,Moore,Male,Singapore,Singapore,Singapore,Singapore,Singapore,Singapore,2024-03-04 11:16:23,Transfer,442.02,EUR,McDonalds,Home & Garden,Payment for gas & fuel,FALSE,8899608897,IOWRBPUB,9921967233,PWXNMMDK,5370.13,6240.85,1,
TXN00002607,CUST007170,Mia,Anderson,Female,New York,USA,New York,USA,New York,USA,2025-09-09 06:06:35,Purchase,72.28,CAD,Airbnb,Travel,Payment for travel,FALSE,4686332918,XVKJUOWP,8841718706,UUQKXZTX,6965.89,7522.25,1,
TXN00002334,CUST007021,James,Davis,Male,São Paulo,Brazil,São Paulo,Brazil,São Paulo,Brazil,2024-03-13 03:29:15,Transfer,270.85,USD,Target,Home & Garden,Payment for electronics,FALSE,8436877634,IHYXCPDQ,3788561600,JQQSEZWI,12706.03,12353.6,1,
TXN00000886,CUST008622,Amelia,Jackson,Male,Tokyo,Japan,Tokyo,Japan,Tokyo,Japan,2024-11-02 13:17:44,Transfer,125.08,CHF,Starbucks,Shopping,Payment for entertainment,FALSE,7567258104,GZCNCIQF,2883792230,GTFLZGPK,13247.41,13821.15,1,
TXN00002270,CUST003851,Isabella,Martinez,Female,New York,USA,New York,USA,New York,USA,2024-10-04 02:32:27,Transfer,77.2,INR,Best Buy,Food & Dining,Payment for groceries,FALSE,1997477403,SRRTZEYA,6729591435,GKTIGJDP,12143.13,12979.57,1,
TXN00004268,CUST005835,Emma,Rodriguez,Female,Dubai,UAE,Dubai,UAE,Dubai,UAE,2024-05-16 02:20:53,Purchase,209.56,USD,Delta Airlines,Entertainment,Payment for shopping,TRUE,5664611992,EFDAFGWG,7533566509,BONXAPLS,6529.7,5811.83,1,
TXN00000959,CUST001784,Harper,Taylor,Female,Toronto,Canada,Toronto,Canada,Toronto,Canada,2024-01-13 05:17:20,Purchase,316.57,GBP,Whole Foods,Home & Garden,Payment for food & dining,FALSE,9817693439,SVOSLYYA,7217251357,KVVAXUXT,10262.14,9306.4,1,
TXN00002923,CUST001857,Mia,Miller,Female,Singapore,Singapore,Singapore,Singapore,Singapore,Singapore,2025-09-23 19:53:02,Purchase,426.32,CHF,Best Buy,Entertainment,Payment for travel,FALSE,7024151373,DDQKSVAL,7749277777,EZVMBMLL,14191.64,13211.06,1,
TXN00003777,CUST009128,William,Martin,Male,Sydney,Australia,Sydney,Australia,Sydney,Australia,2025-02-08 04:02:27,Purchase,428.98,USD,Netflix,Travel,Payment for food & dining,TRUE,6338956501,HUAWZDQP,4256044444,RPXLRRPV,9548.27,8868.83,1,
TXN00002754,CUST003148,Charlotte,Brown,Male,Shanghai,China,Shanghai,China,Shanghai,China,2025-02-14 17:31:36,Purchase,200.64,GBP,Target,Health & Fitness,Payment for entertainment,FALSE,5033868422,QAUXBNZU,3024084208,OFWNSWKG,12062.56,11290.02,1,
TXN00002596,CUST006853,Emma,Miller,Male,Paris,France,Paris,France,Paris,France,2024-02-15 04:21:52,Transfer,171.93,INR,Target,Travel,Payment for health & fitness,FALSE,5593740342,LSIDVRFW,2754476797,JMEXRNQK,5727.09,5126.76,1,
TXN00002968,CUST005795,Isabella,Martin,Female,Madrid,Spain,Madrid,Spain,Madrid,Spain,2025-01-03 06:18:14,Purchase,443.57,CNY,Marriott Hotels,Shopping,Payment for entertainment,FALSE,7090904667,HVQTIXSI,8494602895,QSQFEMJQ,9953.91,9523.83,1,
TXN00001990,CUST000274,Sophia,Miller,Male,Paris,France,Paris,France,Paris,France,2025-01-27 20:59:12,Purchase,39.55,EUR,Amazon,Electronics,Payment for bills & utilities,FALSE,5828822036,WHWHFLER,8080787489,UVBKVEUH,7935.08,7743.81,1,
TXN00002259,CUST003823,Amelia,Miller,Male,Rome,Italy,Rome,Italy,Rome,Italy,2024-03-29 15:55:45,Purchase,239.47,JPY,Home Depot,Shopping,Payment for gas & fuel,FALSE,3966773283,WLVTYOJT,1770517706,KKSFKIAG,8816.57,9676.43,1,
TXN00004606,CUST001115,Evelyn,Martinez,Male,Madrid,Spain,Madrid,Spain,Madrid,Spain,2025-03-18 02:03:28,Purchase,402.55,CNY,Home Depot,Bills & Utilities,Payment for entertainment,FALSE,6314818871,TVGRCYKY,2094336557,LBPBPJBK,8390.51,9273.91,1,
TXN00002049,CUST003888,Thomas,Jones,Male,Dubai,UAE,Dubai,UAE,Dubai,UAE,2025-02-06 03:03:50,Purchase,347.67,CNY,Apple Store,Entertainment,Payment for health & fitness,FALSE,6313396308,RTHYKXAR,8815815953,XZGYIOOF,8519.39,9179.65,1,
TXN00002551,CUST007209,Charlotte,Williams,Female,São Paulo,Brazil,São Paulo,Brazil,São Paulo,Brazil,2025-02-23 21:13:30,Transfer,74.47,AUD,Apple Store,Bills & Utilities,Payment for gas & fuel,FALSE,7466619855,FWUAXVVO,4050786456,YKXPYXGM,5414.16,5688.76,1,
TXN00003866,CUST006682,Daniel,Jones,Female,Berlin,Germany,Berlin,Germany,Berlin,Germany,2024-03-09 03:34:15,Purchase,11.35,GBP,Target,Health & Fitness,Payment for shopping,FALSE,9301205834,LPFMBRZZ,2319062249,QVLFPLLE,5071.7,5757.91,1,
TXN00003532,CUST004018,Robert,Wilson,Male,Mexico City,Mexico,Mexico City,Mexico,Mexico City,Mexico,2025-07-07 09:48:16,Transfer,417.64,GBP,Walmart,Travel,Payment for food & dining,FALSE,2648008130,KEAZJXHJ,3078593074,HDIWSRFX,5628.37,5971.89,1,
TXN00002391,CUST000465,Joseph,Jackson,Female,New York,USA,New York,USA,New York,USA,2025-07-09 08:24:17,Transfer,110.67,AUD,Apple Store,Groceries,Payment for health & fitness,FALSE,1041188831,DTHGCMEJ,6617922114,KGTUYLOI,5641.16,5342.8,1,
TXN00002319,CUST004056,Isabella,Brown,Female,Singapore,Singapore,Singapore,Singapore,Singapore,Singapore,2025-09-04 17:01:27,Purchase,308.6,AUD,McDonalds,Food & Dining,Payment for shopping,FALSE,4135899821,ZQEDPDXE,3306152109,TKNWQLCA,14447.96,13737.38,1,
TXN00004790,CUST006637,Ava,Jackson,Female,Shanghai,China,Rome,Italy,New York,USA,2024-10-11 07:40:22,Purchase,1899.41,CAD,Netflix,Home & Garden,Payment for health & fitness,TRUE,9334677899,HLTSUZLP,4056428284,NZPQKCZO,8279.28,7352.26,0,Known fraudulent merchant
TXN00001673,CUST006883,Amelia,Jackson,Female,London,UK,London,UK,London,UK,2024-11-26 00:43:41,Purchase,11.32,JPY,Home Depot,Shopping,Payment for electronics,FALSE,3274157847,EVBIWAUN,2843871167,IQTADPNM,14425.41,14628.29,1,
TXN00004434,CUST006377,Joseph,Hernandez,Male,São Paulo,Brazil,São Paulo,Brazil,São Paulo,Brazil,2025-05-09 22:58:50,Purchase,209.54,CAD,Uber,Shopping,Payment for groceries,TRUE,6619966303,KGISCZTK,4519921646,AEWPKWZF,11229.59,11241.6,1,
TXN00003363,CUST001083,Olivia,Lee,Female,Mexico City,Mexico,Mexico City,Mexico,Mexico City,Mexico,2024-04-07 05:44:16,Purchase,89.67,CAD,Home Depot,Gas & Fuel,Payment for entertainment,FALSE,9940913300,IMDRXGSK,6812165546,NKFMRXMH,11839.17,11847.04,1,
TXN00002509,CUST003095,Robert,Brown,Female,Singapore,Singapore,Singapore,Singapore,Singapore,Singapore,2025-06-14 09:42:18,Purchase,252.35,EUR,Shell Gas,Travel,Payment for bills & utilities,FALSE,3433557847,DDEZAKSF,1794376518,CDESHQHU,13442.48,13773.85,1,
TXN00004216,CUST008010,Michael,Johnson,Male,Paris,France,Paris,France,Paris,France,2025-03-22 15:44:01,Transfer,43.34,INR,Best Buy,Shopping,Payment for entertainment,FALSE,6997527226,PLGWRJCT,3075156357,VLVVQQDS,8232.51,7629.15,1,
TXN00003708,CUST004545,Charlotte,Brown,Female,Mumbai,India,Mumbai,India,Mumbai,India,2025-08-24 22:48:30,Purchase,169.64,INR,Shell Gas,Bills & Utilities,Payment for food & dining,FALSE,2407448673,OVPPYIUL,1435076471,FANQRHGE,11864.41,12003.56,1,
TXN00002690,CUST004706,Amelia,Anderson,Female,Madrid,Spain,Madrid,Spain,Madrid,Spain,2024-12-07 17:23:19,Purchase,145.35,CNY,Walmart,Bills & Utilities,Payment for groceries,FALSE,5849326528,MNJEXEMS,2206047862,WSZUCQLH,14444.48,13967.72,1,
TXN00001955,CUST008010,Michael,Johnson,Female,Toronto,Canada,Toronto,Canada,Toronto,Canada,2024-09-19 10:43:55,Transfer,508.37,EUR,Delta Airlines,Entertainment,Payment for gas & fuel,FALSE,2262500820,XASDYDGN,2885570224,AULEGGHO,10652.4,11060.21,1,
TXN00000972,CUST000903,Olivia,Rodriguez,Female,Singapore,Singapore,Singapore,Singapore,Singapore,Singapore,2025-06-23 19:36:02,Transfer,44.21,CAD,Starbucks,Food & Dining,Payment for electronics,FALSE,6063085371,AQFEYUYQ,2230770704,BWPVAISR,9741.99,9876.04,1,
TXN00002291,CUST005202,Charlotte,Anderson,Female,São Paulo,Brazil,São Paulo,Brazil,São Paulo,Brazil,2024-06-02 01:23:39,Transfer,324.89,EUR,Target,Shopping,Payment for home & garden,FALSE,6647240462,HHXGBIHJ,4305876541,IFMDEBLJ,9862.88,10729.49,1,
TXN00000629,CUST003206,Charlotte,Wilson,Female,Mexico City,Mexico,Mexico City,Mexico,Mexico City,Mexico,2025-09-02 02:49:40,Purchase,323.26,CHF,Amazon,Home & Garden,Payment for travel,FALSE,5413194879,FRNJNUSK,8707580860,DGNSBBDK,7530,8160.85,1,
TXN00004888,CUST007280,Joseph,Lee,Female,New York,USA,New York,USA,Paris,France,2024-03-12 23:14:02,Purchase,3066.22,CNY,Starbucks,Health & Fitness,Payment for gas & fuel,FALSE,8517265119,BUMCKTPE,8713931606,FLPEQTOO,6928.1,6476.61,0,Card not present fraud
TXN00004676,CUST000194,Sophia,Martinez,Female,Dubai,UAE,Dubai,UAE,Dubai,UAE,2025-07-19 16:51:56,Transfer,61.58,JPY,Shell Gas,Entertainment,Payment for entertainment,FALSE,7812864275,NLCUSQTV,8183169936,BHJZNAAL,7838.06,8156.65,1,
TXN00003811,CUST002186,Harper,Lee,Female,São Paulo,Brazil,São Paulo,Brazil,São Paulo,Brazil,2025-01-17 21:51:26,Purchase,304.83,INR,Whole Foods,Electronics,Payment for travel,FALSE,7128557995,MQSZQRKA,5970534030,RMJMZHFD,11350.02,11752.35,1,
TXN00004645,CUST000103,Charlotte,Martin,Female,Toronto,Canada,Toronto,Canada,Toronto,Canada,2025-04-19 04:39:59,Purchase,255.33,USD,Airbnb,Health & Fitness,Payment for bills & utilities,FALSE,2093510262,LADQZQWR,7302923778,JBDYXHOY,7949.86,7210.95,1,
TXN00001806,CUST005537,Isabella,Martin,Female,Paris,France,Paris,France,Paris,France,2024-11-04 19:25:00,Transfer,433.27,CAD,Starbucks,Electronics,Payment for food & dining,FALSE,4394257639,KQSHESFS,6249666796,YFGPHJYE,10767.06,9838.35,1,
TXN00000142,CUST004641,Charlotte,Martinez,Male,New York,USA,New York,USA,New York,USA,2025-09-14 04:57:48,Purchase,44.35,EUR,Airbnb,Bills & Utilities,Payment for groceries,FALSE,7958824124,GSVUSJGZ,9381951612,PJQXCAPC,13390.46,12779.49,1,
TXN00003963,CUST006292,Olivia,Lee,Male,Tokyo,Japan,Tokyo,Japan,Tokyo,Japan,2024-03-10 10:13:55,Purchase,449.43,CHF,Delta Airlines,Travel,Payment for travel,FALSE,6662718083,SQVOQAIO,3409966542,OEVNOQDE,10879.6,10225.16,1,
TXN00002823,CUST008377,Sophia,Rodriguez,Male,Rome,Italy,Rome,Italy,Rome,Italy,2025-06-25 18:11:13,Transfer,344.49,EUR,Delta Airlines,Shopping,Payment for food & dining,FALSE,8448732358,MFEZNRDS,5313472676,FXHVMLFL,5531.55,5744.66,1,
TXN00000934,CUST008008,Thomas,Taylor,Female,Mumbai,India,Mumbai,India,Mumbai,India,2025-04-15 17:01:05,Purchase,162.37,GBP,Airbnb,Entertainment,Payment for home & garden,FALSE,7350671548,VUOJOTIJ,6296023322,NJXRQAUN,14693.29,13715.61,1,
TXN00004141,CUST005317,Isabella,Brown,Male,Mumbai,India,Mumbai,India,Mumbai,India,2024-06-09 19:17:22,Transfer,395.61,CAD,Uber,Health & Fitness,Payment for home & garden,TRUE,8993616915,YJUHJXGH,9057025357,IUKIHLZB,8182.26,7599.51,1,
TXN00004529,CUST009627,John,Martinez,Female,Rome,Italy,Rome,Italy,Rome,Italy,2024-01-08 16:51:30,Transfer,402.25,CHF,Home Depot,Travel,Payment for food & dining,FALSE,2113285724,VYJOGSFE,2577370845,PNKWNFHL,13824.09,12972.91,1,
TXN00001072,CUST004808,Isabella,Johnson,Male,Shanghai,China,Shanghai,China,Shanghai,China,2025-09-14 18:52:36,Purchase,435.1,USD,Starbucks,Health & Fitness,Payment for shopping,FALSE,9369359682,DHMIPKCF,4781224101,WXFXIZAO,14910.52,14074.26,1,
TXN00001245,CUST000035,Michael,Wilson,Male,Shanghai,China,Shanghai,China,Shanghai,China,2025-02-27 08:55:02,Purchase,429.73,EUR,Starbucks,Electronics,Payment for electronics,FALSE,6849233556,JZBYQPWP,2943802562,OHSIJSHG,12569.29,13489.6,1,
TXN00000270,CUST002499,James,Martin,Male,Paris,France,Paris,France,Paris,France,2024-08-01 11:03:34,Purchase,228.2,USD,Target,Entertainment,Payment for bills & utilities,FALSE,8669641715,SQIONZCB,9695655101,CGHYALYR,15044.28,14472.69,1,
TXN00001550,CUST004187,David,Wilson,Female,Sydney,Australia,Sydney,Australia,Sydney,Australia,2025-07-29 13:36:29,Purchase,323.92,GBP,Airbnb,Health & Fitness,Payment for shopping,FALSE,2685792817,FBACVHNI,5088779455,DETEOWED,10595.3,10197.18,1,
TXN00000013,CUST006400,Robert,Davis,Female,Paris,France,Paris,France,Paris,France,2025-01-04 01:04:49,Purchase,426.68,CNY,McDonalds,Food & Dining,Payment for shopping,TRUE,6313149736,ZRKNSDUM,4792474960,HDHCYGOE,10432.39,9942.69,1,
TXN00001162,CUST001717,Thomas,Lopez,Female,Singapore,Singapore,Singapore,Singapore,Singapore,Singapore,2025-08-21 09:52:15,Transfer,455.18,INR,Netflix,Electronics,Payment for health & fitness,FALSE,4536079403,YMBBQGUD,3718516092,BVXQKVQI,5841.42,5991.63,1,
TXN00001575,CUST004413,Mia,Jackson,Female,Dubai,UAE,Dubai,UAE,Dubai,UAE,2025-05-29 22:36:19,Purchase,427.54,CHF,Shell Gas,Bills & Utilities,Payment for groceries,FALSE,7946768257,ZJCVVSVW,3739265476,BABJVLOR,10399.3,10208.83,1,
TXN00004166,CUST005911,Daniel,Martinez,Female,Shanghai,China,Shanghai,China,Shanghai,China,2025-08-20 14:24:28,Purchase,253.42,EUR,Airbnb,Home & Garden,Payment for gas & fuel,FALSE,5361459654,VCOOSOVP,4753203419,FSWGVFBQ,8703.99,8305.38,1,
TXN00001344,CUST000713,Sophia,Smith,Female,Sydney,Australia,Sydney,Australia,Sydney,Australia,2024-10-30 23:57:33,Transfer,17.25,CNY,Airbnb,Health & Fitness,Payment for bills & utilities,FALSE,3704548316,EDDQZTTK,4694110766,LNBWLQEH,11825.69,12304.09,1,
TXN00001667,CUST004012,William,Martinez,Female,Dubai,UAE,Dubai,UAE,Dubai,UAE,2024-02-21 14:20:49,Purchase,320.93,CAD,Delta Airlines,Food & Dining,Payment for bills & utilities,FALSE,9369458058,QXFUSYNX,7032765241,ZUWLUBDJ,8945.82,9800.65,1,
TXN00001107,CUST000582,Ava,Miller,Female,Mexico City,Mexico,Mexico City,Mexico,Mexico City,Mexico,2024-03-04 16:23:55,Transfer,256.22,GBP,Best Buy,Gas & Fuel,Payment for shopping,FALSE,5150124292,BNFBVRQB,9317997159,ULZDZRUQ,10457.56,11358.69,1,
TXN00003034,CUST005346,Daniel,Garcia,Male,Toronto,Canada,Toronto,Canada,Toronto,Canada,2024-05-02 07:17:56,Purchase,272.32,USD,Uber,Shopping,Payment for electronics,TRUE,1201236125,RFCMMLNT,1460029116,BHDLPTHC,7260.18,7456.86,1,
TXN00003434,CUST007076,Isabella,Thomas,Female,Mumbai,India,Mumbai,India,Mumbai,India,2024-01-10 14:05:57,Purchase,372.9,JPY,Walmart,Travel,Payment for gas & fuel,FALSE,5836211829,UJSDTZKG,3510341000,DSQKCGWK,13147.44,12529.06,1,
TXN00004134,CUST007992,Emma,Rodriguez,Female,Madrid,Spain,Madrid,Spain,Madrid,Spain,2025-07-10 15:16:29,Purchase,178.66,CHF,Delta Airlines,Travel,Payment for electronics,FALSE,5335583087,SLSTPKLU,1087252976,VDHUFXCC,13239.8,13726.78,1,
TXN00000355,CUST007217,Olivia,Smith,Male,Mumbai,India,Mumbai,India,Mumbai,India,2024-03-15 19:27:59,Purchase,145.7,AUD,Amazon,Electronics,Payment for groceries,FALSE,7145648977,VUFNFCXA,6078842692,TBJTYLGU,11209.12,10876.17,1,
TXN00001980,CUST007836,Isabella,Williams,Female,Rome,Italy,Rome,Italy,Rome,Italy,2024-06-26 04:24:18,Transfer,40.05,USD,McDonalds,Health & Fitness,Payment for bills & utilities,FALSE,8361307464,ZHUCTOXU,2651300925,ANDYAKVW,6094.68,6782.82,1,
TXN00001646,CUST008243,Mia,Wilson,Male,Mumbai,India,Mumbai,India,Mumbai,India,2024-03-11 17:01:03,Transfer,204.21,GBP,Airbnb,Shopping,Payment for travel,FALSE,2715898920,VKRJGYEV,7075220888,BGRFWOFM,13714.14,13023.66,1,
TXN00002762,CUST009941,John,Smith,Male,London,UK,London,UK,London,UK,2025-05-16 22:35:39,Purchase,147.29,AUD,Delta Airlines,Food & Dining,Payment for health & fitness,FALSE,6771826228,EPKPXBNC,2709020611,FERWHRHL,9484.48,10410.21,1,
TXN00001949,CUST006402,Richard,Miller,Female,Dubai,UAE,Dubai,UAE,Dubai,UAE,2025-05-23 17:16:49,Purchase,422.95,GBP,Marriott Hotels,Food & Dining,Payment for food & dining,FALSE,9844763558,VOZDHZQD,4871773907,CGFTKXDC,7673.91,6734.82,1,
TXN00001087,CUST008409,Olivia,Anderson,Female,London,UK,London,UK,London,UK,2024-03-30 20:36:24,Purchase,17.41,USD,Best Buy,Electronics,Payment for food & dining,FALSE,6878994540,MKABPSBT,1015823750,JEQWAVEN,9112.23,8831.01,1,
TXN00002958,CUST005186,Thomas,Taylor,Male,Dubai,UAE,Dubai,UAE,Dubai,UAE,2024-03-09 10:41:08,Purchase,100.28,AUD,Netflix,Health & Fitness,Payment for entertainment,FALSE,8878610454,BIMWNWHJ,1768889612,OZDQIQMK,10512.82,11013.15,1,
TXN00003799,CUST002799,William,Thomas,Male,Madrid,Spain,Madrid,Spain,Madrid,Spain,2024-01-25 20:51:41,Transfer,68.74,GBP,Walmart,Bills & Utilities,Payment for home & garden,FALSE,7925406110,RHGHNRNJ,1003913725,HSQGQOMK,9945.89,9700.67,1,
TXN00004908,CUST008192,Sophia,Anderson,Male,Singapore,Singapore,Dubai,UAE,Dubai,UAE,2025-08-26 22:09:58,Transfer,5150.94,CHF,Home Depot,Groceries,Payment for travel,FALSE,2104922677,KMNGABPW,7938590128,DLZLVHPA,14274.33,14018.03,0,High amount compared to usual
TXN00001318,CUST001701,Daniel,Johnson,Male,Shanghai,China,Shanghai,China,Shanghai,China,2024-05-22 05:48:54,Purchase,423.67,EUR,Netflix,Electronics,Payment for entertainment,FALSE,3494432749,VIGNOUXG,1604129779,JUNYANKU,8355.01,8831.56,1,
TXN00003146,CUST002688,David,Thomas,Male,Sydney,Australia,Sydney,Australia,Sydney,Australia,2025-04-27 06:40:59,Purchase,495.01,AUD,Netflix,Electronics,Payment for electronics,FALSE,6495076749,HYBSHAOE,1405913400,PUYYRBWB,10321.29,10297.46,1,
TXN00002567,CUST003161,Evelyn,Wilson,Female,Rome,Italy,Rome,Italy,Rome,Italy,2024-06-13 21:59:23,Purchase,436.79,JPY,Starbucks,Shopping,Payment for food & dining,FALSE,3997033659,NIBIECBM,1134958467,VFZSISJH,10877.26,10865.01,1,
TXN00003380,CUST007492,Emma,Jackson,Female,Madrid,Spain,Madrid,Spain,Madrid,Spain,2024-06-23 23:03:38,Purchase,213.46,INR,Amazon,Groceries,Payment for food & dining,FALSE,8171248661,JCEGIKMZ,1572132967,NKCBRCKZ,7963.43,8896.28,1,
TXN00004226,CUST006228,Joseph,Brown,Female,New York,USA,New York,USA,New York,USA,2024-04-30 02:58:47,Purchase,69.06,JPY,Apple Store,Entertainment,Payment for shopping,FALSE,4831005428,FQGBBSXR,7007508446,RGJEYYAK,14356.84,13409.29,1,
TXN00004770,CUST005117,Evelyn,Lopez,Female,Shanghai,China,Shanghai,China,Sydney,Australia,2024-02-11 11:46:17,Purchase,3446.73,CAD,Apple Store,Shopping,Payment for home & garden,FALSE,7513472011,MVYFBCQR,7769103555,BPXWTCQR,6140.84,5419.32,0,Known fraudulent merchant
TXN00003304,CUST000188,Joseph,Davis,Male,Toronto,Canada,Toronto,Canada,Toronto,Canada,2024-12-07 22:03:10,Transfer,311.74,EUR,Airbnb,Electronics,Payment for groceries,FALSE,5390270893,GSELZAMF,4163732131,GJORBJXO,4834.51,5205.93,1,
TXN00002825,CUST001306,Joseph,Moore,Female,Singapore,Singapore,Singapore,Singapore,Singapore,Singapore,2024-08-03 01:18:05,Purchase,104.06,EUR,Whole Foods,Bills & Utilities,Payment for health & fitness,FALSE,6123706568,DBAYGTWK,2908169127,XOUHPROO,12443.6,11990.66,1,
TXN00002672,CUST000979,James,Garcia,Male,Berlin,Germany,Berlin,Germany,Berlin,Germany,2024-10-14 18:37:55,Purchase,194.01,AUD,Uber,Bills & Utilities,Payment for gas & fuel,FALSE,7263959627,UZNUADOY,7962834089,HGEOPPPI,13644.79,14321.66,1,
TXN00002021,CUST006769,Harper,Rodriguez,Male,Berlin,Germany,Berlin,Germany,Berlin,Germany,2025-01-25 14:10:09,Purchase,252.03,CAD,Whole Foods,Health & Fitness,Payment for groceries,FALSE,1892909614,FVFSLJJB,3928291102,PSDOLRXJ,10238.54,9510.97,1,
TXN00003520,CUST006178,Amelia,Anderson,Male,São Paulo,Brazil,São Paulo,Brazil,São Paulo,Brazil,2024-06-28 16:17:55,Purchase,95.36,JPY,Starbucks,Bills & Utilities,Payment for entertainment,FALSE,5014979942,KOPIMPVU,2354595096,WUWGZLOV,7313.98,7851.63,1,
TXN00000422,CUST007003,Thomas,Taylor,Male,London,UK,London,UK,London,UK,2024-04-10 00:27:06,Transfer,441.63,EUR,Uber,Home & Garden,Payment for electronics,FALSE,6634105030,SXDREFNT,9362529769,WXMNOYFV,9345.56,9653.69,1,
TXN00002874,CUST004944,Harper,Lee,Female,Mexico City,Mexico,Mexico City,Mexico,Mexico City,Mexico,2025-09-29 21:54:04,Purchase,383.16,USD,Delta Airlines,Entertainment,Payment for travel,FALSE,4496982388,UTCPMGQT,3201305413,ZSSQRPPB,13219.03,12500.49,1,
TXN00001223,CUST001819,Charlotte,Miller,Female,Madrid,Spain,Madrid,Spain,Madrid,Spain,2025-01-24 12:23:45,Transfer,430.03,CHF,Whole Foods,Gas & Fuel,Payment for travel,FALSE,9493802814,QJAGPRRH,9549103575,YCENXUQR,13355.96,12406.86,1,
TXN00000835,CUST001842,Sophia,Taylor,Male,Madrid,Spain,Madrid,Spain,Madrid,Spain,2025-02-20 10:25:58,Purchase,253.77,AUD,Walmart,Entertainment,Payment for bills & utilities,FALSE,7672837321,VKHQJZFB,6030842137,DUBFPKCD,5268.27,5271.97,1,
TXN00004355,CUST000261,Charlotte,Miller,Male,Tokyo,Japan,Tokyo,Japan,Tokyo,Japan,2024-05-20 14:11:25,Purchase,217.45,EUR,Apple Store,Shopping,Payment for travel,FALSE,2015372961,HHKTQBHG,4786179847,KAUTPEBG,11027.05,11730.17,1,
TXN00004636,CUST002541,John,Garcia,Female,Paris,France,Paris,France,Paris,France,2025-01-03 12:56:07,Purchase,203.93,CHF,Starbucks,Electronics,Payment for electronics,FALSE,1070690682,MURKGHPK,6429994156,SLSVAAAE,11010.82,11073.91,1,
TXN00000686,CUST008043,William,Davis,Female,New York,USA,New York,USA,New York,USA,2024-10-27 08:37:25,Purchase,486.59,USD,Shell Gas,Health & Fitness,Payment for health & fitness,FALSE,2008349499,OTJWRBXV,1169600590,QGUJIUFG,11630.66,11189.44,1,
TXN00004092,CUST009385,Sophia,Jackson,Female,Singapore,Singapore,Singapore,Singapore,Singapore,Singapore,2024-11-12 04:48:58,Purchase,437.97,EUR,Starbucks,Bills & Utilities,Payment for gas & fuel,TRUE,2089247817,ZAVUJPDA,2314808139,CXXONSFD,6230.6,6569.31,1,
TXN00004849,CUST002081,Michael,Thomas,Female,Toronto,Canada,Toronto,Canada,Toronto,Canada,2025-01-17 16:59:33,Purchase,3507.66,INR,Shell Gas,Groceries,Payment for health & fitness,FALSE,4382890433,LOCPEUPJ,2034328306,GMMRBCVC,6598.31,6002.1,0,Multiple transactions in short time
TXN00003292,CUST008598,Sophia,Moore,Male,Rome,Italy,Rome,Italy,Rome,Italy,2025-02-09 21:53:06,Purchase,61.08,CHF,Best Buy,Food & Dining,Payment for groceries,FALSE,9986020755,XGZTSIET,5681417520,XQVMJMLA,12814.93,13198.3,1,
TXN00003962,CUST004695,Joseph,Lee,Female,Berlin,Germany,Berlin,Germany,Berlin,Germany,2025-09-15 17:24:25,Transfer,488.41,CHF,Netflix,Shopping,Payment for gas & fuel,FALSE,6661923386,HJFYYUNY,5993680938,CKQSXUYC,14122.34,14790.18,1,
TXN00002254,CUST009451,Joseph,Rodriguez,Female,London,UK,London,UK,London,UK,2024-07-17 02:49:27,Transfer,440.16,GBP,Walmart,Travel,Payment for gas & fuel,FALSE,4550197856,KDUZZTUG,1992495555,CZKUQSGS,13521.52,12952.93,1,
TXN00001090,CUST009098,Michael,Miller,Female,Mexico City,Mexico,Mexico City,Mexico,Mexico City,Mexico,2024-07-12 19:44:53,Purchase,433.51,CHF,Whole Foods,Bills & Utilities,Payment for groceries,FALSE,8940804576,ASGFJVDH,6280761511,MPWJQHHO,8402.42,8834.34,1,
TXN00002801,CUST005748,Olivia,Garcia,Male,Mexico City,Mexico,Mexico City,Mexico,Mexico City,Mexico,2024-09-25 15:22:43,Transfer,59.75,JPY,Amazon,Electronics,Payment for health & fitness,FALSE,3976540626,SJIBPZVZ,7713108407,SKGHWEXM,5939.02,5229.64,1,
TXN00004043,CUST007063,John,Davis,Male,Sydney,Australia,Sydney,Australia,Sydney,Australia,2025-08-14 04:16:07,Purchase,468.48,AUD,McDonalds,Travel,Payment for shopping,FALSE,6621504189,KQXBWIGZ,1000733616,SCLWNFEG,5671.34,5349.27,1,
TXN00002974,CUST007837,Thomas,Thomas,Male,Sydney,Australia,Sydney,Australia,Sydney,Australia,2024-01-06 13:05:02,Purchase,148.85,CHF,Best Buy,Gas & Fuel,Payment for gas & fuel,FALSE,9768588156,TMSDFXKM,5400973307,HPOISQGH,10713.55,10503.34,1,
TXN00001184,CUST000086,Sophia,Miller,Male,London,UK,London,UK,London,UK,2024-04-13 02:18:36,Purchase,102.64,INR,Best Buy,Groceries,Payment for gas & fuel,FALSE,9175329763,AWVIDRRV,4127949397,APTSZTZC,5823.28,6207,1,
TXN00004503,CUST008179,William,Martinez,Male,Tokyo,Japan,Tokyo,Japan,Tokyo,Japan,2024-06-29 00:32:12,Purchase,247.57,AUD,Shell Gas,Travel,Payment for groceries,FALSE,2855280333,QTRZRPGP,7583070142,ZRENJGAX,12835.77,13078.33,1,
TXN00002445,CUST006213,Robert,Garcia,Female,New York,USA,New York,USA,New York,USA,2025-07-14 10:54:33,Purchase,428.51,EUR,Uber,Groceries,Payment for groceries,FALSE,4485850589,YLBCZCHN,3879455008,HWAOFCVM,7529.91,6741.1,1,
TXN00003846,CUST005622,Mia,Martin,Female,Sydney,Australia,Sydney,Australia,Sydney,Australia,2025-09-20 10:19:56,Purchase,242.78,GBP,Delta Airlines,Electronics,Payment for food & dining,FALSE,7003925140,QGQDDDFZ,3987235803,INNNPTFI,7186.86,7728.16,1,
TXN00001696,CUST008907,Olivia,Martinez,Female,São Paulo,Brazil,São Paulo,Brazil,São Paulo,Brazil,2025-09-14 14:33:00,Purchase,203.61,JPY,Amazon,Electronics,Payment for food & dining,FALSE,7685066858,HUFZRRPI,7130136558,DUVDTDBV,5652.56,5963.4,1,
TXN00004393,CUST007167,Charlotte,Martinez,Female,Sydney,Australia,Sydney,Australia,Sydney,Australia,2024-06-27 11:12:41,Transfer,396.3,CHF,Best Buy,Gas & Fuel,Payment for food & dining,FALSE,2091267014,TOEFRAAL,8597114232,HJIDIHHO,8824.52,9202.76,1,
TXN00004174,CUST003370,Evelyn,Wilson,Female,Toronto,Canada,Toronto,Canada,Toronto,Canada,2024-07-19 18:34:14,Purchase,256.85,CAD,Amazon,Health & Fitness,Payment for electronics,FALSE,6341825506,PUNOWICB,7771032576,GBQGGTTA,10007.37,9913.17,1,
TXN00002888,CUST006698,David,Hernandez,Female,Mexico City,Mexico,Mexico City,Mexico,Mexico City,Mexico,2024-11-08 14:18:47,Purchase,497.41,CNY,Shell Gas,Entertainment,Payment for food & dining,FALSE,8769060618,KZSCCHTI,4380872908,TZUSBVKQ,10054.61,9422.59,1,
TXN00004307,CUST004479,Isabella,Johnson,Female,Sydney,Australia,Sydney,Australia,Sydney,Australia,2024-05-18 05:08:15,Purchase,19.73,JPY,Starbucks,Shopping,Payment for entertainment,FALSE,4606698552,FOJRXRWZ,5848862685,YLOYHZNE,9040.82,8669.49,1,
TXN00004380,CUST003800,John,Rodriguez,Male,London,UK,London,UK,London,UK,2024-03-29 12:40:43,Purchase,96.58,GBP,Target,Shopping,Payment for shopping,FALSE,1441178851,ZMHDOYOY,6354426239,LDBEGEES,13805.46,14744.45,1,
TXN00000887,CUST006671,Harper,Lee,Male,Sydney,Australia,Sydney,Australia,Sydney,Australia,2025-07-07 06:50:16,Purchase,193.13,GBP,Apple Store,Entertainment,Payment for electronics,TRUE,4541837543,VXVEXNGO,1354292747,EFOFETQX,8627.75,8283.58,1,
TXN00002504,CUST005351,John,Martin,Female,New York,USA,New York,USA,New York,USA,2024-07-14 14:48:01,Transfer,312.7,AUD,Marriott Hotels,Bills & Utilities,Payment for bills & utilities,FALSE,4622081806,TMOUXIOY,5607692717,PMFIRFKZ,4805.86,5448.41,1,
TXN00001757,CUST006697,John,Martinez,Male,Madrid,Spain,Madrid,Spain,Madrid,Spain,2024-08-26 02:12:19,Purchase,329.35,EUR,Home Depot,Entertainment,Payment for electronics,FALSE,7415989773,EKFVQZJY,2323508886,YQLJPMQR,5790.16,5270.15,1,
TXN00002370,CUST005704,Evelyn,Martinez,Male,Mumbai,India,Mumbai,India,Mumbai,India,2024-04-14 10:36:04,Purchase,51.89,USD,Starbucks,Food & Dining,Payment for shopping,FALSE,8147251646,QTUQJPOA,7837837961,ZNNSWZLZ,5704.84,6278.06,1,
TXN00003507,CUST004743,Thomas,Miller,Male,Mumbai,India,Mumbai,India,Mumbai,India,2024-11-11 21:32:41,Transfer,128.07,CNY,Home Depot,Health & Fitness,Payment for bills & utilities,FALSE,8062861318,SVYVSRIJ,7819531249,YFTOSTVH,12691.11,13014.4,1,
TXN00004251,CUST007938,James,Smith,Male,Rome,Italy,Rome,Italy,Rome,Italy,2024-02-09 00:53:51,Transfer,109.34,CNY,Starbucks,Shopping,Payment for travel,FALSE,3031220116,LHBZVRQF,2927529455,FHFVZHJP,11201.02,11654.57,1,
TXN00000406,CUST001654,Mia,Davis,Female,Rome,Italy,Rome,Italy,Rome,Italy,2024-11-23 23:25:19,Purchase,221.69,CNY,Starbucks,Entertainment,Payment for travel,FALSE,9694422633,PUDUTTYU,9615432142,RLEMHXCI,11882.86,10932.79,1,
TXN00004743,CUST001984,John,Hernandez,Female,London,UK,London,UK,London,UK,2024-02-14 22:04:26,Transfer,103.9,CHF,Shell Gas,Groceries,Payment for groceries,FALSE,7895238629,MMWGMKUI,8615485926,GUJRCMLV,12739.46,12481.25,1,
TXN00000223,CUST000617,Daniel,Martinez,Male,Paris,France,Paris,France,Paris,France,2024-03-11 22:34:39,Transfer,444.82,CHF,Uber,Home & Garden,Payment for shopping,FALSE,6606899015,DSYQQIDF,6101652232,MOVBZTKS,11603.94,11254.08,1,
TXN00004883,CUST008332,Richard,Wilson,Male,Sydney,Australia,London,UK,Paris,France,2025-02-13 05:56:13,Purchase,3342.49,CAD,Delta Airlines,Groceries,Payment for groceries,FALSE,9496243048,VTHZBEFI,8145944126,UPKVORCB,8479.19,8637.55,0,Unusual location pattern
TXN00002609,CUST008791,Isabella,Garcia,Female,Paris,France,Paris,France,Paris,France,2024-11-11 17:37:55,Purchase,258.03,CAD,Marriott Hotels,Food & Dining,Payment for electronics,FALSE,3254217531,VSKDRRJF,9034027692,WBLNGRSH,15345.4,14359.53,1,
TXN00001124,CUST007770,Robert,Moore,Female,Madrid,Spain,Madrid,Spain,Madrid,Spain,2025-08-07 22:54:05,Purchase,208.51,AUD,Walmart,Gas & Fuel,Payment for bills & utilities,TRUE,6050768883,FYDKFWTU,6930469123,KOYCJKTB,13030.2,12261.12,1,
TXN00002544,CUST000557,Robert,Jackson,Male,Berlin,Germany,Berlin,Germany,Berlin,Germany,2025-05-26 03:44:27,Purchase,232.14,CNY,Apple Store,Food & Dining,Payment for groceries,FALSE,3399276928,ALSGKFUC,8674006002,EEYGWBLJ,14059.82,14050.66,1,
TXN00004810,CUST008997,Thomas,Martinez,Female,New York,USA,New York,USA,Paris,France,2025-03-19 14:12:09,Purchase,3350.73,EUR,Uber,Groceries,Payment for groceries,FALSE,6976967106,PPLBFLIO,7819986427,DINMAXKU,11313.6,11599.33,0,High amount compared to usual
TXN00000693,CUST004104,Olivia,Davis,Male,Paris,France,Paris,France,Paris,France,2024-09-23 01:40:20,Transfer,194.19,USD,Uber,Travel,Payment for health & fitness,FALSE,6303814112,GCCKRSBO,5979354816,KGPWESNU,4622.92,5093.74,1,
TXN00002315,CUST001727,Emma,Miller,Male,Madrid,Spain,Madrid,Spain,Madrid,Spain,2024-06-12 12:33:39,Transfer,206.91,GBP,McDonalds,Bills & Utilities,Payment for food & dining,FALSE,2822126958,DWPYSWET,9930383886,RPZEIZHH,14285.04,13381.27,1,
TXN00001911,CUST003997,Ava,Davis,Male,Sydney,Australia,Sydney,Australia,Sydney,Australia,2024-07-03 08:07:57,Purchase,433.65,JPY,Netflix,Health & Fitness,Payment for electronics,FALSE,7754436184,HKZVRYZF,5343071153,KTWCOAEZ,5577.63,5979,1,
TXN00000014,CUST002208,John,Johnson,Female,Singapore,Singapore,Singapore,Singapore,Singapore,Singapore,2025-02-14 14:58:47,Purchase,39.71,JPY,Airbnb,Gas & Fuel,Payment for shopping,FALSE,5785775703,XMCHUWVP,7929591621,LSZOSTPQ,12341.32,11974.22,1,
TXN00003885,CUST008666,Ava,Lee,Female,New York,USA,New York,USA,New York,USA,2024-01-22 19:17:19,Purchase,118.47,CNY,Whole Foods,Travel,Payment for gas & fuel,FALSE,7171039738,OYSZBOFS,9536772273,LRXPAUSK,8831.29,9502.97,1,
TXN00004240,CUST009412,Richard,Brown,Female,Singapore,Singapore,Singapore,Singapore,Singapore,Singapore,2024-06-19 04:11:31,Transfer,323.65,CHF,Apple Store,Electronics,Payment for gas & fuel,FALSE,7242071073,CMLRYZUW,8023397390,NXLTJRJB,11445.97,11029.81,1,
TXN00001414,CUST003081,David,Lopez,Male,Singapore,Singapore,Singapore,Singapore,Singapore,Singapore,2024-11-22 11:43:17,Purchase,427.84,INR,Delta Airlines,Entertainment,Payment for health & fitness,FALSE,6846891688,PPKENWUF,7262391881,JISISUWP,6184.5,5546.29,1,
TXN00003955,CUST002078,James,Wilson,Female,Mexico City,Mexico,Mexico City,Mexico,Mexico City,Mexico,2024-07-27 04:52:44,Purchase,456.24,AUD,Netflix,Shopping,Payment for travel,FALSE,1947263856,JNALCXYI,2365519692,ZLKBNNPM,8377.46,8664.9,1,
TXN00003965,CUST005249,Olivia,Miller,Male,São Paulo,Brazil,São Paulo,Brazil,São Paulo,Brazil,2024-09-27 12:41:34,Purchase,231.09,EUR,Shell Gas,Bills & Utilities,Payment for home & garden,FALSE,4960744147,MRRNUGKD,1727656842,OAPPKSGU,8246.59,7706.21,1,
TXN00000004,CUST008494,Thomas,Lopez,Male,Toronto,Canada,Toronto,Canada,Toronto,Canada,2024-05-12 03:48:51,Transfer,50.04,AUD,Airbnb,Gas & Fuel,Payment for travel,FALSE,5514374060,DHRRMTRS,6203292914,AOWDFBZE,13660.59,13897.85,1,
TXN00002233,CUST001160,Joseph,Johnson,Male,Rome,Italy,Rome,Italy,Rome,Italy,2024-06-03 07:04:21,Transfer,71.85,AUD,Starbucks,Entertainment,Payment for travel,FALSE,4043094181,EFTCAQSU,2319829602,MBAYRZDO,11042.71,11248.86,1,
TXN00001728,CUST000690,Ava,Jackson,Male,Mumbai,India,Mumbai,India,Mumbai,India,2024-04-03 04:23:34,Purchase,425.2,EUR,Best Buy,Gas & Fuel,Payment for entertainment,FALSE,2279829183,NGIUEVOP,3759202721,PDSPGYQK,6873.24,6593.18,1,
TXN00000943,CUST009251,Daniel,Lopez,Female,Mexico City,Mexico,Mexico City,Mexico,Mexico City,Mexico,2025-05-08 06:05:09,Purchase,190.2,CAD,Netflix,Gas & Fuel,Payment for health & fitness,FALSE,9944408608,OHUZWCBM,8684637949,GBXLTZTI,8290.63,7957.05,1,
TXN00001358,CUST004302,Daniel,Jones,Male,Tokyo,Japan,Tokyo,Japan,Tokyo,Japan,2024-06-23 05:49:21,Transfer,124.44,CHF,Amazon,Electronics,Payment for bills & utilities,FALSE,3194161997,DTWMVNCB,2982422987,ILMYFLNZ,7567.15,8345.63,1,
TXN00001486,CUST005695,Mia,Miller,Male,Paris,France,Paris,France,Paris,France,2024-10-05 23:13:02,Transfer,280.15,CHF,Target,Bills & Utilities,Payment for entertainment,TRUE,8065533691,NEZMUDCW,2387905735,XJKIJPFX,7135.75,6935.33,1,
TXN00000935,CUST003960,Michael,Brown,Female,Toronto,Canada,Toronto,Canada,Toronto,Canada,2025-05-13 05:29:32,Purchase,388.38,CHF,Whole Foods,Health & Fitness,Payment for groceries,FALSE,7232284959,NBLTXPOF,3776885546,JSHNSLVV,8434.92,8232.86,1,
TXN00002126,CUST002824,Olivia,Lopez,Male,Berlin,Germany,Berlin,Germany,Berlin,Germany,2024-10-29 02:01:18,Transfer,394.28,CAD,Best Buy,Groceries,Payment for shopping,FALSE,9189248392,IVDBMEMH,9890867101,EWDCBYHY,9943.92,9626.93,1,
TXN00003135,CUST006424,Richard,Wilson,Male,Rome,Italy,Rome,Italy,Rome,Italy,2024-02-19 21:37:06,Transfer,112.67,CAD,Marriott Hotels,Shopping,Payment for electronics,FALSE,5299567745,GZLQNKQW,6946120421,GBTMZUDO,9174.11,9788.79,1,
TXN00002230,CUST005598,Ava,Garcia,Male,Dubai,UAE,Dubai,UAE,Dubai,UAE,2024-09-08 17:58:31,Purchase,269.72,USD,Starbucks,Electronics,Payment for bills & utilities,TRUE,2639447051,FXNCKSUP,1334837664,PMWDWFRN,10763.15,10132.87,1,
TXN00003201,CUST008891,Amelia,Thomas,Male,London,UK,London,UK,London,UK,2024-09-29 01:03:35,Purchase,236.12,CHF,Airbnb,Food & Dining,Payment for gas & fuel,FALSE,9521935186,PMKYAILP,8238122596,IKUWBNVF,13292.96,12394.1,1,
TXN00001967,CUST001169,William,Smith,Female,Rome,Italy,Rome,Italy,Rome,Italy,2025-10-03 10:49:00,Transfer,13.14,AUD,Airbnb,Electronics,Payment for entertainment,FALSE,2005050105,VLKZGTCK,9200560717,DPFYPSNP,12859.74,12350.46,1,
TXN00000756,CUST005933,Emma,Brown,Male,Mexico City,Mexico,Mexico City,Mexico,Mexico City,Mexico,2025-08-16 13:10:27,Transfer,417.36,EUR,Starbucks,Bills & Utilities,Payment for health & fitness,FALSE,5584113291,VMSZEMSK,8186923334,ALXLZWGN,14862.02,14283.74,1,
TXN00003352,CUST005853,Charlotte,Taylor,Male,São Paulo,Brazil,São Paulo,Brazil,São Paulo,Brazil,2024-09-16 10:27:34,Purchase,150.47,USD,Best Buy,Travel,Payment for bills & utilities,FALSE,4373354390,VIZRABQZ,2243887818,RRZDIBYT,8101.01,8092.86,1,
TXN00002967,CUST008763,Harper,Hernandez,Male,Paris,France,Paris,France,Paris,France,2025-04-16 11:24:08,Purchase,88.47,INR,Netflix,Food & Dining,Payment for groceries,FALSE,2020136899,CXSGCGAG,4175612193,NLRTSPDF,10518.52,10540.92,1,
TXN00004105,CUST006050,David,Thomas,Female,Shanghai,China,Shanghai,China,Shanghai,China,2025-02-19 06:41:11,Transfer,349.2,JPY,Starbucks,Entertainment,Payment for health & fitness,FALSE,9165478353,QMCPTLVM,6642108235,AVDABCKI,6891.46,6077.36,1,
TXN00001323,CUST003802,Olivia,Thomas,Male,Paris,France,Paris,France,Paris,France,2025-07-12 08:43:23,Purchase,351.29,USD,Netflix,Bills & Utilities,Payment for bills & utilities,FALSE,4579621852,OCYRXNVT,6622276959,JLBGJZIW,5057.46,5031.8,1,
TXN00001262,CUST000618,William,Martin,Female,Singapore,Singapore,Singapore,Singapore,Singapore,Singapore,2024-07-08 21:24:38,Purchase,489.89,EUR,Marriott Hotels,Travel,Payment for gas & fuel,TRUE,7977864712,LBPWXGUP,5253663937,XETBCGCV,13321.88,13352.4,1,
TXN00001353,CUST003839,Emma,Hernandez,Male,Madrid,Spain,Madrid,Spain,Madrid,Spain,2025-09-02 07:38:14,Purchase,23.35,GBP,Whole Foods,Groceries,Payment for travel,FALSE,1182162359,CHARGIFD,1399737236,OKTNMBYO,13217.12,13445.57,1,
TXN00003170,CUST006802,Evelyn,Williams,Female,Berlin,Germany,Berlin,Germany,Berlin,Germany,2024-11-10 08:52:51,Transfer,83.78,AUD,Airbnb,Electronics,Payment for travel,FALSE,8496058785,JGEAGNES,2016991237,UZDWUNNL,8191.52,8875.86,1,
TXN00002809,CUST002898,David,Rodriguez,Female,Mexico City,Mexico,Mexico City,Mexico,Mexico City,Mexico,2024-01-19 00:22:07,Transfer,319.59,EUR,Amazon,Electronics,Payment for home & garden,FALSE,6579205761,UPDIMRTU,7786819977,JLRRQMII,8041.13,8502.77,1,
TXN00001055,CUST007120,Mia,Hernandez,Female,Dubai,UAE,Dubai,UAE,Dubai,UAE,2025-06-07 05:33:48,Transfer,145.05,CAD,Netflix,Home & Garden,Payment for travel,FALSE,1554011611,NSJSOQXW,4459947020,ENWUUPTE,14113.04,13280.16,1,
TXN00004311,CUST005856,Harper,Lopez,Female,Rome,Italy,Rome,Italy,Rome,Italy,2024-03-22 10:58:27,Purchase,371.52,CHF,Netflix,Electronics,Payment for health & fitness,FALSE,3240844119,AQVUJEXA,3831621728,IQPOZKBD,11292.79,11875.34,1,
TXN00001172,CUST003166,Charlotte,Taylor,Male,Paris,France,Paris,France,Paris,France,2024-01-23 00:05:12,Purchase,41.04,AUD,Whole Foods,Bills & Utilities,Payment for food & dining,FALSE,3051593520,XMSSUFIB,8188952715,FNJUIWSU,10796.35,11208.07,1,
TXN00003224,CUST007480,Olivia,Jones,Female,Paris,France,Paris,France,Paris,France,2025-02-17 04:28:37,Purchase,432.56,GBP,Amazon,Bills & Utilities,Payment for groceries,FALSE,9018634066,ENOJHCRB,6639697542,UVZZHYLM,11193.56,11159.93,1,
TXN00001394,CUST009689,Thomas,Anderson,Female,Tokyo,Japan,Tokyo,Japan,Tokyo,Japan,2024-05-21 16:30:41,Purchase,38.77,INR,Starbucks,Health & Fitness,Payment for health & fitness,FALSE,9446695620,VCLUHXWT,7655463775,GQNLJDDJ,6321.6,5637.66,1,
TXN00000399,CUST005107,Joseph,Jackson,Male,Mexico City,Mexico,Mexico City,Mexico,Mexico City,Mexico,2024-11-23 02:18:41,Purchase,11.38,JPY,Apple Store,Health & Fitness,Payment for health & fitness,FALSE,7182314300,BUIJQNSX,9634143071,FRMWHSOY,13482.03,12970.48,1,
TXN00004072,CUST002859,Isabella,Jackson,Female,Berlin,Germany,Berlin,Germany,Berlin,Germany,2024-05-07 13:22:23,Purchase,252.42,JPY,Netflix,Shopping,Payment for home & garden,FALSE,2210271276,FRARLXNC,7883234291,RXUWIVJU,11138.81,10892.4,1,
TXN00000941,CUST000680,Ava,Jones,Male,Rome,Italy,Rome,Italy,Rome,Italy,2025-07-07 12:11:08,Purchase,73.65,CNY,Walmart,Bills & Utilities,Payment for food & dining,FALSE,7293967449,HMUOMPIW,9898486387,ZBNMIYTB,9710.04,10569.45,1,
TXN00001290,CUST005980,Robert,Davis,Female,Mumbai,India,Mumbai,India,Mumbai,India,2024-05-04 18:52:08,Purchase,502.65,EUR,Marriott Hotels,Electronics,Payment for entertainment,FALSE,2929744327,LRWCVUHP,2229357213,CPSDTLEM,4510.42,5177.22,1,
TXN00001577,CUST006357,Daniel,Moore,Male,Rome,Italy,Rome,Italy,Rome,Italy,2024-01-22 20:10:33,Purchase,447.09,AUD,Best Buy,Shopping,Payment for bills & utilities,FALSE,3936904843,FYMEZAXQ,1545132439,DPWVNYJR,10469.45,9519.1,1,
TXN00002786,CUST002542,Amelia,Smith,Female,Dubai,UAE,Dubai,UAE,Dubai,UAE,2024-04-05 19:22:44,Purchase,312.92,GBP,McDonalds,Home & Garden,Payment for food & dining,FALSE,2696912864,NCNBIKOO,1490452726,MRCXYBLC,7295.2,7982.32,1,
TXN00003025,CUST007651,Harper,Smith,Female,Rome,Italy,Rome,Italy,Rome,Italy,2025-03-04 07:19:53,Transfer,226.19,GBP,Whole Foods,Home & Garden,Payment for health & fitness,FALSE,7273618581,XAPTFYOJ,8581731579,BBVZDOGB,6004.55,6282.24,1,
TXN00004449,CUST006781,Mia,Miller,Male,Singapore,Singapore,Singapore,Singapore,Singapore,Singapore,2024-04-27 03:12:17,Purchase,154.76,CNY,Amazon,Home & Garden,Payment for food & dining,FALSE,3035388316,CUTLCTVM,1734588099,QLIWOHFP,11762.84,11586.26,1,
TXN00004303,CUST006375,David,Martin,Male,Mumbai,India,Mumbai,India,Mumbai,India,2025-04-22 10:02:27,Purchase,396.23,CAD,Home Depot,Home & Garden,Payment for shopping,FALSE,3633358965,WGKFHXZS,3993178002,FSLNFWGR,10840.74,11719.9,1,
TXN00004989,CUST008710,Thomas,Garcia,Female,Singapore,Singapore,Singapore,Singapore,Singapore,Singapore,2024-03-18 00:14:53,Purchase,3912.54,CNY,Walmart,Home & Garden,Payment for health & fitness,TRUE,4317418811,IGHOANGX,9657663577,PPHYHLHG,6600.91,7164.92,0,Velocity check failed
TXN00002894,CUST001568,Thomas,Hernandez,Female,Berlin,Germany,Berlin,Germany,Berlin,Germany,2024-08-01 00:19:40,Purchase,341.64,EUR,McDonalds,Entertainment,Payment for bills & utilities,TRUE,7067571896,RCTXHIGA,7939570971,PSAVGZYQ,5777.85,6419.73,1,
TXN00003818,CUST006066,Robert,Lee,Female,Toronto,Canada,Toronto,Canada,Toronto,Canada,2024-10-12 07:15:31,Purchase,15.87,INR,Amazon,Health & Fitness,Payment for groceries,FALSE,1303453137,NGSQFRUD,6982839140,UKQVCBUJ,11167.16,11675.26,1,
TXN00001436,CUST000502,Daniel,Wilson,Male,Toronto,Canada,Toronto,Canada,Toronto,Canada,2025-07-18 02:14:36,Transfer,191.78,CNY,Home Depot,Food & Dining,Payment for entertainment,FALSE,6965534206,YTPUEANT,9369608836,MAGYEUUN,9406.36,9603.23,1,
TXN00000179,CUST000765,Ava,Jackson,Female,Berlin,Germany,Berlin,Germany,Berlin,Germany,2025-09-07 20:56:18,Purchase,78.25,USD,Best Buy,Health & Fitness,Payment for travel,FALSE,9761255448,QSKXQMSK,2373714786,HAKVWMEC,6752.42,7633.39,1,
TXN00004420,CUST005567,Ava,Miller,Female,Berlin,Germany,Berlin,Germany,Berlin,Germany,2024-01-15 04:40:01,Purchase,22.48,INR,Uber,Groceries,Payment for food & dining,FALSE,4890919171,ULBILIMW,6343620406,YXHKFCDZ,8689.39,9613.18,1,
TXN00000180,CUST007384,Ava,Miller,Female,Sydney,Australia,Sydney,Australia,Sydney,Australia,2024-09-05 12:56:38,Purchase,209.01,USD,Home Depot,Groceries,Payment for travel,FALSE,1779809157,ZEWUCJET,1598343561,CIVVWLCM,7784.83,7922.18,1,
TXN00004885,CUST005618,Michael,Anderson,Male,Madrid,Spain,Madrid,Spain,Madrid,Spain,2024-08-15 04:24:00,Purchase,1369.6,CAD,Starbucks,Electronics,Payment for travel,FALSE,7726727992,ENRYOGNV,2581248579,HMAHAGBS,9313.95,10213.34,0,Login from different country than transaction
TXN00003428,CUST002411,Emma,Rodriguez,Female,New York,USA,New York,USA,New York,USA,2025-05-12 06:05:19,Purchase,204.42,CAD,Apple Store,Shopping,Payment for gas & fuel,FALSE,7843939461,SSRQEAJC,5235293047,CRGFPVPD,12069.51,13023.6,1,
TXN00001560,CUST007519,Evelyn,Hernandez,Male,Paris,France,Paris,France,Paris,France,2025-02-03 08:44:47,Purchase,178.06,CHF,Walmart,Electronics,Payment for travel,FALSE,4117787943,DHNRZHSX,1438197116,OWUVBNNO,4425.79,5006.99,1,
TXN00000358,CUST008381,Evelyn,Hernandez,Female,Rome,Italy,Rome,Italy,Rome,Italy,2024-08-04 05:34:28,Purchase,451.33,JPY,Uber,Entertainment,Payment for home & garden,TRUE,4805617282,AAXVDFKH,8073948488,NQMUEGDF,6460.04,6808.97,1,
TXN00001302,CUST003081,Olivia,Johnson,Male,New York,USA,New York,USA,New York,USA,2025-01-28 08:22:38,Purchase,455.59,USD,Walmart,Food & Dining,Payment for groceries,FALSE,5814147526,ZUGJTAXH,2204630011,NFEDPQOZ,11683.6,12622.19,1,
TXN00001259,CUST004787,Olivia,Wilson,Male,London,UK,London,UK,London,UK,2024-08-06 14:10:21,Purchase,352.05,AUD,Apple Store,Bills & Utilities,Payment for shopping,FALSE,6597162696,MWTCTTQP,6242506992,FMDRTMXS,7859.5,7860.94,1,
TXN00003258,CUST002223,David,Thomas,Female,Shanghai,China,Shanghai,China,Shanghai,China,2024-01-25 10:49:34,Purchase,95.96,JPY,Target,Bills & Utilities,Payment for travel,FALSE,2839777799,GKHNCYME,9121237188,GPTVRKKU,12286.33,11542.76,1,
TXN00003210,CUST007590,Sophia,Jones,Male,London,UK,London,UK,London,UK,2024-04-23 15:09:28,Transfer,73.22,INR,Best Buy,Food & Dining,Payment for food & dining,FALSE,9628939384,DLPRMJTS,6171104702,SQSSQVSI,11722.2,10824.85,1,
TXN00004015,CUST009782,Robert,Brown,Female,Toronto,Canada,Toronto,Canada,Toronto,Canada,2024-09-23 14:17:05,Purchase,137.71,CAD,Shell Gas,Entertainment,Payment for bills & utilities,FALSE,4855919732,FTMGDGJV,4772104162,GVYKEFYC,6575.55,6176.74,1,
TXN00000538,CUST001465,Daniel,Smith,Male,Toronto,Canada,Toronto,Canada,Toronto,Canada,2024-12-03 01:35:46,Purchase,120.4,EUR,Whole Foods,Electronics,Payment for gas & fuel,FALSE,4389692245,OXTGYSGU,6005093750,YZHUHHFF,8635.58,7919.6,1,
TXN00000812,CUST003346,Ava,Taylor,Male,Dubai,UAE,Dubai,UAE,Dubai,UAE,2024-07-10 16:06:17,Purchase,435.13,AUD,Best Buy,Entertainment,Payment for entertainment,FALSE,4924670511,JWYWWXAD,8993180027,DISPFDNP,6178.76,7063.94,1,
TXN00000653,CUST006332,Richard,Jones,Male,Toronto,Canada,Toronto,Canada,Toronto,Canada,2025-01-30 20:13:01,Transfer,48.09,CAD,Uber,Electronics,Payment for travel,FALSE,5996332297,SPLTWCTR,3523969723,GMZLSIIY,11355.87,12349.6,1,
TXN00001581,CUST003524,Thomas,Johnson,Male,Mexico City,Mexico,Mexico City,Mexico,Mexico City,Mexico,2025-03-27 15:08:30,Purchase,120.53,EUR,Netflix,Groceries,Payment for travel,FALSE,9199837511,SOKGAIVT,1593513879,SSPRNIQD,8534.9,9520.55,1,
TXN00000892,CUST003158,John,Johnson,Female,Tokyo,Japan,Tokyo,Japan,Tokyo,Japan,2024-11-21 07:42:00,Transfer,44.77,CAD,Starbucks,Travel,Payment for health & fitness,FALSE,6634037922,TCCOJPNE,9746918910,SQTDZPRI,14524.06,13769.28,1,
TXN00002132,CUST002291,Sophia,Garcia,Female,São Paulo,Brazil,São Paulo,Brazil,São Paulo,Brazil,2024-09-27 13:33:22,Purchase,213.76,CHF,McDonalds,Entertainment,Payment for home & garden,FALSE,2139591126,YSYJJXHX,2428179245,FSQGGHBA,5487.7,5904.28,1,
TXN00003542,CUST000280,Isabella,Wilson,Female,Toronto,Canada,Toronto,Canada,Toronto,Canada,2025-08-20 23:49:49,Transfer,79.12,JPY,Shell Gas,Entertainment,Payment for food & dining,FALSE,7955975712,NHGPEZNL,5091392827,PDMCBJLY,5630.07,5819.6,1,
TXN00000087,CUST003631,Evelyn,Lee,Male,São Paulo,Brazil,São Paulo,Brazil,São Paulo,Brazil,2025-04-06 08:36:17,Purchase,395.26,CAD,Apple Store,Electronics,Payment for gas & fuel,FALSE,9508185154,CDLSPASF,2005537172,PHXIUMHH,15198.71,14281.46,1,
TXN00000292,CUST001699,Joseph,Lopez,Male,Singapore,Singapore,Singapore,Singapore,Singapore,Singapore,2025-10-08 23:24:00,Purchase,188.45,JPY,Best Buy,Food & Dining,Payment for shopping,FALSE,7111561378,KDKNJKGE,3396104417,CXGSOYHV,5377.77,5763.39,1,
TXN00003755,CUST009004,Ava,Davis,Female,São Paulo,Brazil,São Paulo,Brazil,São Paulo,Brazil,2024-01-04 07:03:33,Purchase,390.96,CAD,Airbnb,Health & Fitness,Payment for home & garden,FALSE,3754658416,PQNZIQVL,3062880100,WTFSAXET,7135.54,7837.22,1,
TXN00004563,CUST007454,Thomas,Hernandez,Male,Berlin,Germany,Berlin,Germany,Berlin,Germany,2024-02-14 02:25:53,Purchase,504.14,INR,Home Depot,Travel,Payment for food & dining,FALSE,7157883737,APVAGNED,3634984171,KIZZHCGN,8634.63,8710.89,1,
TXN00001279,CUST008265,David,Smith,Male,São Paulo,Brazil,São Paulo,Brazil,São Paulo,Brazil,2025-07-27 08:46:46,Purchase,184.98,USD,Airbnb,Home & Garden,Payment for food & dining,TRUE,3057678844,SPMIZIOV,8508521802,NSNVWSET,14209.67,14750.21,1,
TXN00001142,CUST004446,Evelyn,Brown,Female,Singapore,Singapore,Singapore,Singapore,Singapore,Singapore,2024-10-19 14:57:23,Purchase,254.36,CHF,Whole Foods,Health & Fitness,Payment for shopping,FALSE,3788887308,AWTAKXKS,4301336361,DFRVCMCA,7353.73,7740.92,1,
TXN00004575,CUST005300,Emma,Martinez,Male,Mexico City,Mexico,Mexico City,Mexico,Mexico City,Mexico,2024-02-12 03:51:53,Transfer,120.39,JPY,Home Depot,Food & Dining,Payment for entertainment,FALSE,6440636846,JXZZUQZK,3538496060,ZMOTLFXU,13606.09,12957.83,1,
TXN00003219,CUST005169,David,Moore,Male,São Paulo,Brazil,São Paulo,Brazil,São Paulo,Brazil,2024-09-02 11:06:06,Transfer,105.8,JPY,Amazon,Electronics,Payment for gas & fuel,FALSE,7040684734,NPXANFND,3219265794,CVPFHUWL,10761.88,10824.73,1,
TXN00000316,CUST009721,Ava,Lee,Female,Rome,Italy,Rome,Italy,Rome,Italy,2025-07-11 17:02:45,Purchase,35.58,INR,Target,Health & Fitness,Payment for bills & utilities,FALSE,3244455705,MYPJSPPE,5027897718,IUGCPMKD,13778.34,13221.34,1,
TXN00000089,CUST004518,Olivia,Lee,Male,New York,USA,New York,USA,New York,USA,2024-01-04 19:20:01,Purchase,98.48,GBP,Netflix,Shopping,Payment for bills & utilities,FALSE,8133566748,XZZRWKAK,5321981919,XEWZOOEO,6872.05,7204.34,1,
TXN00000258,CUST008629,John,Moore,Male,London,UK,London,UK,London,UK,2025-02-17 07:59:13,Transfer,268.27,GBP,Home Depot,Electronics,Payment for bills & utilities,FALSE,5900508513,XYMDLSTT,1911765912,TCBBMRIY,14086.73,14485.81,1,
TXN00004483,CUST006015,William,Davis,Male,Mexico City,Mexico,Mexico City,Mexico,Mexico City,Mexico,2024-05-26 14:54:42,Transfer,327.86,EUR,Shell Gas,Groceries,Payment for gas & fuel,FALSE,2984765214,KAVLJUZQ,4510341292,PXFWACSV,9494.96,8857.09,1,
TXN00003336,CUST006972,Richard,Taylor,Female,Berlin,Germany,Berlin,Germany,Berlin,Germany,2024-04-27 18:26:47,Purchase,229.9,JPY,Best Buy,Food & Dining,Payment for home & garden,FALSE,8328773483,QEAQYMKB,2527276938,QRLHVMWP,12564.76,13558.29,1,
TXN00001628,CUST000526,Olivia,Martin,Male,Tokyo,Japan,Tokyo,Japan,Tokyo,Japan,2024-08-27 15:40:41,Purchase,106.48,AUD,McDonalds,Entertainment,Payment for home & garden,TRUE,9789105316,KJTZNWKP,5377544870,KVHELTJY,8015.41,7213.79,1,
TXN00003014,CUST008063,William,Lopez,Female,New York,USA,New York,USA,New York,USA,2024-05-09 17:15:47,Transfer,492.79,GBP,Best Buy,Food & Dining,Payment for travel,FALSE,8100392973,SBALYNZX,9031520803,SBXQGAHB,7500.52,7305.04,1,
TXN00002988,CUST003383,James,Miller,Female,Singapore,Singapore,Singapore,Singapore,Singapore,Singapore,2025-02-10 04:18:04,Purchase,369.63,AUD,Marriott Hotels,Groceries,Payment for electronics,FALSE,8254549731,MDVXXDGY,2595233075,EDUDJQGV,12587.93,12499.32,1,
TXN00004684,CUST002557,Olivia,Martin,Female,Toronto,Canada,Toronto,Canada,Toronto,Canada,2025-09-27 04:31:56,Purchase,114.05,USD,Apple Store,Home & Garden,Payment for home & garden,FALSE,4597071641,ZWCDSUQY,1804976275,SBIJBUQX,14670.38,14750.24,1,
TXN00003463,CUST005083,Emma,Taylor,Female,Mexico City,Mexico,Mexico City,Mexico,Mexico City,Mexico,2024-02-04 22:15:31,Purchase,463.25,AUD,McDonalds,Home & Garden,Payment for shopping,FALSE,5211461282,BXPSAKYF,9658168785,EMWMONIS,9007.66,8410,1,
TXN00003527,CUST007314,David,Davis,Male,London,UK,London,UK,London,UK,2025-02-08 11:40:52,Transfer,450.08,USD,Shell Gas,Home & Garden,Payment for home & garden,TRUE,9934505755,SFGUVUYC,1263066694,ALUYREQU,10799.01,10475.84,1,
TXN00003026,CUST003927,James,Taylor,Male,Dubai,UAE,Dubai,UAE,Dubai,UAE,2024-09-11 10:26:04,Transfer,353.43,AUD,Home Depot,Electronics,Payment for travel,FALSE,1198920601,IKURUHSZ,1892695319,YWCTCCIZ,10561.24,10924.94,1,
TXN00004509,CUST002387,William,Davis,Female,Sydney,Australia,Sydney,Australia,Sydney,Australia,2025-09-20 00:50:38,Purchase,123.82,AUD,Walmart,Health & Fitness,Payment for health & fitness,FALSE,6911518243,WCOPUZHD,8982855424,BZHTUYFM,5940.57,6392.46,1,
TXN00001328,CUST007530,Evelyn,Moore,Male,New York,USA,New York,USA,New York,USA,2025-06-16 17:18:46,Purchase,415.21,CAD,Netflix,Shopping,Payment for home & garden,FALSE,9789724592,BPVPBEIB,5752955667,IULTYUNG,10379.38,10212.99,1,
TXN00004272,CUST001164,Michael,Lopez,Male,Madrid,Spain,Madrid,Spain,Madrid,Spain,2024-11-16 22:04:47,Purchase,377.57,USD,McDonalds,Food & Dining,Payment for entertainment,TRUE,7489163594,MQBVWTON,3492649050,IIETCLKV,14005.26,13575.47,1,
TXN00004827,CUST000373,Sophia,Lee,Female,New York,USA,Berlin,Germany,London,UK,2024-03-20 20:10:44,Purchase,2684.78,INR,McDonalds,Electronics,Payment for travel,FALSE,1555254830,QGMVFKZJ,2681345450,KYQWZQYT,5912.46,6542.3,0,Velocity check failed
TXN00001511,CUST002146,William,Hernandez,Female,Sydney,Australia,Sydney,Australia,Sydney,Australia,2024-01-05 17:36:45,Purchase,285.71,CNY,Apple Store,Entertainment,Payment for health & fitness,FALSE,4633187858,ZELEYXPU,2636078282,FZRLQOPH,6567.58,7158.93,1,
TXN00001057,CUST009526,Harper,Rodriguez,Male,Mumbai,India,Mumbai,India,Mumbai,India,2024-11-24 08:55:02,Purchase,27.78,CHF,Amazon,Groceries,Payment for home & garden,FALSE,2130345967,PBVLIQRS,6476592874,UOXPYJAA,14112.35,14972.88,1,
TXN00004986,CUST001777,James,Garcia,Female,Dubai,UAE,Shanghai,China,Singapore,Singapore,2025-03-17 20:46:40,Purchase,5340.59,EUR,Delta Airlines,Food & Dining,Payment for bills & utilities,TRUE,1514812708,EZMBCWTI,9801616391,BAEZTSFF,9549.05,10097.33,0,Card not present fraud
TXN00000192,CUST008139,David,Martin,Male,Madrid,Spain,Madrid,Spain,Madrid,Spain,2025-01-09 12:28:09,Purchase,337.48,JPY,Delta Airlines,Shopping,Payment for electronics,TRUE,3525636177,QJZQKLIW,2204581910,HXODECMO,12748.66,12866.14,1,
TXN00002410,CUST007704,Amelia,Thomas,Male,Madrid,Spain,Madrid,Spain,Madrid,Spain,2025-09-12 05:40:26,Transfer,400.61,EUR,Starbucks,Shopping,Payment for electronics,FALSE,5373512566,SEQNWLMX,1013744259,NLLBASKV,9674.81,9136.23,1,
TXN00003010,CUST007273,William,Moore,Male,Mexico City,Mexico,Mexico City,Mexico,Mexico City,Mexico,2025-03-25 00:48:07,Purchase,176.52,CHF,Amazon,Groceries,Payment for shopping,FALSE,7542235602,GMMOUVRW,8594895509,UIJTIDZP,8816.52,9148.94,1,
TXN00001890,CUST000360,Mia,Moore,Female,São Paulo,Brazil,São Paulo,Brazil,São Paulo,Brazil,2025-01-25 22:20:06,Purchase,112.76,USD,Target,Groceries,Payment for shopping,FALSE,7444791659,VELJIYKN,7256668100,CCNJMQYQ,8137.53,7284.06,1,
TXN00003478,CUST005786,William,Smith,Male,Shanghai,China,Shanghai,China,Shanghai,China,2025-06-20 00:56:21,Purchase,350.37,CAD,Amazon,Home & Garden,Payment for gas & fuel,FALSE,8371222898,YWDHWXKZ,3694689707,YENUPJMW,11879.37,11758.31,1,
TXN00001621,CUST005475,Richard,Smith,Male,Dubai,UAE,Dubai,UAE,Dubai,UAE,2024-03-27 00:32:10,Purchase,461.33,INR,Uber,Travel,Payment for shopping,FALSE,5963671962,YMUKMZRG,4744407756,OLVIIRAG,12707.91,13275.21,1,
TXN00001921,CUST003911,David,Brown,Male,Shanghai,China,Shanghai,China,Shanghai,China,2024-04-30 05:02:11,Purchase,55.22,CNY,Netflix,Health & Fitness,Payment for gas & fuel,FALSE,4303910228,THEHGRLH,6043053661,UKGYIGMT,4461.25,5151.77,1,
TXN00001849,CUST009411,John,Hernandez,Female,New York,USA,New York,USA,New York,USA,2025-03-02 22:05:37,Transfer,141.09,AUD,Uber,Gas & Fuel,Payment for shopping,FALSE,7671321024,HBAJOWQF,1130137125,ZZGHULJP,14330.02,14726.65,1,
TXN00004809,CUST003297,Charlotte,Hernandez,Male,Toronto,Canada,Toronto,Canada,Dubai,UAE,2025-04-06 03:40:50,Transfer,5322.71,JPY,Delta Airlines,Home & Garden,Payment for food & dining,FALSE,9803905895,CRMDOUQK,2829384547,FQITUDWE,11559.8,11472.34,0,Account takeover suspected
TXN00002471,CUST002528,William,Miller,Male,Paris,France,Paris,France,Paris,France,2025-07-26 00:19:23,Purchase,390.75,CHF,Shell Gas,Groceries,Payment for bills & utilities,FALSE,5432460472,IKKLVNKP,7558654755,FAFVLIYY,4575.16,5409.86,1,
TXN00004990,CUST003988,Evelyn,Garcia,Female,New York,USA,New York,USA,Tokyo,Japan,2025-09-23 15:14:49,Purchase,979.36,JPY,Starbucks,Bills & Utilities,Payment for bills & utilities,FALSE,2340102495,CECCAVFK,3540013427,NDXFQNHR,14767.19,14796.39,0,Card not present fraud
TXN00003581,CUST009014,David,Lee,Male,São Paulo,Brazil,São Paulo,Brazil,São Paulo,Brazil,2024-02-13 23:11:47,Purchase,444.57,USD,Airbnb,Food & Dining,Payment for home & garden,FALSE,1559642250,MOGBXOPD,6808647753,HEOCESJV,12950.02,12920.31,1,
TXN00004905,CUST008589,Michael,Brown,Male,Tokyo,Japan,Toronto,Canada,Berlin,Germany,2024-10-13 17:13:08,Transfer,3063.27,INR,Starbucks,Health & Fitness,Payment for home & garden,FALSE,2046004315,VZGIVTGQ,8656558785,GFEBAHGL,6200.69,6967.05,0,Known fraudulent merchant
TXN00000213,CUST004746,James,Lopez,Male,London,UK,London,UK,London,UK,2024-04-03 15:34:02,Purchase,471.71,JPY,Delta Airlines,Food & Dining,Payment for entertainment,FALSE,8712701038,AKDJINXR,2516580450,NWVEZMGY,14107.07,13437.68,1,
TXN00004682,CUST000366,David,Martinez,Female,Mexico City,Mexico,Mexico City,Mexico,Mexico City,Mexico,2025-06-06 00:52:27,Purchase,186.23,CAD,Uber,Bills & Utilities,Payment for bills & utilities,FALSE,9498517961,DLVAXODY,1485883097,TNRDFRST,10216.62,9977.26,1,
TXN00000913,CUST003134,Amelia,Thomas,Male,Sydney,Australia,Sydney,Australia,Sydney,Australia,2025-02-01 10:42:42,Transfer,360.35,INR,Apple Store,Bills & Utilities,Payment for entertainment,FALSE,3296717147,GEUJFXZP,8565974879,UJIUGQOT,13549.76,14248.92,1,
TXN00001578,CUST000149,Amelia,Martin,Female,Mexico City,Mexico,Mexico City,Mexico,Mexico City,Mexico,2024-07-10 16:31:36,Transfer,475.41,CNY,Marriott Hotels,Travel,Payment for travel,FALSE,3139927980,MBAOVXNH,4107516828,YRSUZUYC,7462.99,7891.05,1,
TXN00000379,CUST002164,Richard,Anderson,Male,Shanghai,China,Shanghai,China,Shanghai,China,2025-09-16 18:17:15,Purchase,121.37,CNY,Netflix,Shopping,Payment for home & garden,FALSE,6873979060,XFKTSORK,9520720573,GVPIYTAS,10773.1,11109.51,1,
TXN00002724,CUST006320,Robert,Davis,Female,Tokyo,Japan,Tokyo,Japan,Tokyo,Japan,2024-06-12 13:56:11,Transfer,235.08,INR,Amazon,Gas & Fuel,Payment for bills & utilities,FALSE,7113315296,MDMJJSMU,9034240973,NUKHOMFB,7540.46,7714.48,1,
TXN00003233,CUST008054,Daniel,Lopez,Male,Sydney,Australia,Sydney,Australia,Sydney,Australia,2024-12-13 17:23:16,Transfer,187.31,JPY,Whole Foods,Travel,Payment for bills & utilities,FALSE,7515236828,SHZZFNWI,7837627062,VJKMQMVS,7930.28,7533.52,1,
TXN00003573,CUST000924,David,Johnson,Male,Berlin,Germany,Berlin,Germany,Berlin,Germany,2025-06-25 14:03:16,Transfer,329.3,INR,Netflix,Entertainment,Payment for health & fitness,FALSE,8399192610,VRZAZYHY,2106077160,TTHOFTIX,14139.04,14659.99,1,
TXN00003053,CUST009429,Richard,Davis,Female,Dubai,UAE,Dubai,UAE,Dubai,UAE,2025-02-10 17:24:17,Transfer,427.21,USD,Apple Store,Bills & Utilities,Payment for gas & fuel,FALSE,2465312192,YUCUERNV,8510005554,AMZTHWFU,8149.58,9000.14,1,
TXN00001146,CUST000787,Ava,Thomas,Male,Dubai,UAE,Dubai,UAE,Dubai,UAE,2024-09-05 13:02:39,Purchase,136.84,AUD,Shell Gas,Home & Garden,Payment for bills & utilities,FALSE,6810633721,NGPWZSEO,1809799340,NLEVYIPP,7315.41,7243.14,1,
TXN00000633,CUST000492,Ava,Jackson,Male,Shanghai,China,Shanghai,China,Shanghai,China,2025-01-08 12:45:52,Purchase,286.11,INR,Shell Gas,Health & Fitness,Payment for travel,FALSE,7350218739,NOKLNFML,3352031570,UPABDFCF,13958.19,14096.02,1,
TXN00002908,CUST006291,Harper,Lee,Female,Rome,Italy,Rome,Italy,Rome,Italy,2024-12-25 05:50:24,Transfer,159.68,USD,Uber,Travel,Payment for bills & utilities,TRUE,8013274444,ACUHCARQ,9158640264,FAFXOIWX,10330.57,11032.65,1,
TXN00002749,CUST009089,Thomas,Lopez,Female,Mumbai,India,Mumbai,India,Mumbai,India,2025-08-21 09:16:02,Purchase,167.61,CAD,Walmart,Travel,Payment for home & garden,TRUE,5637338259,DYWSQJVR,8846969461,KUYTGEQE,8703.05,7949.65,1,
TXN00004070,CUST003113,Ava,Brown,Male,Berlin,Germany,Berlin,Germany,Berlin,Germany,2024-03-02 18:09:29,Transfer,102.87,EUR,McDonalds,Groceries,Payment for gas & fuel,FALSE,8993567827,DFDCYAJV,5150322439,DUUMXZCP,7868.27,7833.63,1,
TXN00004615,CUST003264,Daniel,Wilson,Male,Madrid,Spain,Madrid,Spain,Madrid,Spain,2024-06-20 01:55:22,Purchase,295.96,EUR,Target,Gas & Fuel,Payment for health & fitness,FALSE,9291423363,MZEIHSDN,2164220884,DFNWNGES,12292.6,12667.31,1,
TXN00000480,CUST000428,Robert,Taylor,Male,Mumbai,India,Mumbai,India,Mumbai,India,2025-04-03 18:49:08,Purchase,207.87,CHF,Amazon,Food & Dining,Payment for food & dining,FALSE,7926574477,BOOWPIFV,5015964879,WZXVFBUL,14530.42,14598.45,1,
TXN00004442,CUST006717,Charlotte,Jackson,Male,New York,USA,New York,USA,New York,USA,2024-12-06 12:12:02,Purchase,62.69,CHF,Shell Gas,Groceries,Payment for entertainment,FALSE,9853128061,TTQAJKWY,2686613937,OLKPJLOR,9493.51,9935.62,1,
TXN00000711,CUST006537,Amelia,Martin,Male,São Paulo,Brazil,São Paulo,Brazil,São Paulo,Brazil,2025-09-04 12:57:44,Transfer,380.1,EUR,Best Buy,Groceries,Payment for bills & utilities,FALSE,7134136829,YJIVBWTF,1649595170,HTKULIMF,9040.87,9357.27,1,
TXN00001189,CUST002763,Robert,Hernandez,Female,São Paulo,Brazil,São Paulo,Brazil,São Paulo,Brazil,2024-09-11 20:26:34,Purchase,450.98,CAD,Whole Foods,Bills & Utilities,Payment for entertainment,FALSE,2326037385,DAWMTKEE,7468941750,HFEHDNHY,14426.28,14360.67,1,
TXN00004765,CUST002167,Harper,Lee,Female,Mumbai,India,Mumbai,India,London,UK,2024-09-04 15:34:04,Transfer,2095.45,AUD,Apple Store,Travel,Payment for travel,FALSE,5474539878,DIALIBUK,5898553925,MDNPNWNA,6910.27,7195.49,0,Unusual location pattern
TXN00003599,CUST006408,Sophia,Garcia,Male,Singapore,Singapore,Singapore,Singapore,Singapore,Singapore,2025-03-24 07:35:33,Purchase,113.04,INR,Walmart,Food & Dining,Payment for gas & fuel,FALSE,7990063885,CAWRJEXK,9965302406,MWTTNOOS,14067.88,13891.87,1,
TXN00001502,CUST003677,William,Davis,Male,Mumbai,India,Mumbai,India,Mumbai,India,2024-07-21 05:00:09,Purchase,144.06,INR,McDonalds,Electronics,Payment for gas & fuel,FALSE,6708815025,EHJOTGCB,5399096806,TAYKNVXS,10692.29,11363.55,1,
TXN00003650,CUST003633,Richard,Thomas,Female,Tokyo,Japan,Tokyo,Japan,Tokyo,Japan,2025-06-17 06:13:06,Purchase,164.99,GBP,McDonalds,Home & Garden,Payment for gas & fuel,FALSE,8685088059,EOOBICZB,8349167089,VKLNGZSM,5143.37,5307.33,1,
TXN00002435,CUST006798,Mia,Anderson,Male,Madrid,Spain,Madrid,Spain,Madrid,Spain,2025-10-09 17:59:46,Purchase,309.66,GBP,Amazon,Gas & Fuel,Payment for home & garden,FALSE,3133641447,JZCFLHVN,5539852118,MHQYVFDE,8622.49,7944.65,1,
TXN00002442,CUST009799,Joseph,Martin,Male,Madrid,Spain,Madrid,Spain,Madrid,Spain,2024-04-18 19:49:01,Purchase,65.06,JPY,Home Depot,Bills & Utilities,Payment for travel,FALSE,6966403173,QXGONXGT,5365868074,IHGUQWSC,5895.84,5245.56,1,
TXN00000395,CUST000349,Amelia,Rodriguez,Female,Sydney,Australia,Sydney,Australia,Sydney,Australia,2025-03-06 01:48:53,Purchase,490.13,EUR,Whole Foods,Home & Garden,Payment for bills & utilities,FALSE,1461561016,HCGPXPNF,6151861703,WIIJOHBE,7611.33,8216.15,1,
TXN00004840,CUST008123,Olivia,Johnson,Male,São Paulo,Brazil,São Paulo,Brazil,Madrid,Spain,2025-07-15 04:32:17,Purchase,4943.23,CAD,Home Depot,Bills & Utilities,Payment for food & dining,FALSE,2446399475,PGMBJDCX,7696049246,VOWUNHQO,6986.52,7388.74,0,Velocity check failed
TXN00002675,CUST008283,William,Davis,Female,São Paulo,Brazil,São Paulo,Brazil,São Paulo,Brazil,2024-06-30 21:47:19,Purchase,229.89,USD,Walmart,Health & Fitness,Payment for travel,FALSE,7600530603,WMLFJDOM,9931339823,TSVASOUW,14553.37,14303.77,1,
TXN00003905,CUST007786,Harper,Moore,Male,Berlin,Germany,Berlin,Germany,Berlin,Germany,2024-06-01 04:23:15,Purchase,210.66,INR,Delta Airlines,Bills & Utilities,Payment for electronics,FALSE,2037138469,QQXDPRTR,6115333626,UDZPORXA,7450.77,7556.9,1,
TXN00001409,CUST002653,Richard,Hernandez,Female,Mexico City,Mexico,Mexico City,Mexico,Mexico City,Mexico,2024-03-17 10:25:55,Purchase,253.91,GBP,Whole Foods,Gas & Fuel,Payment for bills & utilities,FALSE,6400549998,YXBNYUFU,5294175368,CCGXJOJQ,8421.81,8158.17,1,
TXN00001540,CUST002688,Evelyn,Rodriguez,Male,Mumbai,India,Mumbai,India,Mumbai,India,2024-09-27 01:33:08,Transfer,316.59,CAD,Uber,Groceries,Payment for groceries,TRUE,7818384573,APDKMIOC,7554992879,LGBTFXPR,11732.59,11643.64,1,
TXN00002206,CUST005175,Thomas,Lopez,Male,Paris,France,Paris,France,Paris,France,2024-02-25 08:12:31,Purchase,400.34,INR,Home Depot,Gas & Fuel,Payment for shopping,FALSE,5443942658,TMPCQFZN,7866486977,LRGMFWKO,8536.59,8037.76,1,
TXN00001393,CUST006087,Daniel,Garcia,Male,Mexico City,Mexico,Mexico City,Mexico,Mexico City,Mexico,2024-06-26 04:38:53,Purchase,301.57,GBP,McDonalds,Gas & Fuel,Payment for health & fitness,FALSE,9565584212,GEHGVNGN,7613098422,GINNNNFB,10071.37,9161.01,1,
TXN00003655,CUST001502,Emma,Hernandez,Female,Rome,Italy,Rome,Italy,Rome,Italy,2024-08-26 06:28:27,Transfer,474.1,AUD,Delta Airlines,Shopping,Payment for gas & fuel,FALSE,5895113430,NGZFMAGM,2007659963,DDQYNXIB,12787.14,12819.92,1,
TXN00004129,CUST000583,Charlotte,Jackson,Female,Mexico City,Mexico,Mexico City,Mexico,Mexico City,Mexico,2025-08-24 13:35:47,Purchase,226.83,EUR,Netflix,Health & Fitness,Payment for health & fitness,FALSE,5207329745,IZJQMUHU,9406189411,WSQCUTPL,12733.41,12768.86,1,
TXN00002208,CUST008978,John,Hernandez,Female,New York,USA,New York,USA,New York,USA,2025-01-26 00:09:26,Purchase,430.11,USD,Delta Airlines,Travel,Payment for food & dining,FALSE,6690122523,MKFTCELW,6979717871,WPIUIHOR,8517.37,7965,1,
TXN00003675,CUST004357,Isabella,Thomas,Female,Paris,France,Paris,France,Paris,France,2025-09-25 10:17:03,Transfer,181.85,INR,Uber,Home & Garden,Payment for entertainment,FALSE,9559008564,LXUKFEKM,6463991869,PSFOHYRS,10012.47,10923.96,1,
TXN00004238,CUST003234,William,Taylor,Male,Mumbai,India,Mumbai,India,Mumbai,India,2024-02-18 20:53:20,Purchase,336.82,EUR,Home Depot,Health & Fitness,Payment for home & garden,FALSE,9688022111,SYEHULOW,7945065879,KDEVSSVX,8643.61,8295.99,1,
TXN00004103,CUST003724,Daniel,Anderson,Female,Paris,France,Paris,France,Paris,France,2024-02-15 03:49:49,Transfer,384.25,USD,Apple Store,Travel,Payment for gas & fuel,FALSE,8966442510,MSKFTXLI,9227085865,LOESQKFA,5702.83,5129.35,1,
TXN00003698,CUST000655,Joseph,Moore,Male,Tokyo,Japan,Tokyo,Japan,Tokyo,Japan,2024-05-13 01:52:27,Purchase,379.67,USD,Best Buy,Shopping,Payment for home & garden,FALSE,6974730532,TMIURVDG,8942973345,GSQXHTEN,13804.07,13701.77,1,
TXN00004834,CUST005811,Amelia,Garcia,Female,London,UK,Sydney,Australia,Mumbai,India,2025-09-23 17:06:26,Purchase,1674.17,CHF,Starbucks,Electronics,Payment for bills & utilities,FALSE,9998119767,PTCOUQWQ,1879541772,DKRLUMKP,12407.65,12209.09,0,Login from different country than transaction
TXN00004195,CUST009271,John,Moore,Male,Mexico City,Mexico,Mexico City,Mexico,Mexico City,Mexico,2025-03-31 19:27:14,Purchase,246.66,INR,Target,Food & Dining,Payment for shopping,FALSE,4993954884,NHPJALAN,6750059011,JHPYJCWU,6438.04,7064.65,1,
TXN00003147,CUST001848,Daniel,Miller,Male,Rome,Italy,Rome,Italy,Rome,Italy,2024-10-20 02:12:56,Purchase,316.47,CHF,Airbnb,Food & Dining,Payment for travel,FALSE,3132673247,AIBEDWTP,2856987095,FBHQLXBF,13229.99,13552.8,1,
TXN00002806,CUST007150,James,Wilson,Male,Tokyo,Japan,Tokyo,Japan,Tokyo,Japan,2024-10-10 17:57:59,Purchase,70.81,CAD,McDonalds,Gas & Fuel,Payment for groceries,FALSE,1220813829,PXTBZHAQ,8776016228,VLNCZCQP,10731.27,11229.29,1,
TXN00002455,CUST002647,Harper,Jones,Male,Mexico City,Mexico,Mexico City,Mexico,Mexico City,Mexico,2024-06-19 04:35:57,Purchase,430.54,GBP,McDonalds,Entertainment,Payment for electronics,FALSE,6414818981,LAXGZELK,4921230137,HMBQNGPL,11436.35,11635.89,1,
TXN00003470,CUST000296,Emma,Garcia,Male,London,UK,London,UK,London,UK,2024-12-22 00:50:29,Purchase,38.24,INR,Starbucks,Food & Dining,Payment for entertainment,FALSE,2528428616,DCADQNTB,6534513174,MDCIJQQL,8178.24,8504.42,1,
TXN00003685,CUST004892,Robert,Williams,Female,Madrid,Spain,Madrid,Spain,Madrid,Spain,2024-10-06 19:43:30,Purchase,421,CHF,Walmart,Entertainment,Payment for food & dining,FALSE,1188945124,EDYMCINP,8312449396,VBXADITQ,8247.17,7897.87,1,
TXN00002172,CUST005823,William,Hernandez,Female,São Paulo,Brazil,São Paulo,Brazil,São Paulo,Brazil,2024-01-03 22:45:19,Purchase,463.68,CNY,Airbnb,Home & Garden,Payment for home & garden,FALSE,3610841052,VAXGXVFZ,8960541193,XBMAMZVC,10974.86,10797.11,1,
TXN00001618,CUST002494,Robert,Martin,Male,Singapore,Singapore,Singapore,Singapore,Singapore,Singapore,2024-07-13 17:18:18,Transfer,138.02,JPY,McDonalds,Health & Fitness,Payment for home & garden,TRUE,9527934391,QDZTIUEL,9307603513,HJPRMKIE,10603.55,9736.01,1,
TXN00004664,CUST003931,Ava,Miller,Female,New York,USA,New York,USA,New York,USA,2024-02-16 03:13:02,Purchase,249.54,CHF,Target,Shopping,Payment for groceries,FALSE,8151023736,MKJOGRFS,2291917798,ASSWTLFI,6134.83,7044.3,1,
TXN00000177,CUST001380,Ava,Martin,Male,New York,USA,New York,USA,New York,USA,2024-01-22 19:37:34,Purchase,184.83,USD,Home Depot,Shopping,Payment for health & fitness,FALSE,5333335177,MCBLRDJM,6786370839,SZJIVLWA,13447.95,14240.62,1,
TXN00001321,CUST005891,James,Miller,Female,Paris,France,Paris,France,Paris,France,2024-09-02 01:08:15,Transfer,45.03,INR,Home Depot,Health & Fitness,Payment for gas & fuel,FALSE,8996319057,WBEMYFCT,6564804007,BHZEBPMN,12824.58,13318.27,1,
TXN00004409,CUST001976,Amelia,Lee,Female,Singapore,Singapore,Singapore,Singapore,Singapore,Singapore,2025-04-27 20:32:07,Purchase,140.18,AUD,Home Depot,Entertainment,Payment for food & dining,TRUE,7905350789,UKANLGDH,3922550167,XYMWTFOT,7618.66,8219.17,1,
TXN00003308,CUST006432,Olivia,Lopez,Female,Shanghai,China,Shanghai,China,Shanghai,China,2024-09-25 01:08:55,Purchase,110.8,INR,Marriott Hotels,Home & Garden,Payment for bills & utilities,FALSE,1077748125,RTGVNEGZ,8715420479,XDNXQUOS,11273.17,11227.54,1,
TXN00002868,CUST007583,Richard,Lee,Female,Madrid,Spain,Madrid,Spain,Madrid,Spain,2024-12-23 08:05:05,Purchase,417.19,USD,Whole Foods,Electronics,Payment for entertainment,FALSE,4611028808,PLPJEDSN,8885117118,FFLAMSEQ,9403.41,10303.86,1,
TXN00004992,CUST001161,Michael,Wilson,Female,Mexico City,Mexico,Paris,France,São Paulo,Brazil,2025-02-25 23:20:01,Purchase,1881.15,CAD,Amazon,Shopping,Payment for shopping,FALSE,4529857362,FWTATBPJ,4240408435,WQLGBFTH,12713.93,12749.24,0,High amount compared to usual
TXN00000526,CUST006981,Emma,Moore,Male,Singapore,Singapore,Singapore,Singapore,Singapore,Singapore,2024-09-08 01:59:50,Purchase,393.24,CAD,Uber,Groceries,Payment for travel,FALSE,5727430183,TLFTZZCG,1943809590,BOJTHIAS,9846.08,10312.71,1,
TXN00000293,CUST009550,Ava,Smith,Male,Mexico City,Mexico,Mexico City,Mexico,Mexico City,Mexico,2024-02-02 04:48:43,Purchase,329.14,CHF,McDonalds,Entertainment,Payment for health & fitness,FALSE,2692030374,MRAIBTVJ,8892459402,MQCPMBJA,7704.55,7103.86,1,
TXN00004225,CUST004805,Mia,Lee,Male,Berlin,Germany,Berlin,Germany,Berlin,Germany,2025-05-30 16:07:06,Purchase,71.28,CNY,Starbucks,Entertainment,Payment for shopping,FALSE,7766534429,CRXQEPUQ,4665236477,MUGYRWWI,11659.86,10881.55,1,
TXN00003483,CUST007806,Amelia,Anderson,Male,Sydney,Australia,Sydney,Australia,Sydney,Australia,2025-08-29 03:49:27,Purchase,18.38,JPY,Airbnb,Bills & Utilities,Payment for health & fitness,FALSE,2550017887,WUYDIWGL,5870540481,LRNVKYNQ,8938.7,9428.74,1,
TXN00002212,CUST002263,Evelyn,Jackson,Male,Shanghai,China,Shanghai,China,Shanghai,China,2024-10-16 05:23:07,Purchase,147.69,CNY,Target,Travel,Payment for food & dining,FALSE,2053176065,HPGRGPQN,3291053253,HZKGAFLZ,7071.36,7999.58,1,
TXN00003593,CUST003593,Richard,Anderson,Female,Shanghai,China,Shanghai,China,Shanghai,China,2025-06-19 19:20:02,Purchase,325.71,EUR,Airbnb,Electronics,Payment for gas & fuel,TRUE,9178063256,XMWTCCOC,7977119086,PDWZWDMK,4662.57,5271.32,1,
TXN00003278,CUST008472,Thomas,Jones,Female,London,UK,London,UK,London,UK,2024-04-08 03:40:15,Purchase,314.5,AUD,Best Buy,Health & Fitness,Payment for home & garden,TRUE,4972355197,BBZYPXCJ,7190881503,RCUKPGDB,8588.45,7847.34,1,
TXN00001983,CUST001606,Emma,Jones,Male,New York,USA,New York,USA,New York,USA,2024-12-17 22:04:04,Purchase,389.98,CAD,Home Depot,Food & Dining,Payment for shopping,FALSE,6366172713,VKJPCZQG,4500029041,JZAQBGPL,7358.11,7402.45,1,
TXN00004452,CUST003288,Thomas,Moore,Male,Mumbai,India,Mumbai,India,Mumbai,India,2024-04-07 02:14:01,Purchase,457.34,GBP,Starbucks,Health & Fitness,Payment for entertainment,FALSE,3570733249,ZJGANDJA,1865787305,KCFMEFES,5739.52,6456.24,1,
TXN00003399,CUST006853,Ava,Taylor,Female,Tokyo,Japan,Tokyo,Japan,Tokyo,Japan,2024-08-19 11:02:19,Purchase,496.97,AUD,Home Depot,Travel,Payment for electronics,FALSE,2934549183,MYSVMUAK,2620593147,DJAIENKX,12828.22,11969.75,1,
TXN00004423,CUST007197,Harper,Rodriguez,Male,Paris,France,Paris,France,Paris,France,2024-04-19 08:28:02,Transfer,133.57,USD,Walmart,Bills & Utilities,Payment for groceries,FALSE,7845394882,CNALNNOA,8355114134,NSITKSXH,10392.22,9825.34,1,
TXN00000236,CUST007036,Mia,Davis,Male,Mexico City,Mexico,Mexico City,Mexico,Mexico City,Mexico,2025-09-06 21:40:58,Transfer,249.23,GBP,Walmart,Shopping,Payment for groceries,FALSE,9942012561,ANFPIOTO,2600047242,UCCLYQOZ,13321.2,13275.65,1,
TXN00000010,CUST002688,Joseph,Hernandez,Female,Singapore,Singapore,Singapore,Singapore,Singapore,Singapore,2025-07-10 09:29:02,Purchase,117.67,CHF,Marriott Hotels,Gas & Fuel,Payment for travel,FALSE,3142281884,KMPSKMEF,9304006436,JEIAYTKJ,11929.29,11367.6,1,
TXN00003418,CUST005168,Mia,Rodriguez,Female,New York,USA,New York,USA,New York,USA,2024-01-04 20:32:59,Transfer,409.4,GBP,Uber,Gas & Fuel,Payment for groceries,FALSE,3400530363,XPLSDBXH,1029229262,TFCNZEPS,6463.27,6012.58,1,
TXN00001691,CUST003720,William,Miller,Male,Toronto,Canada,Toronto,Canada,Toronto,Canada,2025-10-08 13:19:29,Purchase,115.33,CNY,Delta Airlines,Home & Garden,Payment for groceries,FALSE,7197134376,AVSGCYDO,8049696517,KGISSNQD,12880.87,13359.43,1,
TXN00004937,CUST000119,Ava,Hernandez,Male,New York,USA,New York,USA,Tokyo,Japan,2025-09-06 05:13:46,Purchase,3725,GBP,Home Depot,Travel,Payment for shopping,FALSE,1725976875,BBSZOCRX,1427458615,WGMJOUYJ,6880.75,6385.18,0,Card not present fraud
TXN00002656,CUST009985,Richard,Williams,Female,New York,USA,New York,USA,New York,USA,2024-08-02 08:37:22,Transfer,247.68,EUR,Target,Electronics,Payment for food & dining,FALSE,4734002903,UZDTSQJE,2089952473,JGGTFZSC,15394.9,14637.47,1,
TXN00004958,CUST001136,William,Rodriguez,Male,Madrid,Spain,Madrid,Spain,New York,USA,2025-06-15 11:18:30,Transfer,3453.18,CAD,Starbucks,Shopping,Payment for food & dining,FALSE,3714033597,FEVFTCEV,9378084843,KYSRHTSY,11603.24,11486.56,0,Unusual location pattern
TXN00000269,CUST008705,Ava,Davis,Male,Dubai,UAE,Dubai,UAE,Dubai,UAE,2024-08-03 18:20:11,Transfer,300.36,JPY,Netflix,Gas & Fuel,Payment for electronics,FALSE,2393010967,ETELNEWL,9873922581,VNRDZEUA,9823.62,9743.97,1,
TXN00000235,CUST004734,John,Lee,Male,Rome,Italy,Rome,Italy,Rome,Italy,2025-04-05 10:23:23,Transfer,285.51,CHF,Uber,Bills & Utilities,Payment for entertainment,TRUE,2667993217,ZVDHYJDQ,3633961218,WBPKJDFG,8914.75,9073.5,1,
TXN00001271,CUST006873,Olivia,Thomas,Female,São Paulo,Brazil,São Paulo,Brazil,São Paulo,Brazil,2024-01-25 16:57:21,Purchase,264.45,INR,McDonalds,Shopping,Payment for health & fitness,FALSE,8172361823,EVSVNSAZ,8643162875,WQOPZGOP,13445.37,12647.94,1,
TXN00000901,CUST009493,Emma,Brown,Male,Mexico City,Mexico,Mexico City,Mexico,Mexico City,Mexico,2025-08-11 19:24:20,Transfer,462.95,CNY,Apple Store,Bills & Utilities,Payment for groceries,FALSE,4379246416,WLPNXCAX,1495740757,WYGSTZHY,12268.73,12288.3,1,
TXN00003356,CUST002291,Ava,Wilson,Female,Mumbai,India,Mumbai,India,Mumbai,India,2025-02-12 17:01:19,Purchase,451.2,CHF,Uber,Electronics,Payment for home & garden,FALSE,7510711632,XBMAGHKA,2281985695,ZNNWUNOU,6222.22,6266.71,1,
TXN00002548,CUST007540,John,Lopez,Female,Tokyo,Japan,Tokyo,Japan,Tokyo,Japan,2024-05-25 05:59:12,Purchase,126.27,EUR,Starbucks,Groceries,Payment for home & garden,TRUE,6653865561,OPSWLSXJ,8556537372,QKJSKULZ,6341.43,6231.15,1,
TXN00004155,CUST008239,Amelia,Hernandez,Male,Berlin,Germany,Berlin,Germany,Berlin,Germany,2024-04-15 13:32:02,Transfer,485.21,EUR,Target,Groceries,Payment for gas & fuel,FALSE,3021622243,KICIVINO,6374953323,XFHTSMLC,9859.18,9847.82,1,
TXN00002919,CUST009485,Emma,Thomas,Female,Toronto,Canada,Toronto,Canada,Toronto,Canada,2025-06-07 06:31:23,Transfer,471.64,AUD,Delta Airlines,Health & Fitness,Payment for health & fitness,FALSE,7257832671,HCOHPZRM,5852281669,ERCIDEUT,14573.53,13867.94,1,
TXN00004795,CUST000513,Daniel,Thomas,Male,Toronto,Canada,Toronto,Canada,Rome,Italy,2024-12-11 02:32:07,Purchase,4090.33,CHF,Uber,Electronics,Payment for home & garden,TRUE,4829576946,AELOXDIF,4708194741,HVKNIFYJ,12440.77,11515.8,0,Multiple transactions in short time
TXN00000487,CUST005741,William,Anderson,Male,Madrid,Spain,Madrid,Spain,Madrid,Spain,2024-12-18 07:00:11,Purchase,12.86,CNY,Shell Gas,Electronics,Payment for food & dining,TRUE,9750871339,SELNIQXY,8634285453,SQGWUEET,8840.19,7956.54,1,
TXN00001825,CUST003560,Sophia,Moore,Male,Tokyo,Japan,Tokyo,Japan,Tokyo,Japan,2025-01-06 07:59:34,Transfer,415.88,CAD,Delta Airlines,Entertainment,Payment for health & fitness,FALSE,8793624696,BDWJXIHP,3202467938,HQARALWH,6910.45,6258.19,1,
TXN00002015,CUST009035,Isabella,Martin,Male,Dubai,UAE,Dubai,UAE,Dubai,UAE,2025-06-20 03:02:14,Purchase,68.08,CAD,Target,Bills & Utilities,Payment for food & dining,TRUE,1163855871,FJLXWNRO,7277027357,NSLGBCZZ,7747.44,7250.42,1,
TXN00000029,CUST009619,Emma,Rodriguez,Female,São Paulo,Brazil,São Paulo,Brazil,São Paulo,Brazil,2025-08-11 11:56:37,Purchase,311.6,EUR,Walmart,Shopping,Payment for shopping,FALSE,9646490794,FHXNZCQB,2621949494,OTJMNBNY,5506.4,6287.03,1,
TXN00004792,CUST007638,James,Smith,Female,London,UK,London,UK,London,UK,2025-10-12 14:44:47,Transfer,671.27,CHF,Amazon,Food & Dining,Payment for food & dining,FALSE,7364454231,FBIRHDIH,7436710101,IACVFRDV,14527.11,13625.93,0,Account takeover suspected
TXN00003486,CUST006857,Richard,Brown,Male,Mumbai,India,Mumbai,India,Mumbai,India,2025-03-22 22:34:35,Purchase,431.89,EUR,Starbucks,Home & Garden,Payment for groceries,FALSE,4082673870,QVYSYGSY,7380688732,UDEAXKWZ,7305.33,6391.14,1,
TXN00001558,CUST000720,Thomas,Davis,Female,Dubai,UAE,Dubai,UAE,Dubai,UAE,2024-03-25 15:14:36,Purchase,265.07,CHF,Amazon,Travel,Payment for groceries,FALSE,7710508819,FHGCUDWG,1673473226,LTZXQFZC,8515.32,7582.43,1,
TXN00002487,CUST001282,Robert,Wilson,Female,Paris,France,Paris,France,Paris,France,2024-10-17 22:26:02,Purchase,72.28,GBP,Walmart,Bills & Utilities,Payment for home & garden,FALSE,1446696084,AZVTBKUV,3101465858,LZGUBXTI,13141.32,12557.65,1,
TXN00001489,CUST003177,Joseph,Moore,Female,Tokyo,Japan,Tokyo,Japan,Tokyo,Japan,2024-11-06 13:23:41,Purchase,391.44,CAD,Netflix,Home & Garden,Payment for home & garden,FALSE,1977876810,OSJKDSKK,6551355794,JZLYHQXK,14015.72,14902.44,1,
TXN00002238,CUST008283,Olivia,Thomas,Male,New York,USA,New York,USA,New York,USA,2024-02-06 20:30:53,Purchase,150.18,CAD,Netflix,Bills & Utilities,Payment for groceries,FALSE,1945091747,GWPNADPI,7692107695,EISEKXVC,10959.17,10913.21,1,
TXN00004408,CUST009111,Thomas,Brown,Female,Madrid,Spain,Madrid,Spain,Madrid,Spain,2024-01-07 22:42:32,Transfer,109.85,EUR,Walmart,Shopping,Payment for shopping,TRUE,1625294781,RNWAMFQX,7504666909,WOBTSAIJ,5850.14,5734.5,1,
TXN00000284,CUST008555,Sophia,Lopez,Male,Madrid,Spain,Madrid,Spain,Madrid,Spain,2025-02-28 09:03:29,Purchase,233.76,EUR,Best Buy,Home & Garden,Payment for electronics,FALSE,6640060101,WMFLPRNZ,4130153077,ZJMGHUFC,10690.06,9860.75,1,
TXN00003293,CUST006767,Thomas,Williams,Male,Madrid,Spain,Madrid,Spain,Madrid,Spain,2024-03-14 17:35:34,Transfer,392.87,EUR,Marriott Hotels,Gas & Fuel,Payment for bills & utilities,FALSE,8696909330,EHXQSMWA,2455341910,KCREYFPJ,14938.56,14401.87,1,
TXN00001896,CUST000910,James,Thomas,Male,Madrid,Spain,Madrid,Spain,Madrid,Spain,2024-07-14 11:42:28,Purchase,253.54,CNY,Best Buy,Entertainment,Payment for health & fitness,FALSE,3781059026,OUEPGHKY,7966743213,GCMBTMNL,14671.59,14490.55,1,
TXN00000046,CUST002860,John,Smith,Female,Paris,France,Paris,France,Paris,France,2024-09-04 14:12:40,Purchase,232.83,AUD,Uber,Entertainment,Payment for shopping,FALSE,9691762260,QPJNJZUB,1602197597,PCPQOKIP,4999.08,5151.02,1,
TXN00003019,CUST007099,Robert,Hernandez,Male,Toronto,Canada,Toronto,Canada,Toronto,Canada,2024-10-28 00:35:52,Transfer,104.63,EUR,Uber,Shopping,Payment for food & dining,FALSE,9018840700,FGLCVCSV,4040707941,NAOLAWSQ,7397.58,7236.51,1,
TXN00000682,CUST004188,David,Taylor,Female,Madrid,Spain,Madrid,Spain,Madrid,Spain,2025-03-20 15:28:43,Purchase,34.62,USD,Home Depot,Home & Garden,Payment for food & dining,FALSE,4226430737,IFFJHHSN,9465425829,RBCQCZCE,12007.55,12481.13,1,
TXN00004969,CUST006213,William,Johnson,Male,Dubai,UAE,Toronto,Canada,Berlin,Germany,2024-06-07 00:42:02,Purchase,3103.91,CAD,Target,Gas & Fuel,Payment for gas & fuel,FALSE,6458686775,BBRIIXLH,3616261485,UFDSVUST,8078.88,8326.92,0,Login from different country than transaction
TXN00003263,CUST004459,Joseph,Brown,Male,Mexico City,Mexico,Mexico City,Mexico,Mexico City,Mexico,2025-03-08 08:06:30,Purchase,238.29,INR,Airbnb,Entertainment,Payment for home & garden,FALSE,9485921079,YYYREQPG,4352969998,JSBXYJQO,13979.47,14906.92,1,
TXN00000644,CUST001928,James,Lee,Female,Tokyo,Japan,Tokyo,Japan,Tokyo,Japan,2025-08-17 11:00:46,Transfer,123.16,AUD,Uber,Bills & Utilities,Payment for travel,FALSE,1300642825,YYMHIKFZ,4112726705,YAHHZDKK,5236.16,5690.02,1,
TXN00004551,CUST002256,William,Rodriguez,Male,Toronto,Canada,Toronto,Canada,Toronto,Canada,2024-12-05 09:07:39,Transfer,148.62,INR,Amazon,Food & Dining,Payment for gas & fuel,FALSE,6211765321,RAHCKGWU,2804586020,KDWHWHQI,8867.22,7952.08,1,
TXN00002309,CUST002286,David,Johnson,Male,New York,USA,New York,USA,New York,USA,2025-07-12 13:43:47,Transfer,384.96,CAD,Home Depot,Electronics,Payment for food & dining,FALSE,4363895908,LBVTVQKI,8607285404,EISDTKQV,12901.39,12245.96,1,
TXN00004625,CUST008083,Sophia,Miller,Female,Berlin,Germany,Berlin,Germany,Berlin,Germany,2024-09-11 05:12:04,Purchase,145.8,AUD,Starbucks,Home & Garden,Payment for food & dining,FALSE,1913325180,OPWWRBMH,3127733149,DPOROHQC,5205.15,5599.8,1,
TXN00001020,CUST002249,Isabella,Anderson,Male,Mumbai,India,Mumbai,India,Mumbai,India,2024-02-16 20:42:06,Purchase,13.05,AUD,Best Buy,Home & Garden,Payment for health & fitness,FALSE,4088635160,HEYKSZRD,4035283042,UPRZMGKF,13647.02,13168.78,1,
TXN00004712,CUST005070,William,Garcia,Female,Dubai,UAE,Dubai,UAE,Dubai,UAE,2025-06-26 00:44:37,Purchase,193.79,CHF,Whole Foods,Food & Dining,Payment for bills & utilities,FALSE,9764815673,XVQVIHRD,6469820440,WOPZAILD,11161.12,10208.13,1,
TXN00003202,CUST002385,Evelyn,Lee,Female,Paris,France,Paris,France,Paris,France,2024-10-28 21:17:38,Purchase,436.11,AUD,Netflix,Groceries,Payment for entertainment,FALSE,2260710433,GDUNKLGY,1795098205,NNTKZFWQ,10608.92,11384.77,1,
TXN00002819,CUST006703,Sophia,Smith,Male,New York,USA,New York,USA,New York,USA,2025-04-25 15:32:31,Transfer,228.74,CAD,Home Depot,Electronics,Payment for bills & utilities,FALSE,3466131527,IGHHNWAW,4485644045,HKTUJUAJ,9006.14,9401.77,1,
TXN00000506,CUST004005,Robert,Miller,Female,Mumbai,India,Mumbai,India,Mumbai,India,2024-08-31 17:31:10,Purchase,278.46,CHF,McDonalds,Home & Garden,Payment for groceries,FALSE,7629670287,PNGOOWTN,9909070729,MCZSQHER,9649.07,10539.39,1,
TXN00002979,CUST009512,Emma,Davis,Female,Tokyo,Japan,Tokyo,Japan,Tokyo,Japan,2024-06-14 05:33:31,Transfer,332.36,CNY,McDonalds,Bills & Utilities,Payment for home & garden,FALSE,3972465597,FOFTLWOE,1866455218,WOVQIYXC,14804.78,14342.34,1,
TXN00004573,CUST007365,William,Lee,Male,Shanghai,China,Shanghai,China,Shanghai,China,2024-04-09 10:50:29,Transfer,433.91,EUR,Netflix,Bills & Utilities,Payment for bills & utilities,FALSE,9168418833,QUXUCKRN,7950086341,RXKMDSCH,8837.25,9382.4,1,
TXN00004859,CUST000765,Amelia,Brown,Female,Berlin,Germany,Berlin,Germany,Shanghai,China,2025-03-14 21:34:19,Purchase,2873.9,JPY,Airbnb,Travel,Payment for electronics,FALSE,7621156268,NWEEUHZT,8646679232,QUPKNMRV,7559.11,7544.16,0,Known fraudulent merchant
TXN00004221,CUST006975,Michael,Martinez,Female,Tokyo,Japan,Tokyo,Japan,Tokyo,Japan,2024-07-14 14:49:58,Purchase,78.04,USD,Home Depot,Food & Dining,Payment for health & fitness,FALSE,7966617041,GDFYLBRN,6530302719,ZEYALLYP,5488.03,6348.2,1,
TXN00001520,CUST003161,Mia,Rodriguez,Male,New York,USA,New York,USA,New York,USA,2024-05-29 13:54:44,Purchase,72.39,JPY,Best Buy,Groceries,Payment for entertainment,FALSE,6726986242,HDOQZTWR,6736891935,LSJAJWDK,7729.66,7453.96,1,
TXN00002863,CUST005160,Mia,Williams,Female,Dubai,UAE,Dubai,UAE,Dubai,UAE,2025-07-10 09:23:51,Purchase,373.99,INR,Home Depot,Home & Garden,Payment for groceries,FALSE,3176328047,BJVGHXLQ,4061623045,GPMQJMNA,6875.1,7747.76,1,
TXN00002093,CUST004480,James,Garcia,Female,Madrid,Spain,Madrid,Spain,Madrid,Spain,2024-01-24 03:52:46,Purchase,416.04,CNY,Best Buy,Health & Fitness,Payment for health & fitness,FALSE,6353911180,LSEVBTZY,7011183004,OFSLRQRM,8245.47,7897.97,1,
TXN00001351,CUST003213,Sophia,Jones,Female,Berlin,Germany,Berlin,Germany,Berlin,Germany,2024-04-02 17:33:13,Purchase,334.1,JPY,Best Buy,Entertainment,Payment for gas & fuel,FALSE,6638636929,LIIYQOTR,8109716269,RSQIOQHD,6114.85,6970.08,1,
TXN00000056,CUST004803,Amelia,Martin,Female,Dubai,UAE,Dubai,UAE,Dubai,UAE,2024-04-04 14:10:12,Purchase,456.21,CNY,Walmart,Travel,Payment for travel,FALSE,9490536390,MNWOLTUF,2573075697,KPAPSNZU,8696.01,8342.78,1,
TXN00000714,CUST008066,Joseph,Williams,Female,Toronto,Canada,Toronto,Canada,Toronto,Canada,2025-02-09 15:11:30,Purchase,105.71,USD,Best Buy,Entertainment,Payment for health & fitness,FALSE,1714740611,WAIBFVMZ,7247735123,QPMZNPZF,8435.45,9340.87,1,
TXN00002168,CUST005635,Isabella,Jones,Female,Paris,France,Paris,France,Paris,France,2024-06-01 22:23:30,Purchase,287.34,JPY,Starbucks,Electronics,Payment for home & garden,FALSE,9154032872,NZZYOJQQ,3087341216,FJCRBUEH,6172.9,6509.7,1,
TXN00004213,CUST004267,Daniel,Martinez,Male,Berlin,Germany,Berlin,Germany,Berlin,Germany,2024-12-17 18:22:30,Purchase,86.71,JPY,Home Depot,Food & Dining,Payment for bills & utilities,FALSE,2451686560,JCTUDHTD,3910583773,ISCMXVOO,6260.03,5977.38,1,
TXN00003331,CUST004215,Mia,Lee,Female,New York,USA,New York,USA,New York,USA,2024-05-27 07:44:26,Purchase,97.26,INR,Uber,Home & Garden,Payment for health & fitness,FALSE,1516316603,YLOTNPWB,2190497335,TRXAVPUJ,9632.01,9660.29,1,
TXN00004733,CUST003784,Charlotte,Johnson,Female,São Paulo,Brazil,São Paulo,Brazil,São Paulo,Brazil,2024-02-19 11:25:31,Transfer,117.5,INR,Target,Bills & Utilities,Payment for health & fitness,FALSE,8412278550,AXUZHZLC,2127305925,ZBWZZMJX,11103.41,11436.32,1,
TXN00002293,CUST000492,Mia,Jackson,Female,Paris,France,Paris,France,Paris,France,2024-07-02 01:36:35,Transfer,132.88,CAD,Netflix,Groceries,Payment for travel,FALSE,6586609224,LVKQFDFM,4966796380,SVNJCNFK,14443.38,13869.3,1,
TXN00004165,CUST004833,John,Johnson,Male,Mumbai,India,Mumbai,India,Mumbai,India,2024-09-01 20:30:56,Transfer,37.67,USD,Marriott Hotels,Gas & Fuel,Payment for groceries,FALSE,2145691684,CRTXULTU,9655651098,FWEXLEHZ,12189.1,13074.68,1,
TXN00004018,CUST009856,David,Miller,Female,New York,USA,New York,USA,New York,USA,2024-06-03 14:28:54,Transfer,452.47,CHF,Starbucks,Travel,Payment for gas & fuel,FALSE,1798952483,VUEHASTF,2680942156,XGHAFVJJ,7261.29,6934.26,1,
TXN00002275,CUST001188,William,Jones,Female,Rome,Italy,Rome,Italy,Rome,Italy,2025-01-11 01:24:37,Purchase,130.28,AUD,Delta Airlines,Travel,Payment for health & fitness,FALSE,2515094907,WZDQREOH,6078506699,IKPGYVAH,14748.83,14834.94,1,
TXN00001487,CUST000958,Isabella,Williams,Male,São Paulo,Brazil,São Paulo,Brazil,São Paulo,Brazil,2024-02-21 03:15:03,Purchase,316.98,CAD,Starbucks,Travel,Payment for food & dining,FALSE,4379744859,NJAJCKUQ,5346083112,VCKTJZXF,14657.09,13864.96,1,
TXN00003095,CUST003393,Amelia,Martin,Male,São Paulo,Brazil,São Paulo,Brazil,São Paulo,Brazil,2024-04-23 11:14:59,Purchase,297.75,AUD,McDonalds,Gas & Fuel,Payment for food & dining,FALSE,9559093281,WIYUIDKP,4714742114,SRUXPDHE,6575.17,6996.38,1,
TXN00001420,CUST008469,Isabella,Miller,Female,Rome,Italy,Rome,Italy,Rome,Italy,2024-12-17 16:15:56,Purchase,483.81,CHF,Walmart,Shopping,Payment for shopping,FALSE,4052705077,EVZNOCFN,3864889902,LKKLTHUQ,12205.43,12611.7,1,
TXN00004553,CUST005732,Daniel,Anderson,Male,Toronto,Canada,Toronto,Canada,Toronto,Canada,2024-01-24 01:19:21,Purchase,349.64,CNY,Best Buy,Electronics,Payment for entertainment,FALSE,5564150715,KIMINJUT,2609757941,AWKWAJLP,12926.54,13465.18,1,
TXN00002673,CUST009442,John,Taylor,Female,Madrid,Spain,Madrid,Spain,Madrid,Spain,2025-05-19 09:03:51,Purchase,427.11,INR,Delta Airlines,Electronics,Payment for health & fitness,FALSE,1047190092,PTLFJZGZ,2583645530,YJEEYBBQ,13329.23,13224.75,1,
TXN00000993,CUST002301,Evelyn,Brown,Male,Shanghai,China,Shanghai,China,Shanghai,China,2024-03-21 02:37:28,Purchase,138.33,GBP,Best Buy,Health & Fitness,Payment for food & dining,FALSE,4208890613,SWQVJYJB,1917625991,VNDYIDYK,11574.21,11438.64,1,
TXN00000297,CUST009612,Charlotte,Garcia,Female,Sydney,Australia,Sydney,Australia,Sydney,Australia,2024-05-23 10:49:02,Purchase,10.4,AUD,Delta Airlines,Entertainment,Payment for electronics,FALSE,6925021518,CVQUQRAH,9123094325,IEGDAEBN,14356.06,14077.55,1,
TXN00002940,CUST009394,Isabella,Davis,Female,Singapore,Singapore,Singapore,Singapore,Singapore,Singapore,2025-09-17 06:47:25,Transfer,167.02,GBP,Shell Gas,Electronics,Payment for shopping,TRUE,4387581272,KCNPYOXT,2526401229,XQJFUKLN,9306.1,9471.55,1,
TXN00003950,CUST009720,Richard,Miller,Female,Singapore,Singapore,Singapore,Singapore,Singapore,Singapore,2024-02-22 11:36:19,Purchase,73.04,CHF,McDonalds,Food & Dining,Payment for shopping,FALSE,7858918528,RFAPXOMM,8831862406,BHTKVTXL,8891.94,9285.06,1,
TXN00002317,CUST001864,James,Rodriguez,Male,Dubai,UAE,Dubai,UAE,Dubai,UAE,2024-09-13 06:40:39,Transfer,104.44,CNY,McDonalds,Groceries,Payment for travel,FALSE,2005984185,JIYUQARZ,2082922899,VXTRTFFO,8234.78,7440.8,1,
TXN00002890,CUST006775,William,Lopez,Female,New York,USA,New York,USA,New York,USA,2024-04-02 00:50:47,Transfer,410.41,JPY,Apple Store,Electronics,Payment for entertainment,FALSE,8125290195,PLXLYSUJ,6615358045,HVGSVTEB,6312.59,6544.12,1,
TXN00000819,CUST009716,Amelia,Moore,Male,Berlin,Germany,Berlin,Germany,Berlin,Germany,2024-12-17 20:44:40,Purchase,251.52,GBP,Delta Airlines,Gas & Fuel,Payment for groceries,FALSE,1428874621,QHQDIKUZ,8196257331,FUMPGVDC,9940.98,9107.62,1,
TXN00001663,CUST007658,Evelyn,Hernandez,Male,Mumbai,India,Mumbai,India,Mumbai,India,2024-03-11 01:34:39,Purchase,450.14,AUD,McDonalds,Home & Garden,Payment for electronics,FALSE,3566205883,RVQDTCWL,4279126012,BRWMGYYH,5636.71,5183.41,1,
TXN00001532,CUST007684,Michael,Smith,Female,Toronto,Canada,Toronto,Canada,Toronto,Canada,2025-01-03 17:18:21,Purchase,425.11,CHF,McDonalds,Food & Dining,Payment for home & garden,FALSE,9970974498,OPVLKASE,2004752836,SVVEBCVW,10006.95,10425.36,1,
TXN00001897,CUST006857,Joseph,Brown,Male,Paris,France,Paris,France,Paris,France,2024-10-30 06:58:09,Transfer,500.5,CNY,McDonalds,Bills & Utilities,Payment for bills & utilities,TRUE,1870442655,TUGLRNAH,5012521605,SCPMSGOU,9911.74,10224.48,1,
TXN00002035,CUST004555,Isabella,Wilson,Female,Toronto,Canada,Toronto,Canada,Toronto,Canada,2025-08-14 03:07:39,Transfer,143.49,USD,Marriott Hotels,Groceries,Payment for home & garden,FALSE,4412946770,FRTJGZJX,9837539077,DWXFAIRI,5861.61,6674.54,1,
TXN00000265,CUST005339,Richard,Williams,Female,Mexico City,Mexico,Mexico City,Mexico,Mexico City,Mexico,2024-12-06 06:23:10,Purchase,51.23,EUR,Whole Foods,Gas & Fuel,Payment for health & fitness,FALSE,8047403051,YBFWPSAO,8586889278,HLQKKCWR,12850.54,12069.74,1,
TXN00004340,CUST001141,Charlotte,Thomas,Male,Rome,Italy,Rome,Italy,Rome,Italy,2024-03-29 05:52:41,Purchase,307.25,CNY,Airbnb,Electronics,Payment for gas & fuel,FALSE,8170734243,FFYJNIZG,9248038804,HRSMNRAL,10961.03,10307.63,1,
TXN00000931,CUST007013,Emma,Smith,Female,Rome,Italy,Rome,Italy,Rome,Italy,2025-04-03 02:28:43,Purchase,143.85,USD,Home Depot,Shopping,Payment for food & dining,FALSE,4538640261,IXNPXZGB,4396787049,HBBIEFHW,13343.03,13473.65,1,
TXN00001243,CUST009176,Richard,Johnson,Female,Dubai,UAE,Dubai,UAE,Dubai,UAE,2025-04-07 06:24:15,Purchase,265.53,GBP,McDonalds,Travel,Payment for gas & fuel,FALSE,3664859511,UUNCKBUW,4189672547,CMLTXFLS,10231.5,9372.5,1,
TXN00003545,CUST003320,Robert,Anderson,Male,Madrid,Spain,Madrid,Spain,Madrid,Spain,2025-09-02 14:43:52,Transfer,501.18,USD,Netflix,Food & Dining,Payment for travel,FALSE,8205491283,TMPQZRJR,2234430721,OHCALOFZ,10060.35,9728.74,1,
TXN00002414,CUST001088,Charlotte,Thomas,Male,New York,USA,New York,USA,New York,USA,2024-05-11 15:26:51,Transfer,381.91,AUD,Netflix,Bills & Utilities,Payment for food & dining,FALSE,6205843489,NTLYOLIV,6683606405,EBYBYRFK,13263.12,13643.58,1,
TXN00004764,CUST006588,Olivia,Brown,Male,Shanghai,China,Paris,France,New York,USA,2024-03-30 12:38:45,Transfer,2955.73,USD,Best Buy,Health & Fitness,Payment for entertainment,FALSE,7051983975,UTGFSPND,8386595969,GKWPZRAV,7395.43,8050.54,0,Login from different country than transaction
TXN00002131,CUST003435,Daniel,Brown,Male,Singapore,Singapore,Singapore,Singapore,Singapore,Singapore,2025-04-26 21:11:25,Purchase,300.96,INR,Airbnb,Shopping,Payment for home & garden,FALSE,5949672516,NFDPUKQE,7092767762,NKJLIKFA,7479.89,6826.76,1,
TXN00004870,CUST004197,Mia,Martinez,Female,Mexico City,Mexico,Mexico City,Mexico,Berlin,Germany,2024-03-03 08:30:03,Purchase,2935.54,INR,Apple Store,Travel,Payment for shopping,FALSE,7118023194,LRDDSDJK,6255116603,WAEMHKHJ,6780.27,6332.59,0,Account takeover suspected
TXN00000153,CUST001853,James,Rodriguez,Female,Mumbai,India,Mumbai,India,Mumbai,India,2025-04-08 22:48:31,Purchase,158.18,USD,Marriott Hotels,Shopping,Payment for entertainment,FALSE,7861176743,DCZMEKRF,9230598151,MSQDMBFV,12066.72,12134.24,1,
TXN00002331,CUST006169,Daniel,Thomas,Female,Rome,Italy,Rome,Italy,Rome,Italy,2024-08-05 23:30:23,Purchase,95.04,USD,Airbnb,Travel,Payment for travel,FALSE,5341584889,MUCJJHYJ,4042620505,QNTQGTSS,11590.06,11161.05,1,
TXN00000748,CUST001313,James,Jones,Female,New York,USA,New York,USA,New York,USA,2024-02-22 05:29:40,Purchase,389.34,GBP,Shell Gas,Food & Dining,Payment for groceries,FALSE,3220278098,UUXRDXSU,9602098065,ETFMTQIP,10130.93,10487.83,1,
TXN00001594,CUST004141,Emma,Johnson,Female,Madrid,Spain,Madrid,Spain,Madrid,Spain,2025-08-24 17:25:35,Transfer,390.67,JPY,Amazon,Groceries,Payment for home & garden,FALSE,8555129330,VBPLSRBK,3442502338,RYQEMZPY,7246.22,7643.37,1,
TXN00001535,CUST008662,Michael,Jackson,Male,Mexico City,Mexico,Mexico City,Mexico,Mexico City,Mexico,2024-06-10 02:21:54,Transfer,466.24,AUD,Target,Bills & Utilities,Payment for shopping,FALSE,2475165226,MHDTUVWZ,2795566383,UKDPCHDE,14184.5,13862.07,1,
TXN00002241,CUST009413,Harper,Davis,Male,New York,USA,New York,USA,New York,USA,2025-01-08 02:38:35,Purchase,348.48,CAD,Amazon,Food & Dining,Payment for electronics,FALSE,4465505691,ZGURWBBV,9093186047,BGNKJVPT,6457.72,6676.36,1,
TXN00003654,CUST005590,Isabella,Davis,Female,Tokyo,Japan,Tokyo,Japan,Tokyo,Japan,2024-04-27 17:36:01,Purchase,86.79,AUD,Shell Gas,Travel,Payment for bills & utilities,FALSE,4870828688,FZDZYUPA,6696579806,IOHTCGUG,6191.96,6253.8,1,
TXN00001942,CUST002544,Daniel,Jones,Male,Rome,Italy,Rome,Italy,Rome,Italy,2024-04-05 11:22:59,Purchase,266.37,AUD,Home Depot,Shopping,Payment for groceries,FALSE,3191492954,SWQPOOEA,8116116058,RUMDQGMP,9367.06,8622.25,1,
TXN00004617,CUST007874,Sophia,Williams,Female,London,UK,London,UK,London,UK,2024-07-20 13:12:56,Transfer,40.53,GBP,Walmart,Bills & Utilities,Payment for health & fitness,FALSE,3321053088,FNFHLZMO,8183561097,UGSJAPWU,13961.67,13334.46,1,
TXN00002404,CUST006370,Olivia,Brown,Male,Singapore,Singapore,Singapore,Singapore,Singapore,Singapore,2025-06-01 01:29:55,Purchase,224.31,AUD,Starbucks,Shopping,Payment for electronics,FALSE,5949628255,OIYQLDHK,8988050568,HOAORASW,9092.12,9260.61,1,
TXN00001754,CUST006100,Joseph,Hernandez,Male,São Paulo,Brazil,São Paulo,Brazil,São Paulo,Brazil,2025-09-27 00:52:40,Transfer,217.31,CHF,Walmart,Health & Fitness,Payment for shopping,FALSE,8575580634,KPZRDXXW,3214723630,RUAOBBMG,6814.05,7505.01,1,
TXN00001176,CUST006647,Isabella,Martinez,Female,São Paulo,Brazil,São Paulo,Brazil,São Paulo,Brazil,2024-07-16 15:29:39,Purchase,309.03,CHF,Uber,Bills & Utilities,Payment for travel,FALSE,6660533624,ZPSWHTBV,9196646417,CEUNBAIM,11196.39,11524.29,1,
TXN00002443,CUST009309,Evelyn,Jones,Female,New York,USA,New York,USA,New York,USA,2024-04-30 00:28:28,Transfer,168.16,CHF,Shell Gas,Electronics,Payment for travel,FALSE,6790424972,UVRRXCYR,4015557254,WQHSLDHS,5726.78,5841.24,1,
TXN00002265,CUST002620,Mia,Davis,Male,Berlin,Germany,Berlin,Germany,Berlin,Germany,2024-12-11 20:01:11,Purchase,145.51,AUD,Apple Store,Bills & Utilities,Payment for home & garden,FALSE,3345604561,PCEKTEYN,8705247995,DMGYWQDC,7363.77,7877.96,1,
TXN00003833,CUST002242,Charlotte,Lopez,Male,New York,USA,New York,USA,New York,USA,2024-10-25 03:12:02,Purchase,140.65,JPY,Delta Airlines,Gas & Fuel,Payment for health & fitness,FALSE,3680862365,XQYAXOJB,5513657589,IBRASTAH,13412.03,13854.26,1,
TXN00001497,CUST003757,Thomas,Hernandez,Female,Toronto,Canada,Toronto,Canada,Toronto,Canada,2024-01-29 06:40:55,Purchase,25.54,INR,Home Depot,Bills & Utilities,Payment for groceries,FALSE,6866567418,DEPNJKJE,7491504562,FGGDMVZS,10684.42,11588.84,1,
TXN00003872,CUST003389,Robert,Jones,Female,Rome,Italy,Rome,Italy,Rome,Italy,2024-02-25 13:01:37,Purchase,300.93,JPY,Apple Store,Electronics,Payment for travel,FALSE,4896031707,XSWBLCKF,1525967611,AZTAEFAU,6070.39,7051.07,1,
TXN00000696,CUST005741,Michael,Johnson,Female,Dubai,UAE,Dubai,UAE,Dubai,UAE,2024-01-08 06:32:28,Transfer,209.51,JPY,Starbucks,Groceries,Payment for groceries,FALSE,3810024927,AEQNXYFZ,1118469694,RFKHMIOG,9999.48,9580.62,1,
TXN00000528,CUST001199,Isabella,Hernandez,Male,Sydney,Australia,Sydney,Australia,Sydney,Australia,2024-12-22 15:14:32,Purchase,301.33,GBP,Apple Store,Travel,Payment for bills & utilities,FALSE,5883989699,XAXSOZHQ,3429980137,AYMMNZWP,8024.11,8586.49,1,
TXN00000661,CUST000709,Charlotte,Rodriguez,Female,Dubai,UAE,Dubai,UAE,Dubai,UAE,2024-06-05 14:06:28,Purchase,293.76,USD,Home Depot,Electronics,Payment for bills & utilities,FALSE,3240816713,NXSEBNUB,2916073535,IDMKZAUH,13011.83,12095.9,1,
TXN00000473,CUST000903,Evelyn,Martin,Male,Rome,Italy,Rome,Italy,Rome,Italy,2024-02-07 09:42:54,Purchase,123.06,USD,McDonalds,Shopping,Payment for food & dining,FALSE,8125871578,WMKERXYZ,3188199960,CKLIABER,13503.93,14351.35,1,
TXN00002339,CUST006979,Olivia,Jones,Male,São Paulo,Brazil,São Paulo,Brazil,São Paulo,Brazil,2025-07-03 00:03:08,Purchase,76.76,AUD,Starbucks,Groceries,Payment for home & garden,FALSE,8891141165,WJFBUFAE,2034650261,KBPRSHRF,8763.04,9096.61,1,
TXN00001430,CUST001060,Michael,Jones,Male,Rome,Italy,Rome,Italy,Rome,Italy,2025-10-06 15:37:30,Purchase,338.98,JPY,Best Buy,Home & Garden,Payment for bills & utilities,FALSE,1992135231,JUCOKKJY,8705945157,YLPPFWUA,12783.84,12635.81,1,
TXN00002199,CUST003652,Amelia,Hernandez,Male,Shanghai,China,Shanghai,China,Shanghai,China,2024-02-21 17:43:01,Transfer,461.13,CNY,Apple Store,Entertainment,Payment for health & fitness,FALSE,3482437219,SBZHVBAB,8359790302,QJHDHCOI,7705.36,6743.5,1,
TXN00001199,CUST008308,David,Thomas,Male,São Paulo,Brazil,São Paulo,Brazil,São Paulo,Brazil,2024-09-01 03:05:58,Transfer,466.51,CNY,Walmart,Food & Dining,Payment for health & fitness,FALSE,6245863667,MXFHZBLN,4098694604,TLJZKXUY,7510.38,6952.74,1,
TXN00001384,CUST007883,Isabella,Rodriguez,Male,Shanghai,China,Shanghai,China,Shanghai,China,2025-03-28 16:42:46,Purchase,116.3,CNY,Apple Store,Food & Dining,Payment for health & fitness,FALSE,8160135109,WKMSRVID,3932199621,WCYUYJVF,10139.15,10713.55,1,
TXN00000296,CUST005244,Emma,Martin,Male,São Paulo,Brazil,São Paulo,Brazil,São Paulo,Brazil,2025-01-28 21:16:11,Transfer,67.23,GBP,Walmart,Home & Garden,Payment for travel,FALSE,8935445028,TIQRVWDF,1524824723,FWKLPNHW,13372.15,12969.42,1,
TXN00002846,CUST007719,Mia,Moore,Male,Singapore,Singapore,Singapore,Singapore,Singapore,Singapore,2024-08-24 19:48:29,Transfer,388.7,GBP,Delta Airlines,Groceries,Payment for home & garden,FALSE,8639232721,MGIGDOGV,5614270777,LUOTJOGF,10276.58,10943.67,1,
TXN00004690,CUST005248,Michael,Smith,Female,London,UK,London,UK,London,UK,2024-06-02 05:15:59,Purchase,91.13,USD,Best Buy,Groceries,Payment for groceries,FALSE,9711344856,SYBKKBLO,2990496123,KGFQPHGY,11692.93,11950.57,1,
TXN00002764,CUST006280,Emma,Miller,Male,Rome,Italy,Rome,Italy,Rome,Italy,2024-04-07 14:22:40,Purchase,441.56,CAD,Home Depot,Shopping,Payment for bills & utilities,FALSE,3537536403,EQOJRTGT,8545828919,DTVFWOGY,6376.85,7274.03,1,
TXN00002158,CUST004656,Michael,Miller,Female,Dubai,UAE,Dubai,UAE,Dubai,UAE,2024-05-06 16:58:07,Purchase,133.53,AUD,Marriott Hotels,Entertainment,Payment for shopping,FALSE,1268386925,ZBOOTZUE,9450841415,PIDVYUAN,13990.66,14477.49,1,
TXN00000323,CUST009746,Joseph,Taylor,Female,Sydney,Australia,Sydney,Australia,Sydney,Australia,2024-02-20 08:57:00,Purchase,239.82,JPY,Netflix,Entertainment,Payment for gas & fuel,FALSE,6639015544,QSDDZGWS,4474737653,MVUSVSMW,7286.07,6407.71,1,
TXN00002213,CUST000113,James,Smith,Female,Berlin,Germany,Berlin,Germany,Berlin,Germany,2025-03-25 07:27:36,Purchase,120.35,GBP,Best Buy,Groceries,Payment for health & fitness,FALSE,4670233516,EEOGDRYE,6818695595,FWATEMVS,14306.25,13486.89,1,
TXN00004010,CUST000185,Sophia,Hernandez,Female,New York,USA,New York,USA,New York,USA,2025-06-25 16:26:27,Transfer,450.17,JPY,Delta Airlines,Home & Garden,Payment for food & dining,TRUE,1458678688,IEQLHIIA,6498187079,SEGXICLE,11455.78,11968.86,1,
TXN00000557,CUST006706,Robert,Taylor,Male,Tokyo,Japan,Tokyo,Japan,Tokyo,Japan,2024-06-24 20:06:34,Purchase,48.9,EUR,Whole Foods,Entertainment,Payment for travel,TRUE,1872291144,FIQZKKIK,1323186039,ERADHEZC,7829.51,7902.41,1,
TXN00004857,CUST004105,David,Taylor,Male,Singapore,Singapore,Singapore,Singapore,Singapore,Singapore,2025-06-27 16:32:49,Purchase,3405.06,EUR,Starbucks,Health & Fitness,Payment for groceries,FALSE,4333397286,STIASELG,8519628335,ESUNZPSZ,11093.92,10811.45,0,Unusual location pattern
TXN00004907,CUST007923,Michael,Martinez,Male,Dubai,UAE,Dubai,UAE,Dubai,UAE,2025-04-17 00:01:24,Transfer,4846.66,CHF,Walmart,Food & Dining,Payment for gas & fuel,FALSE,5696544469,IJEIXVDX,1518771155,VNUYFHGI,12786.32,12665.91,0,Login from different country than transaction
TXN00000689,CUST000659,John,Jackson,Male,Rome,Italy,Rome,Italy,Rome,Italy,2024-09-20 17:19:19,Purchase,266.33,CNY,Starbucks,Food & Dining,Payment for home & garden,FALSE,6528698223,GOWMSDOX,2180338570,PQUFPQCH,10326.59,10232.1,1,
TXN00001879,CUST007673,Ava,Garcia,Male,Sydney,Australia,Sydney,Australia,Sydney,Australia,2024-05-11 09:52:54,Transfer,477.59,CAD,Delta Airlines,Gas & Fuel,Payment for travel,FALSE,8253853507,ZNLXMVEO,7564791437,ZDCBOITK,5581.89,5470.96,1,
TXN00001334,CUST005212,John,Williams,Female,Shanghai,China,Shanghai,China,Shanghai,China,2024-12-17 20:33:46,Purchase,449.43,JPY,Marriott Hotels,Home & Garden,Payment for travel,FALSE,1969530247,AEIUEJAQ,4719127408,MUFACAVN,14068.24,13558.95,1,
TXN00000255,CUST004155,Isabella,Brown,Male,New York,USA,New York,USA,New York,USA,2024-01-17 07:18:27,Purchase,67.07,EUR,Uber,Travel,Payment for shopping,TRUE,1826775838,QXACFVGY,6816206149,RTWBUARR,5484.73,6323.09,1,
TXN00003661,CUST001899,David,Garcia,Male,Berlin,Germany,Berlin,Germany,Berlin,Germany,2024-02-27 14:57:04,Purchase,211.48,CNY,McDonalds,Health & Fitness,Payment for bills & utilities,TRUE,6102432453,LXRPTCMD,3552692733,FIBXNGEL,10221.55,10416.54,1,
TXN00003512,CUST008232,Robert,Moore,Male,London,UK,London,UK,London,UK,2025-07-13 23:54:01,Transfer,494.47,CAD,Best Buy,Electronics,Payment for bills & utilities,FALSE,7321398766,KPKKVTPA,5907208782,JLOLNESH,12620.39,13137.48,1,
TXN00004038,CUST000513,Sophia,Hernandez,Female,Berlin,Germany,Berlin,Germany,Berlin,Germany,2025-09-28 08:12:37,Purchase,350.8,EUR,Marriott Hotels,Food & Dining,Payment for groceries,FALSE,3669474246,ORUZUAQF,9561792924,PGCORNAB,9479.67,9058.88,1,
TXN00003700,CUST004582,Mia,Smith,Female,Shanghai,China,Shanghai,China,Shanghai,China,2025-08-07 23:59:46,Purchase,189.89,USD,Home Depot,Groceries,Payment for travel,FALSE,7913005255,OUNUUBJO,3649096182,TJJUCLDR,13925.36,14769.68,1,
TXN00003048,CUST008757,Isabella,Miller,Female,Rome,Italy,Rome,Italy,Rome,Italy,2024-11-09 18:40:29,Purchase,55.91,CAD,Delta Airlines,Travel,Payment for electronics,FALSE,5438680453,OWMPXNOG,8178663162,ZFPAKPYT,13693.11,13604.37,1,
TXN00001211,CUST002805,Olivia,Wilson,Male,Singapore,Singapore,Singapore,Singapore,Singapore,Singapore,2025-03-30 22:35:41,Purchase,117.87,GBP,Netflix,Groceries,Payment for entertainment,FALSE,8450615723,AKLSCUTY,8716336155,ODKAMQAF,8388.41,8459.4,1,
TXN00002682,CUST001288,Mia,Brown,Female,Dubai,UAE,Dubai,UAE,Dubai,UAE,2024-03-07 20:28:19,Purchase,359.67,GBP,Walmart,Home & Garden,Payment for shopping,FALSE,1310499197,XGFWJOFJ,6921779738,ILYHRJXN,11874.04,12377.65,1,
TXN00001322,CUST004424,Isabella,Taylor,Male,Tokyo,Japan,Tokyo,Japan,Tokyo,Japan,2025-05-07 04:31:45,Transfer,237.29,AUD,Netflix,Food & Dining,Payment for entertainment,FALSE,4059981334,XJLBQKCL,1488272006,HXRPUFTK,7071.37,6889.65,1,
TXN00000294,CUST001331,Isabella,Martin,Male,Paris,France,Paris,France,Paris,France,2024-07-21 00:50:54,Purchase,253.71,CNY,Shell Gas,Travel,Payment for electronics,FALSE,7721636117,CMTPHEKL,1798613907,KFFQWGXJ,7851.23,8649.99,1,
TXN00000660,CUST006850,Thomas,Jackson,Male,Shanghai,China,Shanghai,China,Shanghai,China,2024-12-06 10:59:52,Purchase,148.77,USD,Target,Gas & Fuel,Payment for entertainment,FALSE,6154483197,EZAJUADZ,2595247886,VVVBKXBQ,13382.32,12535.02,1,
TXN00000937,CUST007882,John,Lopez,Female,Dubai,UAE,Dubai,UAE,Dubai,UAE,2024-11-02 07:35:32,Purchase,433.92,USD,Whole Foods,Bills & Utilities,Payment for food & dining,FALSE,2241910302,TEDGCSHL,7634391017,BNQSKZCG,8316.95,8941.68,1,
TXN00003689,CUST001268,Emma,Thomas,Male,Mumbai,India,Mumbai,India,Mumbai,India,2024-11-14 19:05:40,Transfer,500.57,INR,Netflix,Gas & Fuel,Payment for entertainment,FALSE,8280829364,XGZOPPIN,1335492685,GBKABUYJ,5066.19,6052.9,1,
TXN00003029,CUST001141,Joseph,Jones,Male,Madrid,Spain,Madrid,Spain,Madrid,Spain,2024-03-16 06:47:52,Purchase,154.46,GBP,Best Buy,Home & Garden,Payment for food & dining,FALSE,3420664361,GBOETAUA,9368935416,ZQLVBABI,5877.55,5860.53,1,
TXN00002859,CUST003177,Harper,Hernandez,Male,Mumbai,India,Mumbai,India,Mumbai,India,2025-08-27 19:49:53,Purchase,427.21,JPY,Delta Airlines,Groceries,Payment for shopping,FALSE,9657470733,EYNWVENS,9141445083,OTGJKETS,9726.04,9151.73,1,
TXN00000554,CUST005359,Thomas,Thomas,Female,Berlin,Germany,Berlin,Germany,Berlin,Germany,2024-06-09 09:56:17,Purchase,156.9,JPY,Whole Foods,Groceries,Payment for home & garden,FALSE,9243829997,SPUTZEFE,1410051914,WULWXJTR,9819.96,10212.54,1,
TXN00003427,CUST003553,David,Moore,Male,New York,USA,New York,USA,New York,USA,2024-11-22 13:50:14,Transfer,109.29,JPY,Best Buy,Gas & Fuel,Payment for electronics,FALSE,4860042455,WYXGCFSW,9069223345,SOTHUYCQ,9704.26,9648.51,1,
TXN00003600,CUST009676,David,Taylor,Female,Madrid,Spain,Madrid,Spain,Madrid,Spain,2024-01-28 01:27:07,Purchase,47.37,JPY,Best Buy,Electronics,Payment for shopping,FALSE,8329390262,MPDXFZQZ,1300797221,JTNFEVXT,12760.61,12249.25,1,
TXN00003196,CUST009294,James,Jackson,Female,Berlin,Germany,Berlin,Germany,Berlin,Germany,2025-05-02 04:38:18,Purchase,29.18,CNY,Uber,Gas & Fuel,Payment for bills & utilities,FALSE,8969119204,TLKGGPEF,3272289533,QWOMHGYF,5902.5,5672.88,1,
TXN00000569,CUST001165,Sophia,Thomas,Female,Paris,France,Paris,France,Paris,France,2025-08-13 06:52:56,Transfer,222.33,GBP,Home Depot,Travel,Payment for travel,FALSE,1618805158,AVISGFHJ,6231161076,DSGKDNJK,14205.02,14155.18,1,
TXN00000757,CUST006745,Mia,Smith,Male,Shanghai,China,Shanghai,China,Shanghai,China,2024-05-22 02:35:38,Purchase,367.45,CNY,Target,Health & Fitness,Payment for entertainment,FALSE,3992904127,FLIMIHGJ,5997501034,UWNVQWCG,5545.84,5395.63,1,
TXN00001374,CUST003414,Ava,Brown,Female,Sydney,Australia,Sydney,Australia,Sydney,Australia,2024-08-14 06:16:16,Purchase,456.68,INR,Apple Store,Entertainment,Payment for electronics,TRUE,1030614333,CZJSQLBR,9610982408,YLQLQNSC,8376.02,7904.83,1,
TXN00002903,CUST003130,Thomas,Taylor,Male,New York,USA,New York,USA,New York,USA,2024-02-28 10:54:09,Purchase,63.93,JPY,Netflix,Gas & Fuel,Payment for entertainment,FALSE,7356023290,JVPFZIEC,5911187678,UFDUMQWI,13315.13,13880.1,1,
TXN00000982,CUST002837,James,Wilson,Male,Tokyo,Japan,Tokyo,Japan,Tokyo,Japan,2024-03-14 17:24:24,Purchase,243.31,CAD,Starbucks,Shopping,Payment for groceries,FALSE,3287071685,VRRXZQJQ,7557203115,EQUVLXOH,13614.25,13009.09,1,
TXN00003415,CUST006244,Amelia,Garcia,Female,Mexico City,Mexico,Mexico City,Mexico,Mexico City,Mexico,2025-09-08 06:03:09,Purchase,86.23,JPY,Amazon,Home & Garden,Payment for home & garden,TRUE,2663076010,WJPIOASD,1274959322,MBXMZZYD,14524.19,13962.02,1,
TXN00003227,CUST009182,Isabella,Martin,Male,New York,USA,New York,USA,New York,USA,2025-02-02 03:05:29,Purchase,39.11,JPY,Airbnb,Electronics,Payment for home & garden,FALSE,9153829675,WFKZXIYW,6178632817,GAVASVXT,14467.69,14763.77,1,
TXN00002117,CUST008874,Emma,Jones,Male,Madrid,Spain,Madrid,Spain,Madrid,Spain,2024-01-11 10:38:36,Transfer,477.74,INR,Airbnb,Electronics,Payment for gas & fuel,FALSE,9486310346,GWXXVFLL,1709009828,LLJMLQRD,11375.63,12103.53,1,
TXN00000871,CUST007372,Daniel,Hernandez,Female,Tokyo,Japan,Tokyo,Japan,Tokyo,Japan,2025-08-07 13:58:56,Purchase,141.38,USD,Shell Gas,Bills & Utilities,Payment for food & dining,FALSE,5399876068,PSHXADES,6273666107,GBSOZOJP,9657.82,10143.18,1,
TXN00000104,CUST005752,Isabella,Taylor,Female,Paris,France,Paris,France,Paris,France,2025-05-20 14:11:30,Transfer,356.2,GBP,Netflix,Electronics,Payment for shopping,FALSE,6110634031,GTYPZDIG,5633166901,FINOMJYJ,14220.26,14517.85,1,
TXN00003001,CUST009108,Olivia,Rodriguez,Female,London,UK,London,UK,London,UK,2024-11-08 05:36:19,Purchase,45.68,USD,Uber,Gas & Fuel,Payment for gas & fuel,FALSE,2272137470,HWXPEDEE,2823035426,XDBVKZKM,5498.51,5090.8,1,
TXN00000600,CUST009547,Charlotte,Martinez,Male,New York,USA,New York,USA,New York,USA,2025-09-05 12:17:45,Transfer,373.66,EUR,Amazon,Bills & Utilities,Payment for entertainment,FALSE,7384592263,NRPWTKHS,2134093563,KNFYDJTT,13686.84,12963.79,1,
TXN00000960,CUST009568,Thomas,Miller,Female,Shanghai,China,Shanghai,China,Shanghai,China,2025-02-28 07:43:28,Purchase,331.4,CNY,Delta Airlines,Travel,Payment for groceries,FALSE,9784094560,RSQVHRVL,8423205979,GPRPQPTO,5504.44,5816.05,1,
TXN00004875,CUST005082,John,Jones,Female,New York,USA,Rome,Italy,New York,USA,2025-08-28 23:11:37,Purchase,2901.63,CHF,Shell Gas,Electronics,Payment for gas & fuel,FALSE,8590343238,QOXXBSNB,6907382104,VCYEEOHD,5977.97,6354.94,0,Account takeover suspected
TXN00004639,CUST006501,David,Martin,Male,Mumbai,India,Mumbai,India,Mumbai,India,2024-12-23 02:17:48,Transfer,332.24,CHF,Shell Gas,Electronics,Payment for electronics,FALSE,6789735552,LEWVNNUO,4626657974,QSFPWJHB,14275.33,13916.89,1,
TXN00002427,CUST001863,John,Jackson,Male,Tokyo,Japan,Tokyo,Japan,Tokyo,Japan,2025-06-01 20:08:25,Transfer,444.08,INR,Apple Store,Groceries,Payment for shopping,FALSE,6238695303,TXPKRCAE,1802380917,CJUCGGMA,6506.09,5882.62,1,
TXN00002434,CUST005571,Charlotte,Jones,Female,Rome,Italy,Rome,Italy,Rome,Italy,2025-02-07 10:15:57,Purchase,171.21,EUR,Walmart,Groceries,Payment for shopping,FALSE,5108620325,RDYQMDIK,7117957448,HZNUHKSZ,9281.15,8459.88,1,
TXN00002957,CUST007390,Joseph,Martin,Male,Rome,Italy,Rome,Italy,Rome,Italy,2024-09-16 18:26:37,Purchase,285.1,INR,Starbucks,Home & Garden,Payment for gas & fuel,FALSE,8250111365,CLFSZBNH,5734798752,VGMOISMT,12600.75,12284.84,1,
TXN00002858,CUST006347,Charlotte,Garcia,Female,Tokyo,Japan,Tokyo,Japan,Tokyo,Japan,2024-05-12 20:03:29,Purchase,496.19,EUR,Whole Foods,Entertainment,Payment for health & fitness,FALSE,7990114848,IYSDYGVQ,9456256798,FFQQGSZZ,8645.99,7702.13,1,
TXN00001475,CUST003376,Amelia,Jackson,Male,Berlin,Germany,Berlin,Germany,Berlin,Germany,2024-10-15 04:04:56,Purchase,94.52,EUR,Walmart,Home & Garden,Payment for travel,FALSE,3567076155,JILRFGAY,8795075737,DRKDRSIY,5618.13,6472.7,1,
TXN00004047,CUST002558,Mia,Johnson,Female,London,UK,London,UK,London,UK,2025-10-10 05:53:14,Transfer,307.09,INR,Uber,Groceries,Payment for health & fitness,FALSE,1054823054,DVCBWOEX,9043231529,TCOMWDLI,11503.2,10941.11,1,
TXN00003989,CUST008885,Thomas,Rodriguez,Female,Rome,Italy,Rome,Italy,Rome,Italy,2025-05-17 20:17:56,Purchase,191,INR,Best Buy,Bills & Utilities,Payment for groceries,FALSE,8509171814,FFIJIYCD,7904596084,XYLTSDOT,6553,6235.41,1,
TXN00003333,CUST007187,David,Martin,Female,Mexico City,Mexico,Mexico City,Mexico,Mexico City,Mexico,2025-01-07 15:39:02,Purchase,495.73,AUD,Amazon,Groceries,Payment for entertainment,FALSE,5311051058,AQEBZOUE,5540468517,TATRQWEK,5894.16,5516.56,1,
TXN00001155,CUST002387,Emma,Martinez,Male,Singapore,Singapore,Singapore,Singapore,Singapore,Singapore,2024-09-15 09:08:54,Purchase,448.85,AUD,Target,Health & Fitness,Payment for home & garden,FALSE,9651663525,LJUBBLUC,5734999436,RUUQJDWV,11984.1,12877.49,1,
TXN00002125,CUST001929,John,Jackson,Male,Shanghai,China,Shanghai,China,Shanghai,China,2024-06-01 10:40:58,Purchase,244.33,AUD,Amazon,Health & Fitness,Payment for home & garden,FALSE,6855866166,XTKUIZSD,7363283539,SPHPPJAQ,5183.6,5008.98,1,
TXN00001546,CUST006703,Sophia,Jackson,Female,Shanghai,China,Shanghai,China,Shanghai,China,2024-01-29 02:15:34,Purchase,248.87,GBP,Walmart,Electronics,Payment for shopping,TRUE,7931220978,CLMXEVBK,4613185583,XKPAKNRV,6314.54,7214.86,1,
TXN00002166,CUST007986,Michael,Martinez,Male,Mumbai,India,Mumbai,India,Mumbai,India,2024-05-19 23:36:25,Purchase,23.02,GBP,Delta Airlines,Health & Fitness,Payment for electronics,FALSE,4271718907,YUASLFXC,2276323637,TIWIQVOQ,11096.04,11629.85,1,
TXN00002083,CUST001674,Mia,Wilson,Male,Singapore,Singapore,Singapore,Singapore,Singapore,Singapore,2024-01-05 13:20:10,Transfer,501.49,CHF,Starbucks,Electronics,Payment for entertainment,FALSE,3910230623,NACPMRAJ,2819968406,NMUSDDGI,6174.34,6248.79,1,
TXN00002354,CUST009209,David,Rodriguez,Male,Singapore,Singapore,Singapore,Singapore,Singapore,Singapore,2024-01-15 19:27:21,Purchase,228.68,EUR,Starbucks,Groceries,Payment for groceries,FALSE,4182113522,ZGVZVBST,7460720256,YDEXCZYY,15205.23,14893.67,1,
TXN00002186,CUST002731,Joseph,Johnson,Male,Madrid,Spain,Madrid,Spain,Madrid,Spain,2025-08-08 18:00:37,Purchase,210.66,GBP,Starbucks,Groceries,Payment for entertainment,FALSE,2709513970,MGLINVBO,1041058732,HZTXQACN,13791.36,13112.22,1,
TXN00002887,CUST005750,Charlotte,Thomas,Male,New York,USA,New York,USA,New York,USA,2025-06-05 04:14:19,Purchase,333.18,EUR,Home Depot,Entertainment,Payment for home & garden,FALSE,9184941894,AUWOFATA,3618741451,MJTLXMYY,13315,13251.53,1,
TXN00003523,CUST005413,Charlotte,Lopez,Male,Paris,France,Paris,France,Paris,France,2024-05-08 13:22:40,Purchase,502.83,JPY,Target,Shopping,Payment for gas & fuel,FALSE,9693002577,PRTJOFQA,5863670171,CVCQTOBU,8685.57,9667.08,1,
TXN00003277,CUST006636,Mia,Brown,Male,London,UK,London,UK,London,UK,2024-07-25 11:30:54,Purchase,183.39,CNY,Target,Food & Dining,Payment for gas & fuel,FALSE,7815028097,JUYJZLTD,5713707019,ZXPITUPB,9350.7,9540.29,1,
TXN00001919,CUST002760,William,Lee,Male,Madrid,Spain,Madrid,Spain,Madrid,Spain,2024-05-05 17:40:13,Purchase,206.54,USD,Netflix,Electronics,Payment for entertainment,FALSE,5572727337,OIZYIHYR,1475660090,VAOUZWQW,7055.68,6893.63,1,
TXN00001002,CUST008884,Mia,Hernandez,Male,London,UK,London,UK,London,UK,2025-07-16 01:18:23,Purchase,23.77,USD,Target,Health & Fitness,Payment for entertainment,TRUE,3081919120,DCNCVNOM,5556689473,BMLYZBQY,6875.89,6212.89,1,
TXN00001127,CUST007841,Evelyn,Williams,Male,Tokyo,Japan,Tokyo,Japan,Tokyo,Japan,2025-09-23 04:16:27,Purchase,399.47,CHF,Target,Entertainment,Payment for bills & utilities,FALSE,3677852029,JVLEPSHS,6257979817,WUXSJRTA,12819.53,12456.91,1,
TXN00004669,CUST001298,Ava,Anderson,Female,New York,USA,New York,USA,New York,USA,2025-04-13 23:13:19,Transfer,234.52,CNY,Delta Airlines,Food & Dining,Payment for gas & fuel,FALSE,7258054852,PGDAASMC,3135397102,TJWVCEZL,8952.1,8195.04,1,
TXN00004592,CUST008644,Isabella,Martinez,Male,Singapore,Singapore,Singapore,Singapore,Singapore,Singapore,2025-02-23 01:34:57,Purchase,288.76,CAD,Starbucks,Electronics,Payment for electronics,FALSE,6772451052,MDDXISTQ,6731157244,HLBFCPOT,6645.83,6223.13,1,
TXN00001214,CUST009766,Harper,Anderson,Female,Mumbai,India,Mumbai,India,Mumbai,India,2025-06-22 23:19:50,Purchase,317.04,JPY,Marriott Hotels,Home & Garden,Payment for health & fitness,FALSE,7943624438,IJQFEGBG,2679233557,UUHMRIKP,12327.51,11790.04,1,
TXN00000322,CUST006443,Mia,Miller,Male,Toronto,Canada,Toronto,Canada,Toronto,Canada,2025-02-02 05:54:37,Transfer,174.31,AUD,Delta Airlines,Entertainment,Payment for food & dining,FALSE,4225032756,RVTHVPSD,6101832334,SSKQZRWQ,6488.93,6077.99,1,
TXN00004861,CUST002092,Evelyn,Anderson,Male,São Paulo,Brazil,São Paulo,Brazil,São Paulo,Brazil,2024-02-06 19:43:43,Purchase,4397.57,GBP,Walmart,Travel,Payment for food & dining,FALSE,3796969088,GFJDFTHJ,4529879817,VBBEOETQ,7063.85,6078.18,0,Account takeover suspected
TXN00004793,CUST003501,Michael,Williams,Male,Toronto,Canada,Toronto,Canada,Singapore,Singapore,2024-10-20 04:33:23,Transfer,2054.35,GBP,Apple Store,Entertainment,Payment for health & fitness,FALSE,4892430955,AZFJTUDK,1848642711,YQWWPWQS,11757.59,12601.7,0,Unusual location pattern
TXN00000577,CUST006554,Robert,Williams,Male,London,UK,London,UK,London,UK,2025-07-10 12:46:17,Purchase,86.01,CAD,Marriott Hotels,Home & Garden,Payment for shopping,FALSE,9077916422,JSFVSZPK,3866839022,HFKPOMOO,12341.25,11616.87,1,
TXN00000454,CUST006524,Richard,Smith,Male,Berlin,Germany,Berlin,Germany,Berlin,Germany,2025-06-03 10:16:35,Transfer,352.64,INR,McDonalds,Shopping,Payment for shopping,FALSE,1337650961,FAYHHASM,2698954094,DXMVUKFR,13138.33,13869.46,1,
TXN00004687,CUST005835,Daniel,Martinez,Male,London,UK,London,UK,London,UK,2024-02-21 22:13:29,Transfer,97.4,GBP,Airbnb,Food & Dining,Payment for health & fitness,FALSE,6430102006,DXKPVXTK,4569944818,LWJRLYXO,6353.93,6750.34,1,
TXN00000330,CUST002773,Emma,Miller,Female,Tokyo,Japan,Tokyo,Japan,Tokyo,Japan,2025-08-18 12:20:07,Transfer,26.98,CAD,Home Depot,Food & Dining,Payment for entertainment,FALSE,1739347464,QDPWJMTU,7384721433,GNEGFYOO,7912.72,7976.02,1,
TXN00000237,CUST006660,Michael,Moore,Female,Mexico City,Mexico,Mexico City,Mexico,Mexico City,Mexico,2025-10-10 21:51:57,Purchase,85.6,CHF,Uber,Entertainment,Payment for electronics,FALSE,8226703158,STILDGZE,5942559501,NTKRNOBZ,8995.93,9916.34,1,
TXN00004352,CUST001095,Isabella,Davis,Female,Mumbai,India,Mumbai,India,Mumbai,India,2025-06-17 22:44:59,Purchase,157,AUD,Uber,Health & Fitness,Payment for groceries,FALSE,4664488805,ERYVGCVB,9068211464,YYHMWCSG,10712.95,10835.77,1,
TXN00001904,CUST003232,Emma,Martinez,Male,Dubai,UAE,Dubai,UAE,Dubai,UAE,2025-05-19 19:52:44,Purchase,255.4,CAD,Apple Store,Home & Garden,Payment for bills & utilities,FALSE,2790417788,HFXRPGWO,1887229983,ZLEXZVLM,7317.94,7197.31,1,
TXN00004749,CUST008704,Isabella,Lee,Male,São Paulo,Brazil,São Paulo,Brazil,São Paulo,Brazil,2024-08-14 18:05:05,Purchase,38.23,JPY,Marriott Hotels,Travel,Payment for entertainment,FALSE,9483332229,YCKFUGZE,2515414793,TLVOWWWR,11973.03,11431.42,1,
TXN00002045,CUST005213,Evelyn,Miller,Female,Toronto,Canada,Toronto,Canada,Toronto,Canada,2025-03-25 07:02:57,Purchase,67.6,GBP,Best Buy,Health & Fitness,Payment for gas & fuel,FALSE,8468513436,FHFYTZPP,3890432472,HACEANQY,6490.86,7255.72,1,
TXN00002581,CUST004130,Mia,Miller,Female,Mumbai,India,Mumbai,India,Mumbai,India,2024-09-14 23:21:49,Purchase,58.2,CAD,Marriott Hotels,Gas & Fuel,Payment for food & dining,FALSE,7885626566,HXSSVFDF,2102419079,KVHSMDDA,13399.12,13569.17,1,
TXN00004101,CUST005409,Amelia,Anderson,Male,São Paulo,Brazil,São Paulo,Brazil,São Paulo,Brazil,2025-08-26 15:41:53,Transfer,193.98,CNY,Netflix,Shopping,Payment for travel,FALSE,6254998172,MMELQASJ,1515284427,AEDTWHZI,5600.76,5511.52,1,
TXN00001205,CUST008184,Emma,Brown,Male,Berlin,Germany,Berlin,Germany,Berlin,Germany,2024-09-07 19:14:09,Purchase,12.89,EUR,Best Buy,Food & Dining,Payment for gas & fuel,FALSE,2965757811,VYHGIJAD,3483245314,TOQLVCMH,7102.42,6844.86,1,
TXN00001088,CUST009557,Charlotte,Smith,Female,London,UK,London,UK,London,UK,2024-01-30 21:04:34,Purchase,385.42,EUR,Best Buy,Groceries,Payment for entertainment,FALSE,2005861524,VVXIQNJG,3995373318,OZKJTDHU,11865.43,11796.19,1,
TXN00000349,CUST004192,Joseph,Jones,Female,New York,USA,New York,USA,New York,USA,2025-01-08 03:39:40,Purchase,209.06,CAD,Walmart,Entertainment,Payment for health & fitness,FALSE,7915253587,JGMROQIM,6833712928,HJQZLVNW,7513.21,7569.07,1,
TXN00004716,CUST001131,John,Brown,Male,Madrid,Spain,Madrid,Spain,Madrid,Spain,2025-10-07 01:46:24,Purchase,191.58,CAD,Target,Travel,Payment for gas & fuel,FALSE,2963732803,JEIUWMCE,8997368662,YXJKORYP,9988.14,9008.45,1,
TXN00003826,CUST007468,Daniel,Johnson,Female,Toronto,Canada,Toronto,Canada,Toronto,Canada,2024-06-12 07:57:41,Purchase,397.05,CNY,Shell Gas,Gas & Fuel,Payment for health & fitness,FALSE,7995663312,LTKYWHSG,6939005331,JSBBTKBG,7007.56,7176.14,1,
TXN00003133,CUST008164,Ava,Thomas,Female,Sydney,Australia,Sydney,Australia,Sydney,Australia,2024-03-01 07:36:49,Transfer,334.76,CNY,McDonalds,Groceries,Payment for shopping,FALSE,3912898271,XCSUUXBA,5072946619,RFLBUWEE,8538.07,9522.73,1,
TXN00004006,CUST005982,Ava,Jones,Male,Singapore,Singapore,Singapore,Singapore,Singapore,Singapore,2024-01-01 22:11:50,Purchase,443.12,CHF,Amazon,Bills & Utilities,Payment for food & dining,FALSE,1947574930,UDPSPQBQ,1772060716,TPDVQSBS,14375.55,13680.27,1,
TXN00003743,CUST008656,Joseph,Jones,Female,Mexico City,Mexico,Mexico City,Mexico,Mexico City,Mexico,2024-02-01 04:14:45,Transfer,495.95,AUD,Walmart,Food & Dining,Payment for food & dining,FALSE,8810074150,XGVGAQHZ,5809367299,IEFCICVF,11726.15,12491.61,1,
TXN00001740,CUST003749,William,Hernandez,Male,Shanghai,China,Shanghai,China,Shanghai,China,2024-05-24 08:10:28,Purchase,358.76,INR,Target,Home & Garden,Payment for travel,FALSE,4146108066,PYIBWGUI,4360612372,JTMDAEIF,8392.96,7901.81,1,
TXN00004181,CUST004299,Isabella,Miller,Male,Mexico City,Mexico,Mexico City,Mexico,Mexico City,Mexico,2024-12-17 01:46:04,Transfer,297.28,INR,Netflix,Food & Dining,Payment for food & dining,FALSE,3137104630,LVXUHTMY,8494659915,STDHSNHB,6290.43,6241.72,1,
TXN00001145,CUST007621,Joseph,Taylor,Female,New York,USA,New York,USA,New York,USA,2024-04-02 17:41:53,Transfer,335.88,USD,Delta Airlines,Gas & Fuel,Payment for shopping,TRUE,3914382818,POEQSGZO,3418028782,KYJBNVRL,12888.74,12173.17,1,
TXN00001639,CUST000493,Charlotte,Hernandez,Female,Sydney,Australia,Sydney,Australia,Sydney,Australia,2025-04-26 19:32:18,Purchase,171.71,INR,Apple Store,Bills & Utilities,Payment for bills & utilities,FALSE,3920603670,HYFZIQXO,3062554706,LUWLAYXW,8681.45,9349.32,1,
TXN00000512,CUST000619,John,Lee,Male,Rome,Italy,Rome,Italy,Rome,Italy,2025-07-18 18:05:45,Purchase,168.57,GBP,Marriott Hotels,Travel,Payment for entertainment,FALSE,3828498194,EKBOYBZI,9627448960,ERGPQNVA,14050.71,14523.5,1,
TXN00004797,CUST006608,Charlotte,Anderson,Male,São Paulo,Brazil,Berlin,Germany,Mexico City,Mexico,2025-01-15 18:30:29,Transfer,3711.41,AUD,Marriott Hotels,Entertainment,Payment for electronics,FALSE,8437302826,RFDTJXNZ,9235784546,QDKNSOGZ,5534.8,5149.55,0,Known fraudulent merchant
TXN00003891,CUST001446,Evelyn,Johnson,Male,Toronto,Canada,Toronto,Canada,Toronto,Canada,2024-04-10 19:03:08,Purchase,129.11,CAD,Home Depot,Home & Garden,Payment for health & fitness,FALSE,4291679709,VFSHEIOL,3183083025,UONNXIZF,14143.71,13176.74,1,
TXN00003063,CUST008040,Olivia,Jackson,Male,Paris,France,Paris,France,Paris,France,2024-09-06 00:07:13,Purchase,441.36,USD,Delta Airlines,Shopping,Payment for entertainment,FALSE,9854328373,NRLCPJRC,6507217927,LWZEFJMP,8015.66,8353.1,1,
TXN00001048,CUST001541,James,Miller,Female,Singapore,Singapore,Singapore,Singapore,Singapore,Singapore,2024-04-11 08:42:51,Purchase,265.12,INR,Whole Foods,Groceries,Payment for travel,FALSE,9066113900,AFUZRNKY,6605151747,DXQFZJFT,10377.69,9404.79,1,
TXN00001216,CUST007304,Sophia,Moore,Female,Tokyo,Japan,Tokyo,Japan,Tokyo,Japan,2024-02-23 16:00:40,Purchase,123.57,CAD,Marriott Hotels,Health & Fitness,Payment for travel,FALSE,4286782904,RYQYWXNX,9972387846,PLDLPDVF,8582.61,7621.21,1,
TXN00000658,CUST005606,Michael,Miller,Male,São Paulo,Brazil,São Paulo,Brazil,São Paulo,Brazil,2024-10-21 10:18:40,Transfer,259.22,AUD,Shell Gas,Health & Fitness,Payment for food & dining,FALSE,7129838616,KMJHYVIN,4317095976,DFWBRVMH,14014.31,13967.22,1,
TXN00004590,CUST006482,William,Martin,Female,Mexico City,Mexico,Mexico City,Mexico,Mexico City,Mexico,2024-07-19 21:30:26,Transfer,163.46,JPY,Whole Foods,Entertainment,Payment for food & dining,FALSE,1035864553,THTQVLTU,8746511103,CLWDXYKU,14232.94,14080.8,1,
TXN00001153,CUST009569,Joseph,Brown,Female,Rome,Italy,Rome,Italy,Rome,Italy,2024-03-27 19:42:52,Transfer,505.19,CHF,Amazon,Gas & Fuel,Payment for electronics,TRUE,9668200271,LSPKSOYL,7396413198,DNDLBNJT,13648.88,14337.75,1,
TXN00000128,CUST004067,Emma,Lee,Female,Singapore,Singapore,Singapore,Singapore,Singapore,Singapore,2024-05-21 23:42:33,Transfer,446.66,CNY,Whole Foods,Shopping,Payment for groceries,FALSE,5134771157,RMEMZDUC,9852392868,TQBNMYMO,10222.79,9851.7,1,
TXN00002506,CUST004139,Thomas,Miller,Male,Mexico City,Mexico,Mexico City,Mexico,Mexico City,Mexico,2024-06-11 08:34:20,Purchase,215.63,GBP,Whole Foods,Gas & Fuel,Payment for home & garden,FALSE,4752864821,NOSUDQMC,8031981323,KCZDGVWM,12707.6,13274.67,1,
TXN00004068,CUST003275,Richard,Wilson,Male,Sydney,Australia,Sydney,Australia,Sydney,Australia,2024-03-06 16:18:51,Purchase,72.12,USD,Delta Airlines,Entertainment,Payment for food & dining,FALSE,8703087136,KPCZXXYC,4296936677,AAKFQXQM,10114.3,10747.56,1,
TXN00000849,CUST003894,Olivia,Garcia,Male,São Paulo,Brazil,São Paulo,Brazil,São Paulo,Brazil,2025-09-16 08:09:12,Purchase,172.42,CAD,Airbnb,Groceries,Payment for bills & utilities,TRUE,5967586062,FWBRHKQH,8474192392,CEQRGMBF,8410.08,9075.63,1,
TXN00004763,CUST004334,Emma,Rodriguez,Female,Shanghai,China,New York,USA,Shanghai,China,2024-06-11 16:33:21,Purchase,956.97,GBP,Uber,Travel,Payment for travel,FALSE,8232988848,JGNMQBIZ,3952091793,YNIPWNTA,13783.1,12978.4,0,Multiple transactions in short time
TXN00004073,CUST007188,Richard,Moore,Male,Sydney,Australia,Sydney,Australia,Sydney,Australia,2025-03-05 11:28:54,Transfer,253.64,JPY,Walmart,Shopping,Payment for health & fitness,FALSE,5960225811,VJGPXPLK,1051959840,EQJWEXSF,13080.35,13409.47,1,
TXN00001277,CUST001262,Evelyn,Smith,Male,São Paulo,Brazil,São Paulo,Brazil,São Paulo,Brazil,2025-02-23 13:31:55,Purchase,348.31,EUR,Uber,Shopping,Payment for travel,FALSE,8828180831,XBWIXWTD,4631647192,FAVGJDNJ,12064.69,12350.3,1,
TXN00004297,CUST005475,Evelyn,Moore,Female,Rome,Italy,Rome,Italy,Rome,Italy,2025-03-06 16:32:49,Purchase,115.24,USD,McDonalds,Bills & Utilities,Payment for bills & utilities,FALSE,4623858075,OHHLTCIV,1179991807,UORACICF,7006.46,6608.55,1,
TXN00004944,CUST007664,John,Thomas,Female,Paris,France,Mexico City,Mexico,Paris,France,2024-03-14 01:52:45,Transfer,732.5,CNY,Starbucks,Gas & Fuel,Payment for home & garden,FALSE,1085385330,TSHUDENB,7680844258,FOYZLRGG,10251.48,9258.74,0,Card not present fraud
TXN00003607,CUST000500,Olivia,Garcia,Male,São Paulo,Brazil,São Paulo,Brazil,São Paulo,Brazil,2024-01-09 09:58:30,Transfer,234.49,EUR,Home Depot,Health & Fitness,Payment for health & fitness,FALSE,8984513730,ZTBEOPOG,8808596498,WRLCOBNP,4584.44,5549.63,1,
TXN00004057,CUST007357,Charlotte,Hernandez,Male,Berlin,Germany,Berlin,Germany,Berlin,Germany,2024-01-29 08:41:33,Purchase,55.46,CNY,Best Buy,Health & Fitness,Payment for groceries,FALSE,1474010590,QQAAJQEC,4571804794,XFVPWYJH,13789.39,13827.17,1,
TXN00000006,CUST001626,Emma,Rodriguez,Female,Berlin,Germany,Berlin,Germany,Berlin,Germany,2024-04-14 06:09:43,Purchase,264.8,JPY,Amazon,Bills & Utilities,Payment for home & garden,FALSE,3542002243,ZTMMNSVL,2965353864,IYSMAZID,14148.26,14126,1,
TXN00002892,CUST002397,Michael,Martin,Male,Tokyo,Japan,Tokyo,Japan,Tokyo,Japan,2025-02-07 15:54:40,Transfer,155.06,CHF,Uber,Home & Garden,Payment for shopping,FALSE,1436672022,DAGYANDE,4960224197,IAMRMOWA,13615.51,13500.78,1,
TXN00002771,CUST001304,Sophia,Jones,Male,Rome,Italy,Rome,Italy,Rome,Italy,2024-01-15 14:50:12,Purchase,501.85,USD,Uber,Bills & Utilities,Payment for groceries,FALSE,4404016377,JHIYYMJL,6688557136,WIUIHFCK,8335.3,8773.42,1,
TXN00000615,CUST004970,Isabella,Jackson,Male,Mumbai,India,Mumbai,India,Mumbai,India,2024-08-23 15:19:01,Purchase,18.88,CHF,Home Depot,Groceries,Payment for health & fitness,FALSE,4714124058,EZKNVEBM,5151899739,VGFPMVEE,10046.87,10494.46,1,
TXN00004286,CUST007595,Harper,Rodriguez,Female,New York,USA,New York,USA,New York,USA,2024-06-02 05:38:33,Purchase,25.93,INR,Uber,Groceries,Payment for bills & utilities,FALSE,9058520391,HTGBIPMJ,7616201358,ZBPYMOQU,14514.63,13957.92,1,
TXN00001346,CUST000732,Robert,Martin,Female,New York,USA,New York,USA,New York,USA,2025-03-07 19:46:24,Purchase,425.77,JPY,Starbucks,Groceries,Payment for entertainment,FALSE,7428010974,AHEXAODU,7959762726,JQJZNVFA,9298.81,8787.05,1,
TXN00002631,CUST003224,Amelia,Wilson,Male,Berlin,Germany,Berlin,Germany,Berlin,Germany,2024-05-01 06:59:03,Purchase,266.64,CNY,Delta Airlines,Gas & Fuel,Payment for shopping,FALSE,6891506514,SPIHSOLP,3948638911,TLWJAEFW,8595.81,8386.08,1,
TXN00000448,CUST005143,Charlotte,Thomas,Male,Berlin,Germany,Berlin,Germany,Berlin,Germany,2024-08-15 19:04:25,Purchase,299.05,INR,McDonalds,Home & Garden,Payment for shopping,FALSE,9960428211,LOQTLYUP,2262925077,NIOYHMTW,6528.31,6698.16,1,
TXN00002279,CUST008655,Daniel,Williams,Male,Toronto,Canada,Toronto,Canada,Toronto,Canada,2024-11-09 03:07:30,Transfer,245.41,CAD,Uber,Home & Garden,Payment for shopping,FALSE,7168708157,DENDWASE,8300916471,DDBPIWFB,10970.12,10835.96,1,
TXN00000364,CUST006635,Mia,Johnson,Female,London,UK,London,UK,London,UK,2024-07-04 17:21:13,Purchase,252.85,USD,Home Depot,Electronics,Payment for groceries,FALSE,7552630523,DNKBTCPQ,4592698104,KLMABQOJ,10436.46,9901.29,1,
TXN00000837,CUST007094,Richard,Lopez,Male,São Paulo,Brazil,São Paulo,Brazil,São Paulo,Brazil,2025-05-18 11:08:21,Purchase,437.21,CNY,Shell Gas,Gas & Fuel,Payment for travel,FALSE,7984866552,XKNAMACQ,8641568760,EEVLRHTU,13004.28,13736.85,1,
TXN00000995,CUST002204,Charlotte,Martinez,Female,Madrid,Spain,Madrid,Spain,Madrid,Spain,2024-05-04 13:02:22,Purchase,458.17,USD,Airbnb,Entertainment,Payment for groceries,FALSE,6279729672,BNQJOHIR,3391468616,WFOTRKGS,11205.2,10822.85,1,
TXN00000570,CUST007742,Richard,Williams,Male,Mexico City,Mexico,Mexico City,Mexico,Mexico City,Mexico,2024-07-06 16:16:41,Purchase,509.84,INR,Amazon,Shopping,Payment for electronics,FALSE,9575717058,JAKQWQBL,2804145331,QQPNVJTY,11249.73,12178.72,1,
TXN00000999,CUST004285,Olivia,Thomas,Female,Singapore,Singapore,Singapore,Singapore,Singapore,Singapore,2024-11-30 11:23:10,Purchase,234.49,AUD,Whole Foods,Food & Dining,Payment for health & fitness,FALSE,3138972329,EGREIZYU,5876695554,VKUVDHTM,10934.92,10560.32,1,
TXN00002364,CUST005191,Mia,Moore,Female,São Paulo,Brazil,São Paulo,Brazil,São Paulo,Brazil,2025-07-08 23:46:00,Purchase,332.3,USD,Marriott Hotels,Bills & Utilities,Payment for electronics,FALSE,5783610892,BFCDIVSF,9223420453,SWPEVUAK,7430.97,6638.08,1,
TXN00001940,CUST006337,Joseph,Moore,Male,Mumbai,India,Mumbai,India,Mumbai,India,2024-03-01 18:54:38,Purchase,375.15,JPY,Whole Foods,Health & Fitness,Payment for bills & utilities,FALSE,3522121290,FEEMLILO,5191335178,JQWTTOMX,12406.2,12104.31,1,
TXN00001295,CUST005463,Evelyn,Taylor,Female,Sydney,Australia,Sydney,Australia,Sydney,Australia,2024-12-23 21:40:41,Purchase,286.82,CAD,McDonalds,Entertainment,Payment for gas & fuel,FALSE,8217924038,LFHNNLCX,9221426696,EDYRSDSV,13136.23,12952.99,1,
TXN00003995,CUST001976,William,Martin,Male,New York,USA,New York,USA,New York,USA,2025-08-30 03:38:17,Purchase,190.37,USD,Shell Gas,Travel,Payment for electronics,FALSE,5007834109,RUIIEHGM,7152375857,JQSQBFLA,6254.43,5475.82,1,
TXN00001996,CUST002004,Joseph,Martinez,Male,Paris,France,Paris,France,Paris,France,2025-03-17 05:32:39,Purchase,434.38,CHF,Apple Store,Shopping,Payment for bills & utilities,FALSE,1861557661,TLZWDNSJ,8565977584,HWSGSKGH,6092.27,7045.93,1,
TXN00000576,CUST006424,John,Hernandez,Male,New York,USA,New York,USA,New York,USA,2024-12-10 09:34:28,Purchase,146.14,GBP,Amazon,Groceries,Payment for shopping,FALSE,4070198399,BSGIRPOW,6711228627,MPQZJBWD,7413.01,8023.35,1,
TXN00001183,CUST002625,Sophia,Anderson,Female,New York,USA,New York,USA,New York,USA,2025-03-20 09:03:25,Purchase,73.49,CAD,Target,Health & Fitness,Payment for groceries,FALSE,3728212364,FZFUTOGJ,6598866181,BYZVDYKL,8120.54,8842.28,1,
TXN00000566,CUST007297,Mia,Davis,Male,São Paulo,Brazil,São Paulo,Brazil,São Paulo,Brazil,2025-08-06 19:48:18,Purchase,359.34,AUD,McDonalds,Electronics,Payment for travel,FALSE,3238438501,OMSQINSJ,7096326664,GQLATZBE,9337.79,8692.18,1,
TXN00001530,CUST006001,Charlotte,Martinez,Male,São Paulo,Brazil,São Paulo,Brazil,São Paulo,Brazil,2024-09-01 00:20:47,Transfer,411.27,EUR,Whole Foods,Food & Dining,Payment for bills & utilities,FALSE,3769538779,YKYXYFFY,8923064264,PWIXSWPD,13893.84,14798.74,1,
TXN00001543,CUST006912,Joseph,Taylor,Female,Shanghai,China,Shanghai,China,Shanghai,China,2025-06-20 16:30:24,Purchase,487.87,AUD,McDonalds,Gas & Fuel,Payment for home & garden,FALSE,6264280489,VKGUUFJU,3550121880,HVXGLCRV,7665.08,8398.44,1,
TXN00000783,CUST007972,Sophia,Martinez,Male,São Paulo,Brazil,São Paulo,Brazil,São Paulo,Brazil,2025-01-11 18:01:45,Purchase,199.21,CNY,Delta Airlines,Gas & Fuel,Payment for food & dining,FALSE,6385796007,FPBQLXYV,2658569787,HYCXLYAL,10892.59,10320.36,1,
TXN00004610,CUST004846,Sophia,Thomas,Female,Toronto,Canada,Toronto,Canada,Toronto,Canada,2024-08-12 22:43:56,Purchase,412.97,JPY,McDonalds,Gas & Fuel,Payment for travel,FALSE,1521957011,BLDQVPQV,1139714984,XMGMLNOX,10471.16,11411.39,1,
TXN00001943,CUST000449,Michael,Brown,Male,Paris,France,Paris,France,Paris,France,2024-12-23 11:04:27,Transfer,63.94,EUR,Uber,Bills & Utilities,Payment for health & fitness,FALSE,9826860765,QYDALFHX,3716944563,UXCZHHRC,10880.11,11207.25,1,
TXN00004091,CUST001720,Mia,Davis,Male,London,UK,London,UK,London,UK,2025-03-16 09:25:15,Purchase,300,CAD,Best Buy,Shopping,Payment for shopping,FALSE,5113009224,RVUAILRN,5711777220,IYFSUAZZ,10863.57,9952.48,1,
TXN00000060,CUST006555,Harper,Rodriguez,Male,Rome,Italy,Rome,Italy,Rome,Italy,2024-09-25 15:27:20,Purchase,24.29,INR,Uber,Shopping,Payment for groceries,FALSE,2671711537,ZRXMNIZU,2883521233,MAXCFJAK,5951.85,6016.31,1,
TXN00003770,CUST000320,Sophia,Martinez,Male,Sydney,Australia,Sydney,Australia,Sydney,Australia,2025-09-08 05:37:24,Purchase,487.9,INR,Netflix,Gas & Fuel,Payment for health & fitness,FALSE,2276499685,GXNHPEMG,6482029331,NIRBBNXG,13959.94,13539.39,1,
TXN00004085,CUST001686,Amelia,Anderson,Female,Rome,Italy,Rome,Italy,Rome,Italy,2024-04-27 14:49:34,Purchase,474.05,AUD,McDonalds,Bills & Utilities,Payment for entertainment,FALSE,6524736078,FPQFJXBU,4500752303,OVSDRZDK,8601.02,9090.88,1,
TXN00004522,CUST004832,Harper,Lopez,Female,Rome,Italy,Rome,Italy,Rome,Italy,2025-10-10 10:17:05,Purchase,113.11,CAD,Amazon,Entertainment,Payment for gas & fuel,FALSE,7432132975,GCROCKJP,1424959308,CSQUNIEF,9522.21,9758.54,1,
TXN00001250,CUST005926,Mia,Johnson,Female,Berlin,Germany,Berlin,Germany,Berlin,Germany,2025-08-07 03:35:57,Transfer,137.67,CNY,McDonalds,Food & Dining,Payment for groceries,FALSE,9148960784,KIFNBYPN,7231493194,HCOKMHOK,4588.66,5101.03,1,
TXN00002541,CUST002197,Mia,Garcia,Female,Shanghai,China,Shanghai,China,Shanghai,China,2024-07-14 08:30:48,Purchase,181.1,JPY,Marriott Hotels,Food & Dining,Payment for groceries,FALSE,6878052253,UCWLVEZS,2763670961,SSCYPCEX,13563.25,12972.88,1,
TXN00003737,CUST003271,Sophia,Garcia,Female,Madrid,Spain,Madrid,Spain,Madrid,Spain,2024-05-13 06:36:18,Purchase,74.68,CAD,Shell Gas,Shopping,Payment for entertainment,FALSE,8857711390,DBWODAUC,3204496750,XMLLUTSL,7214.77,6812.21,1,
TXN00003678,CUST009083,Evelyn,Thomas,Female,Berlin,Germany,Berlin,Germany,Berlin,Germany,2025-09-22 22:17:09,Transfer,493.82,CHF,Walmart,Bills & Utilities,Payment for electronics,FALSE,4155498015,BDJABSUJ,7658806147,VAUDZKMJ,13272.53,13260.11,1,
TXN00000985,CUST001113,Harper,Moore,Female,Rome,Italy,Rome,Italy,Rome,Italy,2025-03-03 03:09:55,Transfer,220.7,AUD,Marriott Hotels,Travel,Payment for shopping,FALSE,6133851799,RAQPFWSY,5155259157,YUAYRBNE,6467.37,7092.74,1,
TXN00001760,CUST004686,Emma,Rodriguez,Female,Madrid,Spain,Madrid,Spain,Madrid,Spain,2024-06-02 02:56:02,Purchase,263.23,CNY,McDonalds,Bills & Utilities,Payment for food & dining,FALSE,7443684734,RMDBADAJ,2754483790,FFSVMSOX,9808.12,10243.04,1,
TXN00001371,CUST003166,Richard,Thomas,Female,Shanghai,China,Shanghai,China,Shanghai,China,2024-12-18 20:19:48,Purchase,177.16,INR,Airbnb,Groceries,Payment for groceries,TRUE,3074422447,CXRTXSOC,8257915254,RKASBYFH,9078.64,8981.55,1,
TXN00002838,CUST002972,Michael,Wilson,Female,Rome,Italy,Rome,Italy,Rome,Italy,2025-09-13 06:44:48,Purchase,349.7,CHF,Target,Bills & Utilities,Payment for travel,FALSE,7952727913,PSPJTBVD,8187782674,FSAMTFMM,13178.12,13739.19,1,
TXN00000992,CUST002572,John,Wilson,Male,Paris,France,Paris,France,Paris,France,2025-06-05 02:06:30,Purchase,70.98,USD,Netflix,Groceries,Payment for travel,FALSE,4571568003,WFXOXVFP,4049172733,NOTWLWCC,6570.66,6644.31,1,
TXN00001516,CUST008948,Emma,Lee,Male,Madrid,Spain,Madrid,Spain,Madrid,Spain,2025-02-11 21:48:17,Transfer,225.13,AUD,Delta Airlines,Gas & Fuel,Payment for travel,FALSE,7061678750,VSXCNIVT,4654309212,ECEBMLJH,10214.19,10130.45,1,
TXN00001103,CUST002815,Thomas,Rodriguez,Male,Dubai,UAE,Dubai,UAE,Dubai,UAE,2024-11-28 16:15:16,Purchase,395.43,GBP,Target,Home & Garden,Payment for electronics,TRUE,3757631595,VPJKCIEW,2178162259,KZLWJFTC,9412.46,8791.51,1,
TXN00000341,CUST002790,Sophia,Smith,Male,Madrid,Spain,Madrid,Spain,Madrid,Spain,2024-03-16 16:33:12,Transfer,465.18,INR,Whole Foods,Shopping,Payment for bills & utilities,FALSE,6719894596,NTQJHUYX,9357015464,UJTSDRXD,10489.91,10935.95,1,
TXN00003788,CUST001254,Ava,Davis,Female,Singapore,Singapore,Singapore,Singapore,Singapore,Singapore,2024-09-30 17:57:54,Purchase,47.48,JPY,Whole Foods,Gas & Fuel,Payment for electronics,FALSE,6291516301,VQOAUUMM,9577256993,RJNOFUDJ,14836.12,14781.81,1,
TXN00001396,CUST005162,John,Lopez,Female,Shanghai,China,Shanghai,China,Shanghai,China,2024-04-02 16:12:09,Purchase,476.1,CHF,Marriott Hotels,Entertainment,Payment for food & dining,FALSE,2510367115,KWOAHISH,2528531762,WLAXQSTB,12060.89,12792.55,1,
TXN00000042,CUST008063,David,Brown,Female,Madrid,Spain,Madrid,Spain,Madrid,Spain,2024-05-28 02:50:07,Purchase,394.69,INR,Walmart,Food & Dining,Payment for shopping,FALSE,9346443690,LDLTKGVI,8903320335,EOTMENGU,7108.35,6551.15,1,
TXN00001657,CUST008355,Evelyn,Johnson,Female,Mexico City,Mexico,Mexico City,Mexico,Mexico City,Mexico,2025-04-04 10:49:17,Purchase,494.69,CNY,Walmart,Groceries,Payment for health & fitness,TRUE,2092283639,PJIKHCOP,6678356283,GXPOIITN,6082.12,6891.84,1,
TXN00004811,CUST000199,James,Smith,Female,Dubai,UAE,Dubai,UAE,Berlin,Germany,2024-11-07 21:38:51,Purchase,3787.07,USD,Shell Gas,Entertainment,Payment for entertainment,FALSE,8682060499,MSZKHALN,6686309208,UDKAHLBY,11315.63,10713.07,0,Velocity check failed
TXN00002457,CUST002801,Michael,Rodriguez,Female,Mexico City,Mexico,Mexico City,Mexico,Mexico City,Mexico,2025-07-10 10:23:17,Purchase,506.17,AUD,McDonalds,Gas & Fuel,Payment for groceries,FALSE,1685143634,DVZGKMNG,3647144540,NOHJGDLC,8960.73,9583.34,1,
TXN00002822,CUST003182,Evelyn,Smith,Male,São Paulo,Brazil,São Paulo,Brazil,São Paulo,Brazil,2024-07-12 10:52:01,Purchase,504.91,INR,Starbucks,Gas & Fuel,Payment for health & fitness,FALSE,9974476250,EEYFGFXK,1324648716,VCSVCXYT,13017.77,12654.7,1,
TXN00004232,CUST008456,Isabella,Johnson,Female,Toronto,Canada,Toronto,Canada,Toronto,Canada,2024-02-22 10:27:02,Transfer,16.82,INR,Amazon,Food & Dining,Payment for groceries,FALSE,3558469609,GZCUZELB,7435559069,XQFVCGMT,11846.74,11064.54,1,
TXN00003629,CUST006619,James,Williams,Female,Paris,France,Paris,France,Paris,France,2024-07-04 03:23:48,Purchase,254.38,INR,Amazon,Shopping,Payment for food & dining,FALSE,7283288634,CIWMURAF,9031045408,HCBJNBAL,7180.98,7140.61,1,
TXN00002459,CUST009102,Richard,Brown,Male,Toronto,Canada,Toronto,Canada,Toronto,Canada,2024-05-17 05:45:37,Transfer,20.54,AUD,Amazon,Groceries,Payment for electronics,FALSE,6469234236,KYKNJYTI,3149940366,VMUSGHYH,7510.94,7338.2,1,
TXN00003515,CUST004627,Thomas,Rodriguez,Female,Paris,France,Paris,France,Paris,France,2024-12-29 10:19:47,Transfer,52.11,CAD,Marriott Hotels,Groceries,Payment for home & garden,FALSE,6827970182,BXDHBARV,7182065639,FZIEIMQK,6720.49,7430.6,1,
TXN00003253,CUST009662,Ava,Thomas,Male,Mexico City,Mexico,Mexico City,Mexico,Mexico City,Mexico,2024-03-30 17:34:16,Purchase,33.13,CHF,Whole Foods,Groceries,Payment for shopping,FALSE,7223533830,XQEVHBGM,5177251122,LGWBRYRH,6546.95,6313.37,1,
TXN00001308,CUST000848,Amelia,Smith,Male,São Paulo,Brazil,São Paulo,Brazil,São Paulo,Brazil,2024-05-10 13:35:36,Transfer,503.11,JPY,Apple Store,Bills & Utilities,Payment for shopping,FALSE,3566685313,QNYYEJBF,6706760726,SVYZUJFF,10005.66,10668.86,1,
TXN00003221,CUST001727,Harper,Jackson,Male,New York,USA,New York,USA,New York,USA,2024-03-01 02:54:24,Purchase,33.12,CHF,Shell Gas,Shopping,Payment for travel,FALSE,2684360861,ITLXTSHL,8548239243,YWDMMXEJ,5180.98,5879.39,1,
TXN00004182,CUST009786,Ava,Miller,Male,Sydney,Australia,Sydney,Australia,Sydney,Australia,2024-04-07 05:10:18,Purchase,417.92,JPY,Delta Airlines,Entertainment,Payment for groceries,FALSE,7303629042,IJATNZBX,7789677620,KLTFPDLU,7838.5,8235.53,1,
TXN00002137,CUST000296,James,Lee,Male,Mumbai,India,Mumbai,India,Mumbai,India,2024-01-28 22:54:13,Purchase,163.24,INR,Marriott Hotels,Gas & Fuel,Payment for electronics,FALSE,7154532268,CTTOCQCN,9016317529,WLGPNTYP,15482.79,14870.37,1,
TXN00002390,CUST008434,Olivia,Davis,Female,Shanghai,China,Shanghai,China,Shanghai,China,2024-07-07 14:22:56,Purchase,108.51,INR,Apple Store,Home & Garden,Payment for electronics,TRUE,9742770048,NZRQMIOU,7401946823,IYLVFYAQ,9455.24,8621.61,1,
TXN00004972,CUST001187,Michael,Martin,Female,Madrid,Spain,Madrid,Spain,Madrid,Spain,2025-04-02 22:06:43,Purchase,1368.26,JPY,Netflix,Shopping,Payment for entertainment,FALSE,5713757500,KPSOFIRD,2807550017,DRKZWZEL,11710.36,10801.42,0,Account takeover suspected
TXN00002307,CUST006913,Robert,Lee,Male,Mexico City,Mexico,Mexico City,Mexico,Mexico City,Mexico,2025-08-30 08:00:48,Purchase,286.8,CAD,Uber,Travel,Payment for health & fitness,FALSE,6099048785,ZGUSIHIL,3219523781,LZZWDIYM,8136.79,8116.87,1,
TXN00002720,CUST004360,Joseph,Brown,Female,Madrid,Spain,Madrid,Spain,Madrid,Spain,2025-01-22 03:38:33,Purchase,44,EUR,Uber,Shopping,Payment for shopping,FALSE,3843739203,VONFXZXM,9002920395,JKKWCGKD,9379.83,8455.41,1,
TXN00002224,CUST005841,Thomas,Davis,Male,Berlin,Germany,Berlin,Germany,Berlin,Germany,2024-04-06 02:02:30,Purchase,216.67,CHF,McDonalds,Entertainment,Payment for electronics,FALSE,6004134821,DJVOVMWO,3678743736,XKTENJBE,10279.31,10564.68,1,
TXN00000899,CUST009217,Evelyn,Garcia,Female,Tokyo,Japan,Tokyo,Japan,Tokyo,Japan,2025-07-12 13:05:30,Purchase,421.24,INR,Apple Store,Travel,Payment for health & fitness,FALSE,5547418841,LEYBYMBW,9731782546,JEHINEMZ,11475.68,10822.67,1,
TXN00002023,CUST002705,Isabella,Martinez,Female,Madrid,Spain,Madrid,Spain,Madrid,Spain,2024-01-22 10:47:43,Purchase,508.67,EUR,Amazon,Health & Fitness,Payment for gas & fuel,FALSE,1091834790,EQJOSXMW,2574702975,WUEPUTKB,7382.45,6812.89,1,
TXN00004862,CUST005238,David,Martinez,Female,Shanghai,China,Shanghai,China,Shanghai,China,2024-04-12 17:45:34,Purchase,3118.83,AUD,Uber,Health & Fitness,Payment for food & dining,FALSE,3994421627,GBXATYDA,6007976705,PJIKTVZM,11357.16,11210.19,0,Account takeover suspected
TXN00001753,CUST001374,Amelia,Davis,Male,São Paulo,Brazil,São Paulo,Brazil,São Paulo,Brazil,2024-06-12 17:15:54,Purchase,427.78,AUD,Marriott Hotels,Electronics,Payment for food & dining,TRUE,9902665213,PSZBLREY,9833794372,OQIEUMTQ,13673.87,13685.03,1,
TXN00002728,CUST002310,James,Brown,Female,Mumbai,India,Mumbai,India,Mumbai,India,2024-05-30 19:39:42,Purchase,34.39,EUR,Shell Gas,Gas & Fuel,Payment for health & fitness,FALSE,1214562311,SLXHHRBX,1255911621,CIQJKDDR,11244.9,11338.61,1,
TXN00001931,CUST003552,Sophia,Anderson,Female,Mexico City,Mexico,Mexico City,Mexico,Mexico City,Mexico,2024-01-11 15:10:08,Purchase,68.7,JPY,Walmart,Home & Garden,Payment for groceries,FALSE,6484873475,RJNHCYIZ,5743262606,EXKMIYJE,11104.72,10636.23,1,
TXN00002184,CUST005389,Amelia,Williams,Female,Sydney,Australia,Sydney,Australia,Sydney,Australia,2024-09-17 10:50:32,Purchase,223.29,JPY,Delta Airlines,Shopping,Payment for travel,FALSE,8721728967,LTYTANOF,5019417667,IWPDPCKU,9357.9,10342.34,1,
TXN00004388,CUST007701,David,Garcia,Female,Toronto,Canada,Toronto,Canada,Toronto,Canada,2025-05-05 13:19:00,Purchase,346.51,CHF,Best Buy,Entertainment,Payment for bills & utilities,FALSE,4585389697,SYXHFMLD,1307617468,EPKIBITA,9645.64,9617.18,1,
TXN00002703,CUST007350,Emma,Lopez,Female,Rome,Italy,Rome,Italy,Rome,Italy,2025-01-21 17:37:20,Purchase,144.67,JPY,Shell Gas,Health & Fitness,Payment for entertainment,FALSE,6745437618,PFJNHHPQ,6228501497,TCZRKHVP,7887.68,7319.01,1,
TXN00003379,CUST004686,John,Miller,Male,Paris,France,Paris,France,Paris,France,2025-05-25 20:51:44,Transfer,266.42,CNY,Target,Food & Dining,Payment for home & garden,FALSE,9946387431,VQQDERUD,4571444501,SBDIMCLK,9982.77,9899.5,1,
TXN00004312,CUST006079,Joseph,Martinez,Female,Mumbai,India,Mumbai,India,Mumbai,India,2024-05-10 04:51:48,Purchase,148.98,CAD,Target,Travel,Payment for shopping,FALSE,1946507667,XTGAFWRY,8195090684,EUKOLZGN,7388.63,7431.56,1,
TXN00000157,CUST007804,Mia,Anderson,Female,Mexico City,Mexico,Mexico City,Mexico,Mexico City,Mexico,2025-04-22 16:04:40,Purchase,177.84,CAD,Apple Store,Home & Garden,Payment for gas & fuel,FALSE,5361815546,XKMXZGXC,1209632828,QHPQHQBS,13028.45,12344.16,1,
TXN00001286,CUST009097,Evelyn,Miller,Female,Shanghai,China,Shanghai,China,Shanghai,China,2024-01-09 01:26:37,Purchase,470.57,USD,Best Buy,Bills & Utilities,Payment for health & fitness,TRUE,1212086735,UFDIVGWO,1028672225,ITSWUSTE,15470.16,14957.11,1,
TXN00002604,CUST004522,Michael,Wilson,Female,Mexico City,Mexico,Mexico City,Mexico,Mexico City,Mexico,2024-10-14 13:55:37,Purchase,390.49,USD,Shell Gas,Health & Fitness,Payment for home & garden,FALSE,6681972399,FXYOBFFK,6510483385,BCQPCDXC,12458.26,13075.62,1,
TXN00004598,CUST000944,Olivia,Williams,Female,Sydney,Australia,Sydney,Australia,Sydney,Australia,2025-07-12 00:57:04,Transfer,173.28,GBP,Home Depot,Electronics,Payment for entertainment,FALSE,3497682477,HMKIFSSU,3081780713,GAFVYCAK,7481.02,7442.47,1,
TXN00000460,CUST002811,Richard,Martinez,Female,São Paulo,Brazil,São Paulo,Brazil,São Paulo,Brazil,2024-10-24 23:59:22,Transfer,11.67,JPY,Shell Gas,Home & Garden,Payment for electronics,FALSE,4126888012,GFBHFSFQ,6666339500,PDGUEXMD,8252.67,7458.69,1,
TXN00001275,CUST002388,Richard,Lopez,Male,São Paulo,Brazil,São Paulo,Brazil,São Paulo,Brazil,2024-04-19 15:02:45,Purchase,297.29,JPY,Marriott Hotels,Health & Fitness,Payment for shopping,FALSE,8743234663,PKHKFIVC,2707940543,YLLEWDQD,12667.52,12709.12,1,
TXN00004691,CUST004874,Charlotte,Taylor,Male,Madrid,Spain,Madrid,Spain,Madrid,Spain,2024-08-19 08:22:13,Transfer,377.41,GBP,Best Buy,Home & Garden,Payment for bills & utilities,FALSE,9863676977,YATFJOPO,5841246255,PBBMEPQE,6764.01,6575.37,1,
TXN00004851,CUST002236,William,Brown,Male,Shanghai,China,Shanghai,China,São Paulo,Brazil,2025-04-06 00:00:44,Purchase,3764.97,INR,Starbucks,Travel,Payment for gas & fuel,FALSE,2583329942,DWJZBZPG,6365242260,SSPHAOEZ,13532.66,14380.27,0,Multiple transactions in short time
TXN00000091,CUST002340,James,Wilson,Male,Madrid,Spain,Madrid,Spain,Madrid,Spain,2025-07-09 06:13:08,Transfer,279.77,CAD,Apple Store,Home & Garden,Payment for travel,FALSE,2528799083,BQPOFZYJ,2221426010,IVJIJNWZ,14759.08,13940.23,1,
TXN00003546,CUST000277,Richard,Williams,Male,Tokyo,Japan,Tokyo,Japan,Tokyo,Japan,2025-06-07 07:41:19,Transfer,55.27,EUR,Netflix,Health & Fitness,Payment for bills & utilities,FALSE,2100255734,AFHKIWKX,9055756660,VQYZMJDI,7682.4,8243.05,1,
TXN00003722,CUST009182,Sophia,Martin,Male,Mumbai,India,Mumbai,India,Mumbai,India,2024-06-26 18:14:14,Transfer,20.63,JPY,Whole Foods,Entertainment,Payment for entertainment,FALSE,9435223135,YLHPPXXH,6512486957,GQEAVWCD,8898.01,8571.81,1,
TXN00004537,CUST004532,Richard,Hernandez,Male,Rome,Italy,Rome,Italy,Rome,Italy,2024-07-13 02:28:58,Transfer,170.44,CHF,Home Depot,Health & Fitness,Payment for bills & utilities,FALSE,6926429396,HAHFVBRO,6627603363,YPRGATVC,11646.53,12452.59,1,
TXN00002904,CUST002746,Sophia,Jackson,Female,Sydney,Australia,Sydney,Australia,Sydney,Australia,2024-12-30 02:51:12,Purchase,260.4,INR,Netflix,Bills & Utilities,Payment for entertainment,FALSE,7627214946,QNWZDQFC,3020743106,LSHCFUHR,8085.99,8351.41,1,
TXN00001749,CUST006064,John,Anderson,Male,Sydney,Australia,Sydney,Australia,Sydney,Australia,2024-04-17 01:39:06,Transfer,505.89,CNY,Airbnb,Entertainment,Payment for groceries,TRUE,4031283050,LOEQUUDK,6809295560,JYPXLUFN,10889.05,11577.63,1,
TXN00003500,CUST005173,Evelyn,Thomas,Male,Sydney,Australia,Sydney,Australia,Sydney,Australia,2024-01-24 13:27:55,Purchase,302.62,AUD,Netflix,Food & Dining,Payment for bills & utilities,FALSE,5331866720,CQCDDWRC,3285661550,EOWGBTWR,14494.33,13671.77,1,
TXN00001826,CUST007713,Evelyn,Martin,Female,New York,USA,New York,USA,New York,USA,2025-09-03 02:00:34,Transfer,461.43,USD,Home Depot,Bills & Utilities,Payment for groceries,FALSE,2587179326,PYUDXWHL,5882863579,YCXRBAAH,12918.93,12167.01,1,
TXN00003666,CUST009799,Thomas,Johnson,Female,Dubai,UAE,Dubai,UAE,Dubai,UAE,2025-02-06 10:58:59,Purchase,464.08,JPY,Marriott Hotels,Entertainment,Payment for electronics,TRUE,1684764591,WIRMEKTG,6432371662,EFQJYBSF,10093.95,10995.85,1,
TXN00003121,CUST004079,Charlotte,Johnson,Female,Sydney,Australia,Sydney,Australia,Sydney,Australia,2024-01-20 01:20:45,Transfer,162,CHF,Home Depot,Travel,Payment for food & dining,FALSE,6156828766,NAVILYOV,5267082493,FZVDAEJA,11378.3,11771.82,1,
TXN00000863,CUST004752,Emma,Garcia,Female,Rome,Italy,Rome,Italy,Rome,Italy,2025-04-07 06:24:01,Purchase,129.72,CNY,Apple Store,Travel,Payment for health & fitness,FALSE,6613932392,DADXYQEO,3738347557,PUWCQMXC,5730.11,5575.59,1,
TXN00003120,CUST001303,Mia,Lee,Male,Berlin,Germany,Berlin,Germany,Berlin,Germany,2024-08-29 23:11:54,Purchase,140.05,EUR,Walmart,Bills & Utilities,Payment for electronics,FALSE,2836633348,ZDBOBGJF,2003196027,KRKVEQPZ,14417.64,14618.32,1,
TXN00004481,CUST005449,Mia,Williams,Male,Mumbai,India,Mumbai,India,Mumbai,India,2025-09-05 20:37:54,Purchase,284.19,AUD,McDonalds,Food & Dining,Payment for food & dining,FALSE,6780959129,BMITWSJW,3448078743,ZZROOHLO,4958.96,5634.5,1,
TXN00001503,CUST007951,John,Garcia,Male,Mumbai,India,Mumbai,India,Mumbai,India,2025-09-15 10:53:17,Purchase,224.98,CNY,Home Depot,Food & Dining,Payment for groceries,FALSE,8097314713,QHRWMBCY,7731450133,VHHCRNWC,11949.6,12414.72,1,
TXN00000251,CUST005159,Mia,Garcia,Male,Paris,France,Paris,France,Paris,France,2024-10-31 16:46:20,Purchase,265.14,CHF,Airbnb,Groceries,Payment for home & garden,FALSE,2715873523,YNZJVPGB,4673001166,GVACJOEY,7889.23,7216.9,1,
TXN00002952,CUST005105,Daniel,Davis,Male,Tokyo,Japan,Tokyo,Japan,Tokyo,Japan,2025-06-08 06:39:20,Transfer,133.94,CNY,Shell Gas,Bills & Utilities,Payment for travel,FALSE,2453117444,BGVWTNDN,9290880060,KFLXDIIJ,12061.86,11088.81,1,
TXN00001273,CUST005725,Isabella,Thomas,Male,Mexico City,Mexico,Mexico City,Mexico,Mexico City,Mexico,2025-03-09 07:58:40,Purchase,62.12,INR,Shell Gas,Gas & Fuel,Payment for gas & fuel,FALSE,8901998869,IIPJDPAT,3060543273,CZSSZDSX,7329.7,6914.68,1,
TXN00004414,CUST008931,Isabella,Miller,Male,Berlin,Germany,Berlin,Germany,Berlin,Germany,2025-06-02 00:06:03,Purchase,191.34,GBP,Airbnb,Travel,Payment for entertainment,FALSE,2551424615,HNJMFVRY,1245691772,VGDMYAXS,9289.69,9515.59,1,
TXN00003598,CUST008472,Sophia,Garcia,Female,Shanghai,China,Shanghai,China,Shanghai,China,2025-04-19 07:50:01,Purchase,344.96,AUD,Best Buy,Health & Fitness,Payment for gas & fuel,FALSE,3170150121,KVQYKTPP,1782612918,NRVLKLDD,6060.92,5992.25,1,
TXN00004477,CUST001255,Richard,Davis,Female,São Paulo,Brazil,São Paulo,Brazil,São Paulo,Brazil,2025-04-13 10:11:36,Transfer,189.05,CNY,Delta Airlines,Bills & Utilities,Payment for shopping,FALSE,9488827518,HTJKICYQ,3414834707,BOIQXABA,13511.51,13650.04,1,
TXN00000299,CUST003886,Harper,Hernandez,Male,Toronto,Canada,Toronto,Canada,Toronto,Canada,2024-02-24 02:21:54,Transfer,109.5,EUR,Uber,Health & Fitness,Payment for electronics,FALSE,2812979810,HWBHDQRB,5156476422,ZXSMEDGA,11525.71,11262.9,1,
TXN00001169,CUST008379,Michael,Smith,Male,Toronto,Canada,Toronto,Canada,Toronto,Canada,2025-10-01 07:13:11,Purchase,230.39,CAD,Home Depot,Shopping,Payment for health & fitness,TRUE,9362741259,UFWSWHKN,9539944389,PVEUJCWN,5525.88,5470.69,1,
TXN00002761,CUST002762,Mia,Taylor,Female,Paris,France,Paris,France,Paris,France,2025-09-24 17:52:53,Purchase,363.08,GBP,McDonalds,Electronics,Payment for gas & fuel,TRUE,7050968266,GUEZVGBL,7227746891,GEDKQMZW,9576.58,9099.77,1,
TXN00000879,CUST004677,Thomas,Lopez,Female,Toronto,Canada,Toronto,Canada,Toronto,Canada,2024-10-12 21:18:16,Purchase,428.84,CAD,Starbucks,Bills & Utilities,Payment for home & garden,FALSE,3045856098,LJUFHMOB,5968328810,TVMBBDPK,5551.37,6483.85,1,
TXN00003190,CUST005898,Amelia,Rodriguez,Female,Mexico City,Mexico,Mexico City,Mexico,Mexico City,Mexico,2025-06-13 07:30:04,Purchase,30.07,GBP,Shell Gas,Electronics,Payment for electronics,FALSE,8433510923,JCWYXTKE,7522201016,XRBGBBLU,15395.7,14992,1,
TXN00004884,CUST006840,John,Jones,Male,Dubai,UAE,São Paulo,Brazil,Dubai,UAE,2025-05-07 22:48:57,Purchase,3887.48,USD,Netflix,Home & Garden,Payment for entertainment,FALSE,9903842777,EVGJPDKJ,4122945731,ZBDPEORG,10589.12,11090.02,0,Unusual location pattern
TXN00004997,CUST009982,Thomas,Rodriguez,Male,London,UK,Paris,France,Sydney,Australia,2025-09-22 08:34:38,Transfer,2957.83,JPY,Apple Store,Home & Garden,Payment for shopping,FALSE,4266086773,VSDAOAQC,8200260804,MTUUNQUC,11059.42,10297.63,0,Multiple transactions in short time
TXN00001141,CUST001822,Evelyn,Hernandez,Male,Dubai,UAE,Dubai,UAE,Dubai,UAE,2024-02-08 12:39:36,Transfer,107.57,EUR,Best Buy,Shopping,Payment for entertainment,FALSE,5199304285,RTIPEDNL,8741010960,RYWROCIH,9379.09,8854.16,1,
TXN00000374,CUST005909,James,Lee,Male,Rome,Italy,Rome,Italy,Rome,Italy,2024-07-06 13:50:55,Transfer,410.28,AUD,Target,Home & Garden,Payment for travel,FALSE,2682340698,YDWZHRLU,2748660352,LNYYUYCL,7898.95,8153.45,1,
TXN00003959,CUST006766,Joseph,Johnson,Female,Berlin,Germany,Berlin,Germany,Berlin,Germany,2024-07-04 00:58:12,Purchase,70.31,CHF,Uber,Gas & Fuel,Payment for bills & utilities,FALSE,8841307127,KNKJELBS,9648046212,GSIVZWBZ,12746.75,13013.98,1,
TXN00004960,CUST008730,Daniel,Lee,Female,Rome,Italy,Sydney,Australia,Rome,Italy,2024-09-13 11:25:33,Purchase,4962.5,EUR,Starbucks,Electronics,Payment for food & dining,FALSE,8311121995,QGYWHVJK,8243721475,LQXEVJWK,6924.34,7438.27,0,Multiple transactions in short time
TXN00000246,CUST002805,John,Smith,Male,Shanghai,China,Shanghai,China,Shanghai,China,2024-08-18 20:30:43,Purchase,59.54,AUD,Apple Store,Electronics,Payment for groceries,FALSE,6431307502,ETAYYQNR,8928418663,FOBKIJIJ,7570.68,6613.39,1,
TXN00001330,CUST004691,Richard,Martin,Male,London,UK,London,UK,London,UK,2024-06-20 14:51:19,Transfer,96.08,CAD,Uber,Electronics,Payment for health & fitness,FALSE,7491252976,ZBLNSNXP,3233920983,ZJGIQHRQ,6231.11,7207.78,1,
TXN00004915,CUST004252,Robert,Moore,Male,London,UK,London,UK,Mumbai,India,2024-03-02 14:49:52,Transfer,1198.09,AUD,Airbnb,Home & Garden,Payment for entertainment,FALSE,8307883358,CVNFAGVG,5554933858,RDNRPVSC,6814.68,6535.2,0,Account takeover suspected
TXN00002576,CUST003116,James,Jackson,Female,Shanghai,China,Shanghai,China,Shanghai,China,2025-02-02 21:51:35,Purchase,348.96,CNY,Shell Gas,Shopping,Payment for bills & utilities,FALSE,7475771640,XUEOTIZP,2698905126,FEGDGUFC,6982.82,6998.22,1,
TXN00004260,CUST009328,Mia,Jones,Female,São Paulo,Brazil,São Paulo,Brazil,São Paulo,Brazil,2024-09-08 04:00:37,Transfer,452.31,CHF,Uber,Travel,Payment for electronics,TRUE,3174335441,BYLTQIBL,4399090535,KWTAEJCY,10089.81,10752.71,1,
TXN00003189,CUST005625,Ava,Lee,Female,Berlin,Germany,Berlin,Germany,Berlin,Germany,2025-02-20 15:32:33,Purchase,399.18,AUD,Marriott Hotels,Health & Fitness,Payment for home & garden,FALSE,4013353163,YLADOTXU,5617981434,FFFYSHJV,12008.86,11251.46,1,
TXN00001571,CUST005964,Olivia,Williams,Male,Dubai,UAE,Dubai,UAE,Dubai,UAE,2025-08-13 17:29:28,Purchase,45.06,JPY,Apple Store,Bills & Utilities,Payment for shopping,FALSE,6464177836,VKGJETLY,4027534497,RLPTFNSX,6618.37,7410.08,1,
TXN00001898,CUST009468,Michael,Williams,Male,Dubai,UAE,Dubai,UAE,Dubai,UAE,2024-06-25 13:04:56,Purchase,296.22,CNY,Target,Health & Fitness,Payment for travel,FALSE,5665075616,KLYLYNNG,4242433303,JBNSCXNR,12065.1,12553.32,1,
TXN00002877,CUST005429,William,Martin,Male,São Paulo,Brazil,São Paulo,Brazil,São Paulo,Brazil,2024-07-09 19:08:44,Purchase,325.27,USD,Home Depot,Food & Dining,Payment for entertainment,FALSE,2328410128,VIMMETVX,7877537876,XAMRCDYM,10465.58,11247.64,1,
TXN00000452,CUST009718,Ava,Taylor,Female,Mumbai,India,Mumbai,India,Mumbai,India,2024-11-17 16:01:22,Purchase,475.11,CAD,Amazon,Gas & Fuel,Payment for bills & utilities,TRUE,5072907801,SRDYHYHY,9842198528,JUUQOPTL,9777.68,9189.9,1,
TXN00000230,CUST007755,David,Lopez,Female,Paris,France,Paris,France,Paris,France,2025-04-07 18:03:56,Purchase,71.37,EUR,Delta Airlines,Groceries,Payment for health & fitness,FALSE,4942084592,MNVEWGJZ,5652028830,ILMMPALT,12347.28,12075.26,1,
TXN00003648,CUST000720,William,Miller,Female,Madrid,Spain,Madrid,Spain,Madrid,Spain,2024-11-19 20:13:51,Purchase,405.75,CAD,McDonalds,Electronics,Payment for health & fitness,FALSE,2613754580,QMWYHGOE,7634257320,WRHRSWOB,14488.39,14433.69,1,
TXN00001901,CUST001623,James,Williams,Male,São Paulo,Brazil,São Paulo,Brazil,São Paulo,Brazil,2024-02-02 18:29:34,Purchase,92.77,CNY,Home Depot,Shopping,Payment for travel,FALSE,7991827615,BSOLWWEX,8624305832,MORTYOGL,11844.57,11155.83,1,
TXN00001059,CUST001467,David,Wilson,Female,Toronto,Canada,Toronto,Canada,Toronto,Canada,2025-09-22 21:43:19,Purchase,223.06,INR,Delta Airlines,Electronics,Payment for travel,FALSE,1977037314,FSCMVVLS,9315998508,QOSFIBYN,11544.26,12479.5,1,
TXN00003353,CUST000343,Olivia,Smith,Male,Shanghai,China,Shanghai,China,Shanghai,China,2025-06-07 13:11:11,Purchase,372.22,JPY,Uber,Health & Fitness,Payment for groceries,FALSE,1894330974,USGNLECB,5814566800,LHQQKVHB,11890.26,11838.49,1,
TXN00002525,CUST003511,Emma,Lopez,Male,Mumbai,India,Mumbai,India,Mumbai,India,2025-04-10 16:05:54,Purchase,302.54,JPY,Starbucks,Gas & Fuel,Payment for electronics,TRUE,7747754486,HRBKVBEW,6948499459,ONQCEAAS,6505.37,7435.63,1,
TXN00003118,CUST005609,Olivia,Martin,Female,Mexico City,Mexico,Mexico City,Mexico,Mexico City,Mexico,2024-12-27 02:38:37,Purchase,265.43,INR,Whole Foods,Electronics,Payment for entertainment,FALSE,4587246852,AODSOWBW,9148163877,SLJYFCVD,12357.12,12785.56,1,
TXN00003287,CUST005371,Evelyn,Martinez,Female,Mexico City,Mexico,Mexico City,Mexico,Mexico City,Mexico,2025-07-02 02:21:44,Purchase,304.08,CNY,Starbucks,Home & Garden,Payment for electronics,FALSE,3726597253,DHETCZDJ,6279132266,BTDBHFUF,9476.24,9769.26,1,
TXN00001770,CUST004634,John,Johnson,Female,New York,USA,New York,USA,New York,USA,2024-09-25 20:51:59,Purchase,488.49,GBP,Home Depot,Health & Fitness,Payment for gas & fuel,FALSE,2482104799,GIQYACWJ,5134402892,AZOCICYI,13816.68,12923.44,1,
TXN00004591,CUST003616,Isabella,Moore,Male,New York,USA,New York,USA,New York,USA,2025-06-14 03:04:29,Purchase,131.19,CNY,Target,Gas & Fuel,Payment for gas & fuel,TRUE,5627585250,PNFSUNCM,6845643637,FKNJGIMJ,7991.27,8797.83,1,
TXN00001697,CUST009863,David,Martin,Male,São Paulo,Brazil,São Paulo,Brazil,São Paulo,Brazil,2025-02-26 05:19:18,Purchase,234.52,CHF,Amazon,Groceries,Payment for home & garden,FALSE,9567290423,URZIZSNR,3446860635,ATCKSSMO,14642.32,14327.85,1,
TXN00000970,CUST004897,Michael,Jackson,Female,New York,USA,New York,USA,New York,USA,2025-07-16 20:30:26,Purchase,121.93,CNY,Amazon,Home & Garden,Payment for groceries,FALSE,5739359208,IJIDTXWK,2404126295,TNICNBKP,8361.66,7833.2,1,
TXN00000794,CUST001372,Thomas,Smith,Male,São Paulo,Brazil,São Paulo,Brazil,São Paulo,Brazil,2025-07-08 16:22:44,Purchase,236.35,AUD,McDonalds,Groceries,Payment for home & garden,TRUE,1346064061,FJOCTLNM,1960766100,NCCGTQUQ,12179.99,11877.02,1,
TXN00001077,CUST007462,James,Hernandez,Female,Toronto,Canada,Toronto,Canada,Toronto,Canada,2025-08-22 08:26:37,Purchase,64.69,CHF,Shell Gas,Shopping,Payment for food & dining,FALSE,3362091029,NUNAQBJV,4319877205,IZRGWIYC,13396.13,14274.98,1,
TXN00003268,CUST001369,John,Moore,Female,Sydney,Australia,Sydney,Australia,Sydney,Australia,2025-05-27 21:35:39,Transfer,467.06,CNY,McDonalds,Gas & Fuel,Payment for bills & utilities,FALSE,5601855061,ABERXPAZ,1308278018,HNTOHQVK,13791.65,14490.78,1,
TXN00002916,CUST005298,David,Anderson,Male,Tokyo,Japan,Tokyo,Japan,Tokyo,Japan,2024-11-05 22:40:38,Purchase,228.63,CNY,Uber,Bills & Utilities,Payment for gas & fuel,FALSE,5238010743,SSCEFGQB,3677019355,ERUGGSSC,14323.03,13528.33,1,
TXN00002480,CUST002490,Isabella,Williams,Female,London,UK,London,UK,London,UK,2024-12-25 14:55:27,Transfer,462.77,GBP,Home Depot,Electronics,Payment for gas & fuel,FALSE,1783323490,ZRNMRQRL,5145838667,VNKVKFYA,6654.71,7166.27,1,
TXN00002997,CUST002335,David,Lee,Female,Paris,France,Paris,France,Paris,France,2025-08-18 15:16:29,Transfer,429.63,INR,Apple Store,Electronics,Payment for home & garden,TRUE,1069565809,HTMJXPZV,5908903439,TZMKSYKI,8805.99,8899.54,1,
TXN00003089,CUST009412,Emma,Jackson,Female,Mumbai,India,Mumbai,India,Mumbai,India,2024-03-01 17:45:37,Transfer,487.33,CAD,Starbucks,Shopping,Payment for gas & fuel,FALSE,4052702558,ODEUBAYT,4455329254,PRELHQXH,10525.34,10877.15,1,
TXN00003569,CUST008245,Charlotte,Lee,Female,London,UK,London,UK,London,UK,2025-08-28 02:17:14,Purchase,130.73,USD,Delta Airlines,Entertainment,Payment for health & fitness,FALSE,6867955886,JUCIMXZY,2131231482,IQFIVICZ,6941.59,6582.77,1,
TXN00002774,CUST004591,Olivia,Jones,Female,Toronto,Canada,Toronto,Canada,Toronto,Canada,2024-03-30 02:14:18,Transfer,408.31,JPY,Best Buy,Health & Fitness,Payment for health & fitness,TRUE,3678184016,SXICWBYF,9771257160,NQOLOGAN,6063.95,6845.18,1,
TXN00004171,CUST004404,Daniel,Lopez,Female,Sydney,Australia,Sydney,Australia,Sydney,Australia,2024-08-25 13:15:07,Purchase,373.54,EUR,Netflix,Groceries,Payment for home & garden,FALSE,2175626853,JUTYNEET,9679762913,SLCYZZTJ,9609.89,8742.75,1,
TXN00002043,CUST000281,James,Garcia,Male,Singapore,Singapore,Singapore,Singapore,Singapore,Singapore,2025-05-05 03:03:27,Transfer,38.49,JPY,Starbucks,Gas & Fuel,Payment for gas & fuel,FALSE,6596467602,ZCDTWPHZ,3777294347,HWHOROUC,7510.66,8057.61,1,
TXN00002882,CUST000919,Harper,Johnson,Female,New York,USA,New York,USA,New York,USA,2025-03-11 21:46:09,Purchase,465.69,INR,Walmart,Electronics,Payment for groceries,FALSE,2230204345,VMFHRVVG,3959243010,QLWPSBYE,10845.94,10194.55,1,
TXN00002225,CUST000249,John,Thomas,Female,London,UK,London,UK,London,UK,2024-05-27 05:18:51,Transfer,83.95,GBP,Starbucks,Health & Fitness,Payment for travel,FALSE,9353145794,MEIOIOAR,5803072619,QWHZGWDL,8765.37,8757.85,1,
TXN00002959,CUST007285,Daniel,Miller,Female,Sydney,Australia,Sydney,Australia,Sydney,Australia,2024-12-31 10:00:51,Purchase,204.44,EUR,Amazon,Electronics,Payment for travel,FALSE,3237945362,FMXGAZKO,2440340657,RFOZBTIX,6507.43,6233.27,1,
TXN00000276,CUST000443,Daniel,Davis,Male,Madrid,Spain,Madrid,Spain,Madrid,Spain,2024-05-02 07:31:27,Purchase,70.58,GBP,Delta Airlines,Health & Fitness,Payment for shopping,FALSE,3212353876,QHOSOQON,2742967159,UNAWMVTL,10652.64,10227.05,1,
TXN00002929,CUST003966,Daniel,Lee,Female,Shanghai,China,Shanghai,China,Shanghai,China,2024-11-20 18:19:45,Purchase,265.08,AUD,Target,Electronics,Payment for shopping,FALSE,5203210139,IHXKQNZG,3056398095,UFGFQQZI,6172.04,5937.54,1,
TXN00004370,CUST008683,David,Moore,Female,Mexico City,Mexico,Mexico City,Mexico,Mexico City,Mexico,2024-09-12 05:59:36,Purchase,348.75,CAD,Starbucks,Shopping,Payment for groceries,FALSE,3900759581,PWOTIOCC,7529422366,FUIZVGVT,5513.81,6235.44,1,
TXN00001264,CUST004270,Thomas,Jones,Male,São Paulo,Brazil,São Paulo,Brazil,São Paulo,Brazil,2025-05-04 07:40:30,Purchase,243.01,GBP,Amazon,Food & Dining,Payment for health & fitness,FALSE,9643913706,SZQYCTIS,5061120427,LKBGPECM,10458.4,10749.02,1,
TXN00003213,CUST002518,Emma,Thomas,Female,New York,USA,New York,USA,New York,USA,2024-10-24 08:27:01,Purchase,419.6,CAD,Amazon,Electronics,Payment for home & garden,FALSE,6550700370,XPIWXNXM,2883897408,SRVGTDWI,8927.92,8040.77,1,
TXN00001842,CUST004414,Michael,Moore,Female,Berlin,Germany,Berlin,Germany,Berlin,Germany,2024-03-16 18:21:34,Transfer,385.51,USD,Amazon,Food & Dining,Payment for health & fitness,FALSE,8993813583,RLAXGZTY,5446397873,MFDJJROT,5622.23,6078.81,1,
TXN00002460,CUST002804,Sophia,Davis,Female,Berlin,Germany,Berlin,Germany,Berlin,Germany,2024-03-27 00:02:58,Purchase,149.31,JPY,Walmart,Groceries,Payment for groceries,FALSE,7271829774,GJHZASIR,7766236110,KNJMTYKS,13194.09,12677.43,1,
TXN00004612,CUST006164,James,Brown,Male,Singapore,Singapore,Singapore,Singapore,Singapore,Singapore,2025-09-24 14:37:01,Transfer,436.22,USD,Netflix,Electronics,Payment for home & garden,FALSE,1534967214,ROCQFOYX,4059676564,DDYAZHFJ,5624.22,5881.51,1,
TXN00000962,CUST009036,Thomas,Garcia,Male,New York,USA,New York,USA,New York,USA,2025-03-17 15:46:19,Purchase,201.77,AUD,Amazon,Groceries,Payment for shopping,FALSE,2009424938,CZFIYWJO,4762166724,RAJCFNRE,13402.97,14329.76,1,
TXN00001827,CUST009971,Emma,Johnson,Male,London,UK,London,UK,London,UK,2024-04-12 20:06:23,Purchase,57.38,CHF,Whole Foods,Home & Garden,Payment for home & garden,FALSE,8869096105,RBSNBEBG,5854562328,ZGHQRXBU,11995.07,12082.45,1,
TXN00004349,CUST004932,Olivia,Martinez,Female,Tokyo,Japan,Tokyo,Japan,Tokyo,Japan,2024-01-01 13:52:16,Purchase,397.37,EUR,Marriott Hotels,Travel,Payment for shopping,FALSE,7129180280,CIEXBPCN,1700761981,HAUDEHEO,10294.56,11126.96,1,
TXN00001869,CUST003683,Robert,Brown,Male,Sydney,Australia,Sydney,Australia,Sydney,Australia,2025-07-24 13:26:31,Purchase,191.51,CHF,Uber,Entertainment,Payment for groceries,FALSE,9480900786,YTBBIGXU,4509976539,VZMUYISK,10565.25,9854.18,1,
TXN00002321,CUST000748,Olivia,Garcia,Female,Singapore,Singapore,Singapore,Singapore,Singapore,Singapore,2025-06-15 04:18:32,Transfer,241.78,INR,Netflix,Gas & Fuel,Payment for gas & fuel,FALSE,1545609587,VKOZASCO,3121480046,AAWCSIXO,10011.74,9866.16,1,
TXN00003814,CUST001800,Joseph,Brown,Male,New York,USA,New York,USA,New York,USA,2025-09-29 14:49:18,Transfer,459.27,EUR,Home Depot,Shopping,Payment for travel,FALSE,4036200733,DWLCNASZ,7766367411,OUVWHYFV,6999.5,6331.33,1,
TXN00002799,CUST005397,Emma,Wilson,Male,Mumbai,India,Mumbai,India,Mumbai,India,2025-02-11 15:37:31,Purchase,278.74,EUR,Starbucks,Groceries,Payment for groceries,FALSE,5138647081,EGKURZPQ,1524519073,OVQZINVN,13216.8,13465.4,1,
TXN00004234,CUST009097,Michael,Lee,Female,Shanghai,China,Shanghai,China,Shanghai,China,2024-04-10 03:45:04,Transfer,62,CHF,Starbucks,Electronics,Payment for health & fitness,FALSE,1070140354,AKBYJMGT,8816597746,WBKJXLRY,9816.07,10582.55,1,
TXN00002336,CUST009509,Charlotte,Rodriguez,Male,Mexico City,Mexico,Mexico City,Mexico,Mexico City,Mexico,2024-12-06 23:58:59,Transfer,422.34,GBP,Amazon,Shopping,Payment for food & dining,FALSE,7550831322,DUCBXZET,1641522146,UCDEEOOC,12881.79,13284.23,1,
TXN00002159,CUST003722,Charlotte,Johnson,Male,Paris,France,Paris,France,Paris,France,2024-12-05 01:10:37,Transfer,445.51,INR,Apple Store,Food & Dining,Payment for home & garden,FALSE,2088435821,BLBHNMBY,6224872809,QAIMTRXV,6418.5,5523.3,1,
TXN00003902,CUST005231,William,Davis,Male,Mexico City,Mexico,Mexico City,Mexico,Mexico City,Mexico,2024-05-04 23:52:08,Transfer,124.34,USD,Apple Store,Shopping,Payment for health & fitness,FALSE,1417718472,CAWERYDT,3726488698,TUZPQUJP,13814.22,13025.75,1,
TXN00003100,CUST007696,Sophia,Rodriguez,Male,Tokyo,Japan,Tokyo,Japan,Tokyo,Japan,2024-12-21 09:33:15,Purchase,467.26,GBP,Netflix,Travel,Payment for travel,FALSE,6275998309,WAIVXYRP,3575988691,XIKXMHIB,8956.52,9373.25,1,
TXN00003929,CUST005496,William,Smith,Male,Shanghai,China,Shanghai,China,Shanghai,China,2024-10-17 15:16:28,Purchase,440.23,AUD,Starbucks,Electronics,Payment for electronics,FALSE,9110491364,TGMSAAJX,8476171959,QAQXHWPO,12141.71,11677.39,1,
TXN00001028,CUST007882,Robert,Lee,Male,Mumbai,India,Mumbai,India,Mumbai,India,2025-07-14 18:29:41,Transfer,54.31,AUD,Starbucks,Entertainment,Payment for entertainment,TRUE,5772037082,WYAPLWAQ,5449212716,VQMBWCUM,8804.94,9078.1,1,
TXN00000312,CUST006123,Mia,Thomas,Male,Mumbai,India,Mumbai,India,Mumbai,India,2024-03-14 13:43:16,Transfer,372.66,CHF,McDonalds,Health & Fitness,Payment for bills & utilities,FALSE,3574576552,MUIQMRYP,5014220933,LUQZDOSN,11468.83,10598.64,1,
TXN00003625,CUST001474,Joseph,Johnson,Female,Singapore,Singapore,Singapore,Singapore,Singapore,Singapore,2024-02-17 15:29:21,Transfer,499.1,CNY,Apple Store,Health & Fitness,Payment for bills & utilities,FALSE,9051662242,SYPINEAU,3086365892,IGAGDHRR,5531.83,5887.39,1,
TXN00004189,CUST006664,Sophia,Hernandez,Male,Shanghai,China,Shanghai,China,Shanghai,China,2024-08-31 19:06:43,Transfer,129.62,JPY,Amazon,Home & Garden,Payment for shopping,FALSE,5447965679,XZPJGNYJ,8166439217,VKWXMQEU,11806.4,10961.05,1,
TXN00002641,CUST009547,Sophia,Garcia,Male,New York,USA,New York,USA,New York,USA,2024-01-15 14:24:19,Purchase,461.85,USD,McDonalds,Health & Fitness,Payment for shopping,FALSE,4587000024,WMYCPBCX,3505115355,YMDFPERY,7347.22,7451.14,1,
TXN00002328,CUST004796,Charlotte,Miller,Male,Dubai,UAE,Dubai,UAE,Dubai,UAE,2025-01-17 03:53:20,Purchase,452.83,CNY,Shell Gas,Electronics,Payment for food & dining,TRUE,3233497563,BXFBJBOS,4702140844,CPDDJQVE,8101.2,7128.98,1,
TXN00001831,CUST007030,John,Miller,Female,London,UK,London,UK,London,UK,2025-05-09 17:33:45,Transfer,323.13,AUD,Target,Groceries,Payment for food & dining,FALSE,2230373662,TXUEYLUT,9038120061,VLCEHRRF,5007.4,5604.89,1,
TXN00003754,CUST005535,William,Smith,Male,Shanghai,China,Shanghai,China,Shanghai,China,2024-05-24 19:57:33,Transfer,253.16,JPY,Shell Gas,Gas & Fuel,Payment for health & fitness,FALSE,7561042614,IGBBKPFK,4617041689,BIVKQIHB,14877.27,14827.67,1,
TXN00004950,CUST002277,Charlotte,Johnson,Female,London,UK,Paris,France,Sydney,Australia,2025-04-01 00:08:55,Purchase,3002.48,CNY,Walmart,Bills & Utilities,Payment for groceries,FALSE,3168401513,WLXBJWZJ,6892465603,UDDTORBS,14004.95,14461.28,0,Known fraudulent merchant
TXN00003574,CUST003761,Robert,Smith,Male,Singapore,Singapore,Singapore,Singapore,Singapore,Singapore,2024-01-04 02:28:15,Purchase,86.77,JPY,Shell Gas,Shopping,Payment for health & fitness,FALSE,2942550787,BJGHGVUS,6231023118,APSEXEGX,12192.34,12336.39,1,
TXN00002599,CUST002763,Harper,Johnson,Male,Berlin,Germany,Berlin,Germany,Berlin,Germany,2025-03-26 21:21:26,Transfer,458.42,CAD,Marriott Hotels,Shopping,Payment for entertainment,FALSE,6674997737,MDBUUSSX,3371419388,SMDGDNGW,9061.32,9993.39,1,
TXN00002232,CUST006222,Thomas,Lopez,Female,Paris,France,Paris,France,Paris,France,2024-11-10 12:43:20,Purchase,15.62,CAD,Delta Airlines,Groceries,Payment for home & garden,FALSE,5166404562,QDHHKPEH,6358869055,THSDHWYQ,9081.61,9953.75,1,
TXN00000167,CUST001650,Michael,Anderson,Female,Tokyo,Japan,Tokyo,Japan,Tokyo,Japan,2025-01-14 03:33:32,Purchase,475.87,CNY,Uber,Food & Dining,Payment for bills & utilities,FALSE,2925928418,ILKIAYNM,7400773502,UUQJOLHM,13759.59,13108.23,1,
TXN00004774,CUST002844,Ava,Thomas,Female,Sydney,Australia,London,UK,London,UK,2024-10-21 21:43:51,Purchase,765.69,GBP,Home Depot,Food & Dining,Payment for groceries,FALSE,7737021718,TFHVOFRP,3011742719,ZNUXFDAZ,8361.13,7384.5,0,Card not present fraud
TXN00001525,CUST008397,James,Hernandez,Female,Sydney,Australia,Sydney,Australia,Sydney,Australia,2025-09-08 01:56:15,Purchase,331.1,USD,McDonalds,Health & Fitness,Payment for gas & fuel,FALSE,8827271774,WGMFSABE,9592707447,LNHGWFNE,9087.4,9138.5,1,
TXN00004679,CUST001809,Amelia,Taylor,Male,Sydney,Australia,Sydney,Australia,Sydney,Australia,2024-04-30 10:10:19,Purchase,250.22,INR,Delta Airlines,Entertainment,Payment for bills & utilities,FALSE,5158880555,MHRDDSMR,6565429509,IZQUZTGI,5169.5,5305.68,1,
TXN00004787,CUST003687,Harper,Martin,Female,São Paulo,Brazil,São Paulo,Brazil,Rome,Italy,2025-08-20 01:54:35,Transfer,4483.47,USD,Shell Gas,Gas & Fuel,Payment for food & dining,FALSE,2337385750,JKCKQUNO,6664751111,BBQZLJBE,12993.73,13433.93,0,Known fraudulent merchant
TXN00002389,CUST005423,Robert,Lopez,Female,Shanghai,China,Shanghai,China,Shanghai,China,2025-08-25 07:36:02,Purchase,32.7,EUR,Delta Airlines,Gas & Fuel,Payment for bills & utilities,FALSE,8248938396,GDZRCZTM,6456244363,DJNRNIDK,6787.77,6886.82,1,
TXN00000846,CUST003955,John,Johnson,Female,Berlin,Germany,Berlin,Germany,Berlin,Germany,2025-07-15 16:27:22,Purchase,21.17,GBP,Uber,Food & Dining,Payment for food & dining,FALSE,3722360870,ZPHTCKLR,3519877979,HDXIVGBV,13009.88,13490.93,1,
TXN00004826,CUST003297,William,Martin,Male,Tokyo,Japan,Tokyo,Japan,Tokyo,Japan,2025-05-26 10:43:43,Transfer,4576.38,USD,McDonalds,Travel,Payment for entertainment,FALSE,1894878984,HYXKFAJP,2876487349,WSXMIXPP,10128.09,9712.57,0,Velocity check failed
TXN00001576,CUST006034,Emma,Anderson,Female,Rome,Italy,Rome,Italy,Rome,Italy,2024-03-22 02:29:36,Purchase,223.81,EUR,Amazon,Home & Garden,Payment for home & garden,FALSE,1415238129,FMEYJNKG,5489818735,HOICGITD,14201.79,14975.86,1,
TXN00000667,CUST002327,Thomas,Jones,Male,Rome,Italy,Rome,Italy,Rome,Italy,2024-01-09 04:07:02,Purchase,508.9,INR,Best Buy,Food & Dining,Payment for groceries,FALSE,8080897904,HUYRURYP,5308726414,CMEDVRBZ,15464.46,14970.57,1,
TXN00003328,CUST006269,Isabella,Martinez,Male,Shanghai,China,Shanghai,China,Shanghai,China,2024-06-16 20:33:13,Purchase,88.79,USD,Starbucks,Health & Fitness,Payment for health & fitness,FALSE,3045601957,RLPZFDSN,3808646683,EOUMZFPD,10548.14,10206.83,1,
TXN00000884,CUST002306,Emma,Taylor,Female,Paris,France,Paris,France,Paris,France,2025-04-08 14:53:33,Purchase,87.69,EUR,Home Depot,Groceries,Payment for bills & utilities,FALSE,1488979032,FWLXATDC,4669661396,ATXNOFMD,6149.15,6921.64,1,
TXN00000788,CUST005193,Ava,Johnson,Male,Mexico City,Mexico,Mexico City,Mexico,Mexico City,Mexico,2024-03-16 14:29:44,Transfer,414.88,USD,McDonalds,Gas & Fuel,Payment for health & fitness,TRUE,6696413883,XKLOOIDI,4618632734,GVTTJEDB,5685.61,6451.49,1,
TXN00003364,CUST006279,Isabella,Brown,Female,Berlin,Germany,Berlin,Germany,Berlin,Germany,2024-01-20 07:56:11,Purchase,90.78,CNY,Netflix,Entertainment,Payment for health & fitness,FALSE,9637231959,YNSMHKDZ,7107846373,WEYIDJBU,10863.13,10845.51,1,
TXN00004406,CUST004887,Mia,Jones,Female,Berlin,Germany,Berlin,Germany,Berlin,Germany,2025-03-08 15:00:35,Purchase,176.81,GBP,Amazon,Health & Fitness,Payment for entertainment,FALSE,8254330464,FODIKFNM,4221589085,EWVDHFBE,9056.26,9044.13,1,
TXN00001098,CUST007442,Thomas,Hernandez,Female,Madrid,Spain,Madrid,Spain,Madrid,Spain,2025-06-23 15:47:52,Purchase,197.51,EUR,Marriott Hotels,Travel,Payment for gas & fuel,FALSE,1461110750,OADUXWRR,8071260821,ERCOODSN,8226.56,7576.94,1,
TXN00004427,CUST000201,Thomas,Rodriguez,Female,New York,USA,New York,USA,New York,USA,2024-10-17 01:33:52,Purchase,150.63,JPY,McDonalds,Bills & Utilities,Payment for bills & utilities,FALSE,1215218431,JBBLKHBB,2915025532,AKRVYSLH,12150.05,12530.59,1,
TXN00004804,CUST005353,Richard,Anderson,Male,Toronto,Canada,Tokyo,Japan,Sydney,Australia,2024-09-29 02:39:58,Purchase,4649.96,JPY,Whole Foods,Shopping,Payment for gas & fuel,TRUE,3681130520,ISUKGGVQ,8665957925,JXXPVRSM,10681.89,9841.17,0,Account takeover suspected
TXN00000138,CUST006423,Emma,Williams,Male,Toronto,Canada,Toronto,Canada,Toronto,Canada,2024-03-14 20:57:53,Transfer,448.47,CNY,Walmart,Shopping,Payment for electronics,FALSE,2431802723,VWVUWAAZ,4807717101,BDPSCKAO,14049.98,13964.7,1,
TXN00000315,CUST004802,Robert,Miller,Female,Singapore,Singapore,Singapore,Singapore,Singapore,Singapore,2025-03-09 13:06:59,Purchase,504.91,CAD,Uber,Gas & Fuel,Payment for food & dining,FALSE,6541418939,GPDOVNFT,1431703674,XBZCXGFV,10033.9,10710.88,1,
TXN00000814,CUST009195,Sophia,Jones,Male,São Paulo,Brazil,São Paulo,Brazil,São Paulo,Brazil,2024-01-30 04:03:52,Purchase,126.23,GBP,Delta Airlines,Entertainment,Payment for shopping,FALSE,6782247753,HVYNXWOW,3384446317,AYBLZAXG,13837.78,14263.71,1,
TXN00000183,CUST003548,Ava,Williams,Male,Rome,Italy,Rome,Italy,Rome,Italy,2024-05-19 22:31:25,Purchase,364.02,INR,Delta Airlines,Food & Dining,Payment for gas & fuel,FALSE,9730778808,ENTADNIX,8683063766,UNCHHHTM,13698.23,14413.47,1,
TXN00000747,CUST006533,John,Anderson,Male,Paris,France,Paris,France,Paris,France,2024-10-30 19:11:52,Purchase,496.52,GBP,Airbnb,Travel,Payment for food & dining,FALSE,7630548896,GMDRCHRV,2827999776,IJGGRUNE,11239.15,11873.45,1,
TXN00000372,CUST009238,Amelia,Williams,Female,Sydney,Australia,Sydney,Australia,Sydney,Australia,2024-08-23 14:07:29,Purchase,45.88,GBP,Best Buy,Food & Dining,Payment for shopping,FALSE,7418401861,KZQJKNZO,1970663979,WYTOIDZT,6275.59,6823.29,1,
TXN00004894,CUST007071,Michael,Martinez,Female,Mexico City,Mexico,Mexico City,Mexico,Rome,Italy,2024-12-12 04:49:07,Purchase,3210.67,CNY,Whole Foods,Groceries,Payment for groceries,FALSE,9979494813,XGBFEAED,5141229093,NAHJOHRF,13996.85,14779.52,0,Unusual location pattern
TXN00003183,CUST000338,John,Jackson,Male,Madrid,Spain,Madrid,Spain,Madrid,Spain,2024-04-06 18:28:24,Purchase,272.89,CAD,Amazon,Bills & Utilities,Payment for travel,FALSE,7236131019,HJRCMJWI,7733474603,JAYBTIZH,8919.58,9282.52,1,
TXN00003303,CUST009726,Joseph,Anderson,Male,São Paulo,Brazil,São Paulo,Brazil,São Paulo,Brazil,2024-12-16 11:47:36,Transfer,355.17,GBP,Target,Health & Fitness,Payment for bills & utilities,FALSE,1660431456,WKKRDIED,1274516662,HEDLJQZD,14948.87,14782.68,1,
TXN00000906,CUST003369,Daniel,Smith,Female,Singapore,Singapore,Singapore,Singapore,Singapore,Singapore,2024-12-05 14:00:15,Transfer,506.36,JPY,Whole Foods,Electronics,Payment for health & fitness,FALSE,5601184728,ZTDWINZR,1456033869,SUYZCPYN,8558.16,8588.82,1,
TXN00002913,CUST002433,John,Garcia,Male,Singapore,Singapore,Singapore,Singapore,Singapore,Singapore,2025-01-10 21:11:45,Purchase,482.25,GBP,Home Depot,Food & Dining,Payment for home & garden,FALSE,4877197544,HSJFAZCX,3894049531,VCJACFAG,13852,14714.67,1,
TXN00003312,CUST009518,Amelia,Wilson,Male,Shanghai,China,Shanghai,China,Shanghai,China,2025-08-07 12:50:32,Transfer,308.73,AUD,Whole Foods,Groceries,Payment for electronics,FALSE,6638500240,OPTYAHYW,9766523161,RPGRAJLT,8592.64,7698.58,1,
TXN00003795,CUST006591,Sophia,Smith,Female,Mexico City,Mexico,Mexico City,Mexico,Mexico City,Mexico,2024-07-31 09:54:49,Purchase,297.9,EUR,Apple Store,Gas & Fuel,Payment for travel,FALSE,1219723874,RBQACEJH,4910954175,XMQUKSXB,11840.21,11102.75,1,
TXN00003664,CUST000288,Isabella,Garcia,Female,São Paulo,Brazil,São Paulo,Brazil,São Paulo,Brazil,2025-07-31 14:55:33,Transfer,474.71,CAD,Target,Shopping,Payment for entertainment,FALSE,7506104089,SNVVKWWM,8721690813,PPHQSGAH,10695.55,10877.18,1,
TXN00004704,CUST006116,William,Lopez,Male,São Paulo,Brazil,São Paulo,Brazil,São Paulo,Brazil,2025-04-09 11:16:52,Purchase,472.83,AUD,Best Buy,Groceries,Payment for entertainment,FALSE,8620911320,JNKIXMKU,1424083724,FLSQPWJG,13284.63,13656.74,1,
TXN00001775,CUST000035,Harper,Garcia,Male,Mexico City,Mexico,Mexico City,Mexico,Mexico City,Mexico,2024-08-07 18:06:27,Purchase,88.01,CHF,Delta Airlines,Shopping,Payment for gas & fuel,FALSE,6147566331,HLWMHGDP,7748310244,SLUYJPOR,8016.38,8176.06,1,
TXN00004942,CUST006032,Richard,Hernandez,Male,Sydney,Australia,Sydney,Australia,Mumbai,India,2025-07-02 13:26:48,Purchase,2395.48,USD,Best Buy,Health & Fitness,Payment for home & garden,FALSE,2342433879,GLJMUYZD,1882064811,KMRQOWPG,14222.48,14777.91,0,Login from different country than transaction
TXN00001042,CUST003958,Ava,Rodriguez,Female,Sydney,Australia,Sydney,Australia,Sydney,Australia,2024-02-09 14:58:02,Transfer,286.91,CNY,Marriott Hotels,Entertainment,Payment for electronics,TRUE,5798039805,RAUKYBIJ,7822783135,ZUYWVLFN,8138.23,7588.84,1,
TXN00003791,CUST001986,Emma,Martinez,Male,Shanghai,China,Shanghai,China,Shanghai,China,2024-07-05 04:10:37,Purchase,217.55,INR,Apple Store,Home & Garden,Payment for health & fitness,FALSE,6357878245,QRSKREBU,9863608764,HJKPUSRT,6168.35,6019.13,1,
TXN00004314,CUST008265,William,Martinez,Female,Berlin,Germany,Berlin,Germany,Berlin,Germany,2025-09-18 12:10:43,Transfer,19.95,CNY,Best Buy,Electronics,Payment for shopping,FALSE,6404180423,UCTDOHBG,6865178485,WHDSHCCH,8515.32,8042.46,1,
TXN00002727,CUST001155,Olivia,Lee,Female,Toronto,Canada,Toronto,Canada,Toronto,Canada,2024-07-09 10:12:53,Purchase,301.72,CHF,Delta Airlines,Entertainment,Payment for home & garden,TRUE,6763817895,VSIUPANB,2286885965,DWRDVHCR,12008.72,11205.82,1,
TXN00002650,CUST002568,Mia,Lopez,Male,São Paulo,Brazil,São Paulo,Brazil,São Paulo,Brazil,2024-12-19 19:52:18,Purchase,82.27,CHF,Uber,Groceries,Payment for bills & utilities,FALSE,4598386169,ESFYSFMO,4694787562,PFPLMLOA,14161.05,14364.23,1,
TXN00001003,CUST006415,John,Jackson,Male,Berlin,Germany,Berlin,Germany,Berlin,Germany,2024-01-27 16:45:11,Transfer,306.39,AUD,Target,Entertainment,Payment for food & dining,FALSE,3768364199,IGUEMUBR,1245217939,HSPUIFVC,6639.44,6428.1,1,
TXN00000672,CUST004027,Richard,Johnson,Male,Sydney,Australia,Sydney,Australia,Sydney,Australia,2024-05-19 23:47:18,Transfer,175.36,CAD,Walmart,Travel,Payment for health & fitness,FALSE,5931144519,CQACWXKV,2366855401,ONHJMTKC,4815.25,5079.94,1,
TXN00001791,CUST008844,David,Rodriguez,Female,Toronto,Canada,Toronto,Canada,Toronto,Canada,2024-07-12 12:55:25,Purchase,184.54,CHF,Netflix,Home & Garden,Payment for groceries,FALSE,8901840535,SZRVLFYB,7249473326,QKCWVTBF,9855.65,9282.31,1,
TXN00003769,CUST007391,Charlotte,Lopez,Female,Sydney,Australia,Sydney,Australia,Sydney,Australia,2025-06-19 21:09:59,Purchase,74.35,CHF,Apple Store,Electronics,Payment for shopping,FALSE,4624232651,WBPMCHGA,8811937607,DOZYTMBQ,8921.1,9869.48,1,
TXN00001625,CUST004097,William,Rodriguez,Female,Shanghai,China,Shanghai,China,Shanghai,China,2025-08-21 11:05:51,Purchase,204.88,INR,Netflix,Groceries,Payment for health & fitness,FALSE,7502530723,MVBWXANJ,4435898718,ODGGDHML,10961.39,11900.84,1,
TXN00002290,CUST000987,Evelyn,Johnson,Male,Sydney,Australia,Sydney,Australia,Sydney,Australia,2024-06-28 07:47:29,Purchase,161.7,EUR,Target,Electronics,Payment for gas & fuel,FALSE,1387725024,TDGTXDRQ,8599892065,PLAGYYSA,9690.4,9580.59,1,
TXN00001174,CUST009828,Harper,Wilson,Male,São Paulo,Brazil,São Paulo,Brazil,São Paulo,Brazil,2025-01-22 15:40:18,Transfer,248.93,GBP,Netflix,Entertainment,Payment for home & garden,TRUE,7647766722,JLHOHZDE,3118285346,JCDOJHOP,13645.4,14027.37,1,
TXN00001636,CUST002192,Evelyn,Smith,Male,Singapore,Singapore,Singapore,Singapore,Singapore,Singapore,2024-08-15 19:27:59,Purchase,127.11,GBP,Home Depot,Groceries,Payment for bills & utilities,FALSE,7521385450,TYVVFVPH,5090807178,VZQKNCVQ,5547.25,5870.5,1,
TXN00004546,CUST003564,Michael,Wilson,Female,Berlin,Germany,Berlin,Germany,Berlin,Germany,2024-07-12 13:18:18,Transfer,116.67,CNY,Amazon,Bills & Utilities,Payment for health & fitness,FALSE,7801228657,FOHJAXBT,6795218128,EUNMGASS,9974.24,10042.38,1,
TXN00000534,CUST001110,Daniel,Johnson,Male,Dubai,UAE,Dubai,UAE,Dubai,UAE,2025-07-23 10:09:42,Purchase,406.48,CHF,Home Depot,Groceries,Payment for food & dining,FALSE,6160102334,PCYYFIKG,6338274814,CYQPMCMT,15663.74,14840.77,1,
TXN00001164,CUST006394,Joseph,Lee,Male,Madrid,Spain,Madrid,Spain,Madrid,Spain,2024-09-26 21:16:51,Purchase,509.82,GBP,Target,Gas & Fuel,Payment for health & fitness,FALSE,5447969409,ZBHJVCLI,7693284822,PLPAKTSE,11945.28,11263.15,1,
TXN00003003,CUST000290,Charlotte,Davis,Female,Shanghai,China,Shanghai,China,Shanghai,China,2024-05-21 07:19:10,Purchase,508.9,GBP,Whole Foods,Groceries,Payment for shopping,FALSE,1926679462,VGRPXEVY,8731808549,CZJIJTKP,6346.11,5869.09,1,
TXN00003349,CUST009732,Sophia,Brown,Female,Rome,Italy,Rome,Italy,Rome,Italy,2024-01-31 14:50:04,Purchase,445.11,CHF,Target,Bills & Utilities,Payment for electronics,FALSE,4825200681,FYRORCLZ,5787328979,YATITVSK,12759.03,13642.76,1,
TXN00003479,CUST002006,Olivia,Jones,Female,Rome,Italy,Rome,Italy,Rome,Italy,2025-03-06 01:19:16,Purchase,135.75,CNY,Airbnb,Electronics,Payment for bills & utilities,FALSE,6669218697,DHFKQJHQ,1803804382,GSNIRZYH,5538.53,5017.25,1,
TXN00004167,CUST009792,Daniel,Thomas,Male,Mumbai,India,Mumbai,India,Mumbai,India,2024-06-10 23:31:21,Purchase,192.82,EUR,Marriott Hotels,Travel,Payment for bills & utilities,FALSE,1395937504,PYFUFGRF,2246677570,RCDHIGDN,14677.03,14486.64,1,
TXN00003603,CUST004647,Mia,Moore,Female,Paris,France,Paris,France,Paris,France,2024-08-21 14:37:49,Transfer,230.48,JPY,Best Buy,Food & Dining,Payment for home & garden,FALSE,6623389867,ENJUBUEC,2637314911,PTPGTIRY,6437.14,7409.41,1,
TXN00003082,CUST002726,Mia,Lopez,Female,Tokyo,Japan,Tokyo,Japan,Tokyo,Japan,2025-05-27 03:04:46,Purchase,455.49,AUD,Home Depot,Home & Garden,Payment for entertainment,TRUE,6582263759,AMRHBYUD,7472560147,OBYRDAPU,14591.33,14315.46,1,
TXN00001966,CUST000174,Amelia,Moore,Male,São Paulo,Brazil,São Paulo,Brazil,São Paulo,Brazil,2025-03-26 12:50:37,Transfer,273.16,GBP,Whole Foods,Shopping,Payment for groceries,FALSE,2120995246,YAHHPRJU,9245875770,CPRDUEOD,9014.25,8386.96,1,
TXN00004619,CUST003422,John,Anderson,Female,Singapore,Singapore,Singapore,Singapore,Singapore,Singapore,2025-07-04 07:11:23,Transfer,310.83,INR,Walmart,Food & Dining,Payment for gas & fuel,FALSE,5503010059,WEECXTKX,1339038234,RKEPSNAQ,9851.37,9051.8,1,
TXN00003231,CUST008675,Daniel,Jackson,Female,New York,USA,New York,USA,New York,USA,2024-07-16 14:44:45,Purchase,67.73,GBP,Best Buy,Groceries,Payment for home & garden,FALSE,6017860203,CLYSUCRC,1059770052,EQVRRUWE,9786.24,10293.89,1,
TXN00001829,CUST005785,Michael,Thomas,Female,Berlin,Germany,Berlin,Germany,Berlin,Germany,2024-10-18 12:41:45,Purchase,188.19,INR,Netflix,Food & Dining,Payment for entertainment,FALSE,7008901616,NJHIQGZW,6739554471,SVTPBPOJ,11610.92,11489.86,1,
TXN00004822,CUST009119,Robert,Thomas,Female,Rome,Italy,Rome,Italy,Madrid,Spain,2025-08-04 01:02:18,Purchase,1259.47,JPY,Target,Electronics,Payment for groceries,FALSE,3229661645,ACBFNSJA,9313286578,WASIJIWN,8322.07,8581.09,0,Multiple transactions in short time
TXN00003309,CUST009316,Richard,Davis,Male,Shanghai,China,Shanghai,China,Shanghai,China,2024-07-15 09:15:03,Purchase,37.83,INR,Amazon,Travel,Payment for travel,FALSE,7033374330,ZTJGNFOU,4309466238,LDRWDMYX,7127.92,7269.96,1,
TXN00001305,CUST007721,Richard,Johnson,Male,Toronto,Canada,Toronto,Canada,Toronto,Canada,2025-09-19 17:36:47,Purchase,92.67,EUR,Marriott Hotels,Shopping,Payment for gas & fuel,FALSE,8754356150,ZBEHUZRP,9091493802,UKAMRUPJ,12355.58,11567.82,1,
TXN00004351,CUST007722,Robert,Taylor,Male,Dubai,UAE,Dubai,UAE,Dubai,UAE,2024-06-22 12:53:27,Purchase,444.57,AUD,Airbnb,Gas & Fuel,Payment for health & fitness,FALSE,4050318629,GYINUPFU,5227233843,KYZLAIDH,6521.41,7259.22,1,
TXN00001761,CUST001785,Mia,Johnson,Female,Madrid,Spain,Madrid,Spain,Madrid,Spain,2024-07-04 01:14:10,Purchase,43.76,CHF,Best Buy,Home & Garden,Payment for bills & utilities,TRUE,4146375369,NSMJCHFW,4578858125,CXYAKLOP,8991.11,8812.82,1,
TXN00000207,CUST006230,Evelyn,Hernandez,Male,Sydney,Australia,Sydney,Australia,Sydney,Australia,2024-06-27 04:44:36,Purchase,431.81,INR,Shell Gas,Health & Fitness,Payment for shopping,FALSE,2367849244,YBDPQOWC,4075524520,FMGIAQWN,11322.21,12143.92,1,
TXN00004004,CUST004111,David,Hernandez,Female,Madrid,Spain,Madrid,Spain,Madrid,Spain,2024-06-08 16:35:30,Purchase,490.59,CHF,Best Buy,Groceries,Payment for entertainment,FALSE,2232558154,GHCTTTPC,4827937038,DWEDIGJH,14915.61,14767.54,1,
TXN00002033,CUST006343,Michael,Moore,Female,Sydney,Australia,Sydney,Australia,Sydney,Australia,2024-08-29 22:04:26,Purchase,159.09,JPY,Airbnb,Groceries,Payment for groceries,TRUE,8837345043,JDJYPPGS,4019579213,HYINGMSJ,10036.33,10877.21,1,
TXN00003225,CUST001869,Ava,Jones,Male,Dubai,UAE,Dubai,UAE,Dubai,UAE,2025-09-13 02:15:28,Transfer,309.19,INR,Walmart,Travel,Payment for groceries,TRUE,2967410963,HMTGLCQE,7295158770,FQQNODQF,7552.86,8496.48,1,
TXN00003320,CUST003520,Harper,Anderson,Male,Rome,Italy,Rome,Italy,Rome,Italy,2025-03-10 19:59:01,Transfer,226.22,INR,Airbnb,Electronics,Payment for groceries,TRUE,7706700021,MZPGEUDF,7490156882,LFZOAPSF,11064.27,11630.13,1,
TXN00004245,CUST005038,Isabella,Jackson,Female,London,UK,London,UK,London,UK,2025-06-27 15:08:37,Transfer,393.34,JPY,Uber,Food & Dining,Payment for home & garden,FALSE,6455165893,EUDXZZMX,3791006776,UXNEUJEU,7604.92,7043.63,1,
TXN00003696,CUST003607,Sophia,Martin,Male,Mexico City,Mexico,Mexico City,Mexico,Mexico City,Mexico,2024-11-11 18:08:36,Purchase,428.85,CNY,Marriott Hotels,Groceries,Payment for groceries,FALSE,2897117205,GTJZIGRP,6967077746,BDYXUGWP,6944.46,6832.21,1,
TXN00002047,CUST008359,Robert,Lee,Male,Tokyo,Japan,Tokyo,Japan,Tokyo,Japan,2025-08-04 04:30:46,Transfer,235.27,EUR,Target,Health & Fitness,Payment for entertainment,FALSE,1887499193,IJOSIAGP,2625451905,WIRQFJNW,7115.55,6756.65,1,
TXN00001079,CUST009022,Ava,Jones,Female,Paris,France,Paris,France,Paris,France,2024-09-03 19:31:51,Purchase,339.75,AUD,Starbucks,Entertainment,Payment for entertainment,TRUE,1487043517,GYVOEMOA,9045183395,BTAPQXDM,5176.15,5887.65,1,
TXN00003670,CUST004500,James,Thomas,Male,London,UK,London,UK,London,UK,2024-09-08 12:11:26,Purchase,379.79,AUD,Marriott Hotels,Health & Fitness,Payment for health & fitness,TRUE,6916703725,YGOGGYSV,9749878199,EFFNXTVO,6206.79,5484.07,1,
TXN00002228,CUST003535,William,Thomas,Male,Paris,France,Paris,France,Paris,France,2025-08-21 04:50:37,Purchase,148.92,USD,Whole Foods,Food & Dining,Payment for entertainment,FALSE,9982543099,WXSEXXZJ,6685969884,RYFMYPTX,4405.3,5293.53,1,
TXN00003383,CUST004197,Mia,Jackson,Male,Berlin,Germany,Berlin,Germany,Berlin,Germany,2024-09-25 19:18:48,Transfer,400.69,USD,Uber,Electronics,Payment for shopping,FALSE,5068616032,FDQXUZUM,4087754649,GVDKYXWD,7714.73,8351.44,1,
TXN00003015,CUST005720,Ava,Hernandez,Male,Toronto,Canada,Toronto,Canada,Toronto,Canada,2025-01-04 00:56:06,Transfer,344.41,CAD,Marriott Hotels,Electronics,Payment for groceries,FALSE,6978109121,SXASUKFU,6880471138,YUJDMENI,10072.02,9882.83,1,
TXN00004836,CUST008752,Richard,Garcia,Male,Berlin,Germany,London,UK,Mexico City,Mexico,2025-04-13 08:05:09,Purchase,3546.85,CHF,Target,Bills & Utilities,Payment for travel,FALSE,4650441706,GNABVTMQ,6008910897,KFAEWJZZ,7370.52,6908.83,0,Known fraudulent merchant
TXN00004652,CUST000808,William,Hernandez,Female,Berlin,Germany,Berlin,Germany,Berlin,Germany,2025-06-03 01:43:38,Purchase,325.47,AUD,Target,Food & Dining,Payment for entertainment,FALSE,6501959214,IDWPJSAT,8239915623,RNKXHUPJ,9829.61,9417.16,1,
TXN00003692,CUST003721,Evelyn,Wilson,Female,New York,USA,New York,USA,New York,USA,2024-03-15 17:07:39,Purchase,199.4,USD,Netflix,Gas & Fuel,Payment for bills & utilities,FALSE,5522824592,CYIBWZYK,4028065655,IGNCUSJC,8632.58,8493.63,1,
TXN00003605,CUST001447,Mia,Brown,Male,Tokyo,Japan,Tokyo,Japan,Tokyo,Japan,2024-09-03 09:55:07,Transfer,378.9,CNY,Airbnb,Health & Fitness,Payment for bills & utilities,FALSE,7149339210,STCETTZB,3596294292,NBGWXTPE,12682.79,12231.58,1,
TXN00003966,CUST001529,Daniel,Lopez,Male,New York,USA,New York,USA,New York,USA,2025-09-04 03:26:04,Purchase,145.95,CNY,Delta Airlines,Home & Garden,Payment for electronics,FALSE,7683090341,JZYJHDRY,1582514999,JRTSXGWM,6631.4,7104.71,1,
TXN00004230,CUST004895,Olivia,Garcia,Male,Berlin,Germany,Berlin,Germany,Berlin,Germany,2025-02-01 11:10:34,Transfer,61.98,AUD,McDonalds,Shopping,Payment for food & dining,FALSE,5874567101,XGOOEKJJ,9826109994,STCGWILE,12772.8,12080.41,1,
TXN00002665,CUST000178,Amelia,Garcia,Female,Rome,Italy,Rome,Italy,Rome,Italy,2024-09-28 08:28:08,Purchase,172.47,AUD,Walmart,Home & Garden,Payment for food & dining,FALSE,3825804648,UYPWTQSV,4359336149,RMLMROHK,13933.09,14226,1,
TXN00003997,CUST002538,Harper,Hernandez,Female,Madrid,Spain,Madrid,Spain,Madrid,Spain,2024-07-13 07:06:49,Transfer,405.21,USD,Best Buy,Electronics,Payment for food & dining,FALSE,3361256726,NIHIALXJ,6464639447,WGJVJOHU,11455.92,10854.52,1,
TXN00003144,CUST001104,Ava,Jackson,Male,Sydney,Australia,Sydney,Australia,Sydney,Australia,2024-08-16 14:23:47,Transfer,291.59,USD,Apple Store,Gas & Fuel,Payment for food & dining,FALSE,9144150367,YAQQUFIU,5592249851,PWTYSWHF,11973.57,11863.52,1,
TXN00000054,CUST009787,Emma,Jones,Male,Mexico City,Mexico,Mexico City,Mexico,Mexico City,Mexico,2025-02-28 10:08:19,Transfer,437.36,USD,Marriott Hotels,Groceries,Payment for food & dining,FALSE,2259939952,UFPYWWEW,5078054731,IGDSVIES,5240.23,5284.4,1,
TXN00004726,CUST008180,Isabella,Johnson,Female,Berlin,Germany,Berlin,Germany,Berlin,Germany,2024-09-28 03:53:29,Purchase,96.84,GBP,Marriott Hotels,Travel,Payment for food & dining,FALSE,4325246439,QZVYCIFO,8697205358,BURXVBHQ,11445.65,11907.92,1,
TXN00003496,CUST000032,Emma,Davis,Female,Mumbai,India,Mumbai,India,Mumbai,India,2024-05-21 20:54:35,Transfer,437.43,EUR,Delta Airlines,Groceries,Payment for health & fitness,FALSE,3485025109,TLNRMQQQ,3952746622,QLZAUBGB,12757.92,11869.83,1,
TXN00000354,CUST005835,Daniel,Taylor,Male,Rome,Italy,Rome,Italy,Rome,Italy,2025-03-14 16:05:26,Purchase,372.27,EUR,Delta Airlines,Shopping,Payment for shopping,FALSE,5078585714,MKQWOOQQ,3701744570,YEXCDCZJ,7535.48,7151.77,1,
TXN00003658,CUST003033,Harper,Davis,Female,Berlin,Germany,Berlin,Germany,Berlin,Germany,2024-05-25 14:45:33,Purchase,438.01,CNY,McDonalds,Gas & Fuel,Payment for groceries,FALSE,4921696443,LTQKTVRW,3234001480,GNPHMNYM,11627.33,12432.33,1,
TXN00002303,CUST007090,John,Smith,Female,Paris,France,Paris,France,Paris,France,2024-09-30 00:37:34,Transfer,450.93,CHF,Shell Gas,Electronics,Payment for health & fitness,FALSE,8634754727,ZUCIGAKN,5705752715,FQYIMJTG,8535.14,8108.66,1,
TXN00004332,CUST009312,Thomas,Anderson,Female,Mexico City,Mexico,Mexico City,Mexico,Mexico City,Mexico,2025-05-03 14:57:12,Purchase,327.88,CAD,Delta Airlines,Entertainment,Payment for shopping,FALSE,8332389464,JMJWUGQL,9733802760,NPEQWHXG,4356.37,5302.5,1,
TXN00004953,CUST005134,Isabella,Wilson,Male,Mumbai,India,Mumbai,India,Singapore,Singapore,2024-05-26 18:09:06,Purchase,2560.28,JPY,Apple Store,Bills & Utilities,Payment for groceries,FALSE,4893232276,VCAAYDMK,2361739484,WVRQNLCV,5088.07,5924.73,0,Multiple transactions in short time
TXN00003473,CUST001402,Emma,Davis,Male,Madrid,Spain,Madrid,Spain,Madrid,Spain,2024-09-30 04:50:51,Purchase,72.9,JPY,Uber,Travel,Payment for groceries,FALSE,1682700720,MIOOJNZV,1628169305,YRFLZSPE,8635,7770.24,1,
TXN00002616,CUST003817,Harper,Garcia,Female,Dubai,UAE,Dubai,UAE,Dubai,UAE,2024-11-12 01:56:04,Purchase,192.26,CAD,Target,Gas & Fuel,Payment for home & garden,FALSE,3351420453,WYAUNPES,5273212676,KORVHLBZ,7918.21,7731.82,1,
TXN00002538,CUST001872,Thomas,Moore,Female,São Paulo,Brazil,São Paulo,Brazil,São Paulo,Brazil,2024-06-10 05:10:11,Purchase,455.41,CAD,Uber,Entertainment,Payment for bills & utilities,FALSE,7183519199,OSMMVJIK,1367433920,SGDOLHJL,9954.32,9649.05,1,
TXN00002332,CUST008037,William,Jackson,Female,São Paulo,Brazil,São Paulo,Brazil,São Paulo,Brazil,2024-11-19 22:10:08,Purchase,62.37,USD,Starbucks,Electronics,Payment for food & dining,FALSE,2479458198,YJJECCEC,7551438867,ITIQHERC,10423.1,11124.52,1,
TXN00004656,CUST002854,Olivia,Rodriguez,Male,Sydney,Australia,Sydney,Australia,Sydney,Australia,2024-10-12 20:33:27,Transfer,287.7,CNY,Shell Gas,Travel,Payment for bills & utilities,FALSE,5574184201,PRNCPRAQ,4054027490,CVHMUVRU,6201.2,6365.01,1,
TXN00003508,CUST006337,Harper,Martinez,Female,London,UK,London,UK,London,UK,2025-01-29 09:21:44,Purchase,51.67,INR,Target,Shopping,Payment for shopping,FALSE,6886978893,ORRIAQIB,7426315210,JPEXBFUU,5247,5892.59,1,
TXN00000353,CUST002873,William,Miller,Male,São Paulo,Brazil,São Paulo,Brazil,São Paulo,Brazil,2024-08-04 07:13:50,Purchase,285.78,CHF,Shell Gas,Home & Garden,Payment for entertainment,FALSE,3141278168,WHIYMMYU,6756713111,CFUOPZSR,9978.88,9353.92,1,
TXN00004902,CUST008055,William,Moore,Male,Madrid,Spain,London,UK,Toronto,Canada,2024-07-20 04:52:05,Purchase,5194.28,JPY,McDonalds,Bills & Utilities,Payment for health & fitness,TRUE,1805147868,XQFGFYXI,7007288916,XROSSWNF,13047.71,12715.1,0,Multiple transactions in short time
TXN00001248,CUST009263,David,Martin,Male,Mumbai,India,Mumbai,India,Mumbai,India,2025-06-01 08:01:17,Purchase,502.03,CAD,Uber,Bills & Utilities,Payment for shopping,FALSE,6066070323,DACHHSDX,8897123002,MAITJQBJ,8667.06,9479.22,1,
TXN00004661,CUST004977,Olivia,Brown,Male,Tokyo,Japan,Tokyo,Japan,Tokyo,Japan,2024-01-10 13:28:43,Purchase,339.11,CAD,Starbucks,Electronics,Payment for shopping,FALSE,7822878208,VXFKLRUR,5114529092,MESKFOFS,6009.89,5821.81,1,
TXN00004308,CUST005030,David,Taylor,Female,Toronto,Canada,Toronto,Canada,Toronto,Canada,2025-08-25 23:26:19,Purchase,302.11,CAD,Airbnb,Food & Dining,Payment for entertainment,FALSE,1215712030,CZHAFCWQ,8289125656,MRNQZNIB,5767.84,6113.68,1,
TXN00003908,CUST005857,Harper,Thomas,Male,Mexico City,Mexico,Mexico City,Mexico,Mexico City,Mexico,2025-04-14 02:23:15,Purchase,416.11,USD,Netflix,Entertainment,Payment for health & fitness,FALSE,5514011925,FMDIJODQ,8137864014,LEASETBY,10834.44,11605.05,1,
TXN00003957,CUST006401,Robert,Anderson,Female,Toronto,Canada,Toronto,Canada,Toronto,Canada,2024-03-09 09:26:32,Purchase,206.83,AUD,Whole Foods,Travel,Payment for shopping,FALSE,4264107332,MUUUTXGU,4702657162,HVMVJULA,10676.87,10165.83,1,
TXN00001110,CUST009218,William,Smith,Female,Berlin,Germany,Berlin,Germany,Berlin,Germany,2025-02-12 15:39:02,Transfer,100.92,CAD,Home Depot,Gas & Fuel,Payment for health & fitness,TRUE,2816314718,GPFZGYRP,4544459106,ARCMUHRO,12863.62,13445.76,1,
TXN00003127,CUST007311,William,Jones,Female,London,UK,London,UK,London,UK,2025-05-11 04:04:23,Purchase,148.45,USD,Walmart,Shopping,Payment for entertainment,FALSE,9167477832,QBMKESEU,2971994242,RKIIAPPU,14174.28,14662.85,1,
TXN00002157,CUST003218,Amelia,Taylor,Female,Toronto,Canada,Toronto,Canada,Toronto,Canada,2024-09-25 01:18:45,Purchase,145.13,GBP,Delta Airlines,Entertainment,Payment for shopping,FALSE,7378794546,XEVZEZZV,8087710379,KFJDUFQA,15160.43,14955.34,1,
TXN00002326,CUST002896,David,Martin,Male,Madrid,Spain,Madrid,Spain,Madrid,Spain,2024-07-09 15:04:08,Purchase,488.82,USD,Apple Store,Groceries,Payment for food & dining,FALSE,6386189725,WJGQJSVC,2082320523,BXFMHCEI,13791.21,13006.88,1,
TXN00004494,CUST008024,Isabella,Anderson,Male,Toronto,Canada,Toronto,Canada,Toronto,Canada,2025-08-24 16:16:58,Transfer,277.42,GBP,Shell Gas,Bills & Utilities,Payment for travel,FALSE,4458733548,UMCPQCQB,2209246782,YIRKRQJW,7610.78,7026.54,1,
TXN00003097,CUST004789,Daniel,Taylor,Male,Mexico City,Mexico,Mexico City,Mexico,Mexico City,Mexico,2025-06-07 05:38:55,Transfer,454.47,AUD,Whole Foods,Entertainment,Payment for gas & fuel,FALSE,9852149071,TFXNNQOB,1002570220,ALJDVIXR,9627.17,10267.85,1,
TXN00000263,CUST006894,Ava,Davis,Male,Mumbai,India,Mumbai,India,Mumbai,India,2024-07-20 01:29:47,Purchase,67.72,CNY,Starbucks,Entertainment,Payment for electronics,FALSE,3019513691,DAOJOUCP,4755468005,CBSKELJI,10889.82,11271.95,1,
TXN00001421,CUST002272,David,Martinez,Female,Dubai,UAE,Dubai,UAE,Dubai,UAE,2024-05-22 14:04:52,Transfer,372.84,EUR,Apple Store,Food & Dining,Payment for travel,FALSE,6113980786,ITQPMHLD,4520813647,LQACGUJT,12615.41,11922.22,1,
TXN00001084,CUST001990,Ava,Anderson,Female,Madrid,Spain,Madrid,Spain,Madrid,Spain,2025-06-16 08:06:54,Transfer,27.8,JPY,Shell Gas,Groceries,Payment for entertainment,FALSE,8609885093,QDZEMPEM,1154552468,VZEJLWVG,12193.92,13084.35,1,
TXN00004771,CUST005437,William,Rodriguez,Female,Paris,France,Singapore,Singapore,Dubai,UAE,2024-10-02 08:38:12,Transfer,4812.98,CHF,Whole Foods,Health & Fitness,Payment for entertainment,FALSE,3612895257,LKCZCNRB,7321163110,JEKSGHJC,6521.95,5656.64,0,High amount compared to usual
TXN00003235,CUST007631,William,Martin,Male,Mexico City,Mexico,Mexico City,Mexico,Mexico City,Mexico,2024-05-30 16:22:08,Purchase,323.42,AUD,Airbnb,Shopping,Payment for bills & utilities,FALSE,4668006087,TOQUPTTC,5195276638,YLYMNEPD,12864.54,13205.71,1,
TXN00004956,CUST007428,John,Lopez,Female,New York,USA,New York,USA,Berlin,Germany,2025-04-19 22:42:12,Purchase,2671.07,CAD,Whole Foods,Gas & Fuel,Payment for electronics,FALSE,6395142906,CBXIYNWK,5717990451,VWZQRZTG,9850.7,8965.98,0,Unusual location pattern
TXN00003222,CUST007718,John,Jackson,Male,Tokyo,Japan,Tokyo,Japan,Tokyo,Japan,2025-09-15 17:12:45,Transfer,208.32,USD,Apple Store,Food & Dining,Payment for health & fitness,FALSE,2226428197,EKJITOLB,5852720050,QIKUNNLG,11467.16,12357.01,1,
TXN00002896,CUST005477,Sophia,Lee,Male,Berlin,Germany,Berlin,Germany,Berlin,Germany,2025-05-21 21:23:13,Purchase,202.95,INR,Best Buy,Food & Dining,Payment for food & dining,FALSE,1545851038,GOIQECLD,2878811772,DVIXFHHM,10741.29,10410.48,1,
TXN00002171,CUST005623,Harper,Jones,Male,Paris,France,Paris,France,Paris,France,2025-03-27 02:24:38,Purchase,439.87,AUD,Best Buy,Groceries,Payment for entertainment,FALSE,3535341965,RZBYQFYR,9145357690,ILCAFCJB,4975.12,5602.86,1,
TXN00002911,CUST001451,John,Davis,Female,Singapore,Singapore,Singapore,Singapore,Singapore,Singapore,2025-09-29 04:04:36,Purchase,284.03,INR,McDonalds,Home & Garden,Payment for home & garden,FALSE,9671087323,SZFHZHGJ,3528805291,IHRTUBRE,13044.75,13376.33,1,
TXN00001846,CUST000079,Isabella,Williams,Male,Shanghai,China,Shanghai,China,Shanghai,China,2024-04-10 23:47:54,Purchase,258.21,CNY,Starbucks,Groceries,Payment for gas & fuel,FALSE,9739503227,UNTXPOAQ,3323262802,KMOKETZA,13209.35,12783.35,1,
TXN00002080,CUST004779,Harper,Davis,Male,Madrid,Spain,Madrid,Spain,Madrid,Spain,2024-03-20 01:18:32,Transfer,270.78,EUR,Best Buy,Travel,Payment for travel,FALSE,9621284022,EGUTJBPX,6828067713,YLMAUZFY,13176.75,12324.79,1,
TXN00003131,CUST007463,Isabella,Taylor,Male,Rome,Italy,Rome,Italy,Rome,Italy,2024-05-19 06:44:39,Purchase,285.02,INR,Airbnb,Shopping,Payment for shopping,FALSE,6176980695,RFEUFIDU,9927878706,EWIHOHDS,6295.73,7287.45,1,
TXN00000290,CUST009960,Charlotte,Davis,Male,New York,USA,New York,USA,New York,USA,2024-04-05 11:20:16,Purchase,93.85,JPY,Netflix,Bills & Utilities,Payment for shopping,FALSE,6975909795,GOLDACCW,6573858235,CBNIGVXY,15201.53,14848.72,1,
TXN00002865,CUST005412,Thomas,Wilson,Male,Shanghai,China,Shanghai,China,Shanghai,China,2025-01-09 02:58:27,Purchase,26.53,JPY,Shell Gas,Electronics,Payment for entertainment,FALSE,3114255251,FJCQTQGO,1807190174,LPDEQMMC,10038.21,10207.49,1,
TXN00004331,CUST001162,Olivia,Davis,Female,Singapore,Singapore,Singapore,Singapore,Singapore,Singapore,2024-12-23 15:54:07,Purchase,325.3,CAD,Home Depot,Food & Dining,Payment for travel,FALSE,6337946947,QJJNAZKP,1636423698,GEDFHECC,11910.59,12408.5,1,
TXN00002058,CUST000969,Ava,Lopez,Male,Shanghai,China,Shanghai,China,Shanghai,China,2025-02-07 20:16:47,Purchase,446.95,JPY,Target,Gas & Fuel,Payment for health & fitness,FALSE,2497028489,IOKTOMXX,2724084524,DKZUSMDV,9146.12,8845.88,1,
TXN00001873,CUST002776,Robert,Garcia,Female,Tokyo,Japan,Tokyo,Japan,Tokyo,Japan,2025-02-08 07:06:21,Purchase,361.47,EUR,Amazon,Bills & Utilities,Payment for gas & fuel,FALSE,3384907054,NGRMDMJD,7863435689,YGTPPXMO,12389.24,13094.35,1,
TXN00003400,CUST001277,Sophia,Wilson,Male,Mumbai,India,Mumbai,India,Mumbai,India,2025-01-18 01:17:52,Transfer,433.45,GBP,Amazon,Groceries,Payment for food & dining,FALSE,9763841427,NLZDZRZK,6195314428,OFULVSCE,10280.59,9738.45,1,
TXN00001834,CUST009155,James,Johnson,Male,Madrid,Spain,Madrid,Spain,Madrid,Spain,2024-11-14 01:05:50,Purchase,64.58,GBP,Starbucks,Bills & Utilities,Payment for travel,FALSE,5906848530,XSMQSUZP,7687229735,BKDQDMIV,9447.51,8662.75,1,
TXN00004140,CUST002870,Olivia,Miller,Female,Rome,Italy,Rome,Italy,Rome,Italy,2025-07-30 17:35:39,Purchase,219.43,INR,Netflix,Home & Garden,Payment for bills & utilities,FALSE,9879123717,DZVJIEOM,9641610857,LZROZJYW,11846.07,10970.64,1,
TXN00004931,CUST009679,William,Jackson,Male,Madrid,Spain,Sydney,Australia,Paris,France,2024-10-20 16:22:03,Purchase,4269.31,INR,Airbnb,Entertainment,Payment for health & fitness,TRUE,3806989949,KRQPVRWG,3690034448,XMRRFDPW,7030.69,7733.6,0,High amount compared to usual
TXN00000857,CUST003292,Thomas,Lee,Male,Berlin,Germany,Berlin,Germany,Berlin,Germany,2025-01-21 11:19:47,Purchase,396.65,GBP,Airbnb,Electronics,Payment for shopping,FALSE,4557757143,KHKRJMJK,2646743455,CTOPUIUG,12719.75,13223.52,1,
TXN00004292,CUST003562,Olivia,Jackson,Male,Mumbai,India,Mumbai,India,Mumbai,India,2024-04-24 12:34:08,Transfer,407.17,GBP,Airbnb,Entertainment,Payment for home & garden,TRUE,3382203224,FSUCUWNQ,9931113194,OPCKPCYJ,11916.66,12270.63,1,
TXN00004813,CUST002131,Mia,Lopez,Female,Mumbai,India,Mumbai,India,Mumbai,India,2024-09-23 10:08:18,Purchase,4568,CAD,Walmart,Electronics,Payment for shopping,FALSE,6658543664,RTXLTQEV,1878409441,CQJMJQEP,5065.15,5234.66,0,Known fraudulent merchant
TXN00000883,CUST008927,Richard,Rodriguez,Female,New York,USA,New York,USA,New York,USA,2024-09-06 21:59:26,Transfer,414.42,JPY,Whole Foods,Groceries,Payment for groceries,FALSE,5911539091,CBEKACYW,6384503118,XGRXJPUP,5678.08,5273.79,1,
TXN00003467,CUST001897,Sophia,Moore,Male,New York,USA,New York,USA,New York,USA,2025-01-18 14:32:38,Transfer,150.8,USD,Home Depot,Gas & Fuel,Payment for gas & fuel,FALSE,6251060587,IENFFYJA,8773537125,HBLVNAWL,5191.58,5138.38,1,
TXN00004744,CUST000116,Richard,Jackson,Male,Shanghai,China,Shanghai,China,Shanghai,China,2025-05-05 06:03:32,Transfer,347.77,CAD,Uber,Health & Fitness,Payment for electronics,FALSE,9373563055,PJKAXIZH,4872306043,HMPTYEDJ,9186.73,9065.16,1,
TXN00002878,CUST007609,Richard,Moore,Female,Toronto,Canada,Toronto,Canada,Toronto,Canada,2025-09-10 09:34:43,Transfer,452.97,EUR,Starbucks,Food & Dining,Payment for gas & fuel,FALSE,1788607337,PRMBAHRO,4321517162,IQQHJRKQ,14093.43,14130.04,1,
TXN00003396,CUST000172,Isabella,Garcia,Female,Tokyo,Japan,Tokyo,Japan,Tokyo,Japan,2024-12-05 08:06:34,Purchase,222.56,AUD,Whole Foods,Entertainment,Payment for home & garden,FALSE,6621805108,BCEOAUFM,6897336373,TEPESBAG,8850.51,9135.06,1,
TXN00003249,CUST008985,Joseph,Garcia,Male,Sydney,Australia,Sydney,Australia,Sydney,Australia,2025-01-05 20:01:42,Purchase,95.12,USD,Netflix,Health & Fitness,Payment for health & fitness,FALSE,8123214335,TBIJQZFU,5088107675,BIZFKDVA,10002.36,9054.7,1,
TXN00004418,CUST001409,Thomas,Martinez,Male,Singapore,Singapore,Singapore,Singapore,Singapore,Singapore,2024-07-17 18:28:11,Purchase,501.69,CAD,Apple Store,Shopping,Payment for groceries,FALSE,5009679001,PRPJQDHW,4391636006,LGHILGFR,11576.96,11371.84,1,
TXN00003524,CUST002660,Mia,Garcia,Male,London,UK,London,UK,London,UK,2024-10-05 20:07:12,Purchase,94.85,AUD,Shell Gas,Shopping,Payment for gas & fuel,FALSE,6187464977,DNNFHEUR,2111318041,BCLHBMKM,6430.73,7338.96,1,
TXN00002866,CUST007755,Amelia,Brown,Female,Shanghai,China,Shanghai,China,Shanghai,China,2025-07-24 08:10:39,Purchase,149.29,USD,Uber,Groceries,Payment for entertainment,TRUE,4604028498,WZJAXLBP,4222913140,BMZLOTVH,7270.99,6533.47,1,
TXN00000641,CUST008543,Joseph,Wilson,Female,Dubai,UAE,Dubai,UAE,Dubai,UAE,2025-04-21 05:00:37,Transfer,441.67,AUD,Home Depot,Electronics,Payment for bills & utilities,FALSE,8927511610,FKTNGSAW,7301042545,XLFBOYGZ,6803.27,5875.16,1,
TXN00001217,CUST006602,James,Lopez,Female,Berlin,Germany,Berlin,Germany,Berlin,Germany,2024-03-15 19:50:43,Purchase,107.67,EUR,Delta Airlines,Gas & Fuel,Payment for home & garden,FALSE,4541667088,HPDGGEUE,5693555065,KPQKIMDU,8897.04,8073.88,1,
TXN00002558,CUST003811,Evelyn,Wilson,Male,Dubai,UAE,Dubai,UAE,Dubai,UAE,2024-02-26 14:29:07,Transfer,112.85,CAD,Netflix,Groceries,Payment for electronics,FALSE,9983660990,ZMNQMWRX,5651481289,JSMEWZDK,6374.61,6399.35,1,
TXN00000160,CUST004821,Michael,Davis,Male,Tokyo,Japan,Tokyo,Japan,Tokyo,Japan,2024-02-15 08:58:40,Purchase,299.75,CAD,Amazon,Groceries,Payment for entertainment,FALSE,3379227192,WTIVFNXZ,3728715699,DROGRSUE,14652.86,14428.15,1,
TXN00003444,CUST009692,James,Martinez,Female,Paris,France,Paris,France,Paris,France,2024-07-07 12:58:18,Purchase,138.56,INR,Airbnb,Health & Fitness,Payment for bills & utilities,FALSE,4653496359,ZHHGAUAP,7468800579,EKBYDWYQ,12084.96,11502.2,1,
TXN00000946,CUST005585,Thomas,Williams,Female,Madrid,Spain,Madrid,Spain,Madrid,Spain,2025-01-24 00:01:40,Purchase,202.97,INR,Uber,Groceries,Payment for food & dining,FALSE,2142873814,VLEBQTPE,1992048968,WKUSVUHF,14991.88,14947.09,1,
TXN00002274,CUST004509,Daniel,Williams,Female,Sydney,Australia,Sydney,Australia,Sydney,Australia,2024-06-16 06:17:19,Transfer,102.48,INR,Shell Gas,Home & Garden,Payment for groceries,FALSE,5506904924,EGIQEAFN,7819683206,OCQIOJMR,7305.92,7411.37,1,
TXN00002680,CUST004795,Amelia,Smith,Male,Mexico City,Mexico,Mexico City,Mexico,Mexico City,Mexico,2025-01-07 19:49:55,Transfer,348.05,CHF,Uber,Home & Garden,Payment for gas & fuel,FALSE,5607980900,RELCZVKM,6481468061,LSVOIAHX,6323.98,5748.76,1,
TXN00002805,CUST004032,James,Davis,Female,Rome,Italy,Rome,Italy,Rome,Italy,2024-08-09 19:18:40,Transfer,281.58,CNY,Target,Gas & Fuel,Payment for groceries,FALSE,6807432260,COKENUNB,5811820766,PDYQTQQQ,5884.96,5930.25,1,
TXN00001132,CUST005049,Harper,Taylor,Female,Berlin,Germany,Berlin,Germany,Berlin,Germany,2025-04-12 09:32:22,Transfer,49.1,EUR,Home Depot,Bills & Utilities,Payment for food & dining,FALSE,4300066327,UFHCCLDK,5791129924,YRQAWGXO,14499.49,14529.03,1,
TXN00002991,CUST009944,Ava,Brown,Female,Toronto,Canada,Toronto,Canada,Toronto,Canada,2024-04-01 18:41:20,Purchase,296.8,CAD,Marriott Hotels,Bills & Utilities,Payment for travel,FALSE,2214978921,WULOYUCE,9254761983,JSDXDAPT,10303.63,10274.97,1,
TXN00002222,CUST009738,Emma,Thomas,Male,Paris,France,Paris,France,Paris,France,2024-06-17 00:32:39,Purchase,33.76,USD,Whole Foods,Food & Dining,Payment for health & fitness,FALSE,5866076873,GDEQLKVD,6059482278,UYEKIAEQ,9610.42,9686.52,1,
TXN00004706,CUST003632,Michael,Lee,Male,London,UK,London,UK,London,UK,2025-09-18 10:02:58,Transfer,204.67,AUD,Starbucks,Home & Garden,Payment for health & fitness,FALSE,7131653463,GRXQOTAW,1843583695,LPYHCHVW,8468.1,9274.01,1,
TXN00001695,CUST004399,Daniel,Lopez,Female,Berlin,Germany,Berlin,Germany,Berlin,Germany,2025-06-03 20:35:51,Purchase,387.21,CHF,Netflix,Entertainment,Payment for gas & fuel,FALSE,8791465969,FOPJAZDV,3054581555,EAFWAORU,8020.39,8323.09,1,
TXN00004041,CUST003704,Robert,Martin,Female,Mexico City,Mexico,Mexico City,Mexico,Mexico City,Mexico,2025-06-28 17:51:32,Transfer,85.1,CNY,Starbucks,Electronics,Payment for shopping,FALSE,3367437382,YAYNKLMV,3572356337,CXUZBYTB,12030.42,12264.96,1,
TXN00002074,CUST005065,Thomas,Thomas,Female,Rome,Italy,Rome,Italy,Rome,Italy,2024-09-27 09:53:26,Purchase,415.06,EUR,Apple Store,Health & Fitness,Payment for shopping,FALSE,2090321963,BACHJQGJ,3654494484,TTWTUFSZ,5976.49,5172.73,1,
TXN00001952,CUST000812,Olivia,Lee,Male,Mumbai,India,Mumbai,India,Mumbai,India,2024-04-13 20:56:55,Purchase,411.71,INR,Best Buy,Electronics,Payment for travel,FALSE,7811916947,ARPVXGAB,5324331843,SRYIIDZG,9317.33,8478.79,1,
TXN00003188,CUST003766,Emma,Jackson,Female,New York,USA,New York,USA,New York,USA,2024-02-25 11:44:00,Purchase,20.89,CNY,Target,Shopping,Payment for entertainment,FALSE,1461705428,PTDFXGFN,1239334290,MNSMGWTP,10098.98,9478.98,1,
TXN00004148,CUST006484,David,Miller,Male,Madrid,Spain,Madrid,Spain,Madrid,Spain,2024-01-03 06:09:01,Transfer,19.72,GBP,Target,Groceries,Payment for groceries,FALSE,9397353438,SIRDYYJT,6427770192,PEGHFCGK,11267.48,10888.32,1,
TXN00002730,CUST009933,William,Rodriguez,Male,Berlin,Germany,Berlin,Germany,Berlin,Germany,2025-01-15 04:55:44,Transfer,50.49,USD,Uber,Bills & Utilities,Payment for food & dining,FALSE,8634680502,DDETVEQO,1244089775,IHYRPCIC,8668,9128.12,1,
TXN00004543,CUST003698,Joseph,Hernandez,Female,Mexico City,Mexico,Mexico City,Mexico,Mexico City,Mexico,2025-05-15 07:52:03,Purchase,97.02,CHF,Best Buy,Gas & Fuel,Payment for bills & utilities,FALSE,1611670736,IVNBTWSO,8757844207,JYUXITUA,8322.4,9194.79,1,
TXN00000966,CUST009751,Sophia,Rodriguez,Female,Mexico City,Mexico,Mexico City,Mexico,Mexico City,Mexico,2025-06-05 00:24:56,Purchase,335.84,CAD,Walmart,Electronics,Payment for health & fitness,FALSE,9443368428,MZVEWSUR,9536125403,ROBRVIYL,6594.55,5817.18,1,
TXN00000342,CUST004754,Thomas,Thomas,Female,Shanghai,China,Shanghai,China,Shanghai,China,2025-03-24 02:35:33,Purchase,496.88,CNY,Whole Foods,Food & Dining,Payment for health & fitness,FALSE,2904388163,NTRVEZDG,6940688000,PFEVLLXP,5244.74,6036.48,1,
TXN00000617,CUST001127,Amelia,Martin,Female,Rome,Italy,Rome,Italy,Rome,Italy,2025-01-02 05:06:33,Transfer,188.72,INR,Amazon,Electronics,Payment for travel,FALSE,9787876156,ACDJVTWW,9145533924,TGMRVVQK,7965,8542.81,1,
TXN00002476,CUST008482,Joseph,Taylor,Female,Madrid,Spain,Madrid,Spain,Madrid,Spain,2025-02-23 19:30:05,Purchase,113.37,AUD,Marriott Hotels,Food & Dining,Payment for shopping,FALSE,5769214667,JEFTNPVI,9112527308,QBVNUDMI,12757.02,11974.46,1,
TXN00001573,CUST001556,Mia,Thomas,Female,Berlin,Germany,Berlin,Germany,Berlin,Germany,2024-06-19 02:19:31,Purchase,450.41,AUD,Delta Airlines,Home & Garden,Payment for home & garden,FALSE,8138827220,LYKHWLAF,1833988029,VVRSJYNL,5648.27,6640.06,1,
TXN00001971,CUST005833,James,Martin,Female,Rome,Italy,Rome,Italy,Rome,Italy,2024-10-05 17:04:17,Transfer,319.48,AUD,Best Buy,Health & Fitness,Payment for electronics,FALSE,4762540644,CSRJTCPK,8455226940,HIVCRBFS,7361.09,7759.95,1,
TXN00001315,CUST001222,James,Williams,Male,Berlin,Germany,Berlin,Germany,Berlin,Germany,2024-03-26 10:58:54,Transfer,265.18,INR,Uber,Gas & Fuel,Payment for health & fitness,FALSE,5155358935,ARZMJXGP,1094936971,LWQEPHBI,5175.18,5027.82,1,
TXN00003484,CUST003231,Amelia,Miller,Male,Mumbai,India,Mumbai,India,Mumbai,India,2024-05-02 15:37:52,Transfer,370.79,USD,Apple Store,Entertainment,Payment for gas & fuel,FALSE,9841741726,PMBEIZHY,5243831662,SWNAFGOB,10289.58,10867.67,1,
TXN00002999,CUST001847,Harper,Miller,Female,Mumbai,India,Mumbai,India,Mumbai,India,2024-12-25 08:57:04,Purchase,276.73,USD,Netflix,Shopping,Payment for gas & fuel,FALSE,9537577678,WDTLHGYT,2221310650,TBYSDTJF,14810.78,14407.36,1,
TXN00000433,CUST006110,Evelyn,Wilson,Male,New York,USA,New York,USA,New York,USA,2024-10-05 06:53:43,Purchase,427.16,CHF,Apple Store,Shopping,Payment for food & dining,FALSE,8227384326,JIDMCZQS,8289549784,EFCCYTZG,14139.38,13539.75,1,
TXN00004271,CUST007417,Richard,Rodriguez,Female,Mumbai,India,Mumbai,India,Mumbai,India,2024-11-21 17:07:55,Purchase,504.56,CHF,Whole Foods,Gas & Fuel,Payment for entertainment,FALSE,9601676541,FFEPRNOO,2862037985,CYNPAKHB,10766.65,10969.93,1,
TXN00004031,CUST009022,Michael,Lee,Male,New York,USA,New York,USA,New York,USA,2025-01-22 15:59:04,Purchase,275.6,EUR,Whole Foods,Travel,Payment for health & fitness,FALSE,2567130789,JCNGLVTP,6562503145,WUPCFWIX,9742.25,10024.07,1,
TXN00000907,CUST001627,Amelia,Wilson,Male,Berlin,Germany,Berlin,Germany,Berlin,Germany,2025-03-10 23:30:18,Purchase,155.27,INR,Target,Electronics,Payment for home & garden,FALSE,8079597241,LFUIRKED,5131077681,QJTACPBZ,8224.32,7624.28,1,
TXN00002417,CUST004218,Olivia,Jones,Male,Dubai,UAE,Dubai,UAE,Dubai,UAE,2025-01-15 11:07:22,Transfer,393.43,EUR,Whole Foods,Food & Dining,Payment for travel,FALSE,5257277656,CFFSADMF,6662784722,SPRVFVMK,15161.5,14628.8,1,
TXN00004926,CUST001375,Isabella,Johnson,Female,London,UK,London,UK,London,UK,2024-12-28 08:36:06,Purchase,4160.97,CNY,Uber,Travel,Payment for health & fitness,FALSE,3067224953,FQLFVQNO,2541212532,REJSGXDP,10942.79,11682.36,0,High amount compared to usual
TXN00004626,CUST008700,Michael,Lee,Female,Sydney,Australia,Sydney,Australia,Sydney,Australia,2025-05-08 03:25:38,Purchase,433.28,CAD,Airbnb,Home & Garden,Payment for electronics,FALSE,9704680867,KNOSHOSW,7919533475,FGFXGJIT,7107.5,7952.2,1,
TXN00003498,CUST004140,Emma,Garcia,Female,Madrid,Spain,Madrid,Spain,Madrid,Spain,2025-01-18 18:02:23,Transfer,55.82,AUD,McDonalds,Bills & Utilities,Payment for electronics,FALSE,1162218899,KLPBDBDE,9092316668,EZFBSDWL,13331.89,13222.21,1,
TXN00003099,CUST003049,Harper,Hernandez,Male,Sydney,Australia,Sydney,Australia,Sydney,Australia,2025-06-05 05:27:51,Purchase,126.47,USD,Marriott Hotels,Shopping,Payment for food & dining,FALSE,8341669748,XFTWQDPG,7452114329,DHNVCZOD,12930.65,13375.63,1,
TXN00003203,CUST002824,James,Anderson,Female,Mexico City,Mexico,Mexico City,Mexico,Mexico City,Mexico,2024-10-12 02:06:30,Purchase,156.41,INR,Uber,Food & Dining,Payment for electronics,FALSE,2203370418,HUQCFCIK,7792714702,LXUWJSTC,9654.69,9622.93,1,
TXN00003195,CUST005505,Sophia,Martin,Female,Singapore,Singapore,Singapore,Singapore,Singapore,Singapore,2024-07-09 03:55:11,Purchase,14.84,EUR,Target,Bills & Utilities,Payment for home & garden,FALSE,3637356726,RSFXFBON,9890314751,BUJKBGAE,12201.03,11584.08,1,
TXN00003013,CUST004195,Richard,Smith,Male,Sydney,Australia,Sydney,Australia,Sydney,Australia,2025-07-24 15:46:53,Transfer,411.27,USD,Apple Store,Gas & Fuel,Payment for food & dining,FALSE,5790816979,FWPHKMJW,4399607551,OXEMZNAV,7188.17,8134.68,1,
TXN00004906,CUST003277,James,Brown,Female,Mumbai,India,Mumbai,India,Mumbai,India,2025-09-25 09:15:17,Purchase,3132.5,CNY,Apple Store,Electronics,Payment for groceries,FALSE,7112678751,XGZKVATT,1251255411,ZDSXQTNB,6645.04,7067.86,0,Unusual location pattern
TXN00002313,CUST000349,John,Jones,Female,London,UK,London,UK,London,UK,2024-04-08 15:11:22,Transfer,364.8,INR,Target,Gas & Fuel,Payment for health & fitness,FALSE,4251203461,AIFLITQU,3596788302,KDYWBSOG,10240.96,9795.37,1,
TXN00000710,CUST000794,Charlotte,Garcia,Female,Madrid,Spain,Madrid,Spain,Madrid,Spain,2025-03-30 02:20:20,Purchase,190.74,JPY,Delta Airlines,Bills & Utilities,Payment for groceries,FALSE,8528132635,NADAUTVB,5585953273,XZRRKCYJ,9070.7,9988.21,1,
TXN00004413,CUST002041,Harper,Johnson,Female,Mumbai,India,Mumbai,India,Mumbai,India,2025-02-10 16:26:10,Purchase,43.38,CNY,Walmart,Groceries,Payment for travel,FALSE,3436678885,CCEUMONK,7934224986,YBYYXAQH,12593.24,12369.74,1,
TXN00004176,CUST009854,Joseph,Rodriguez,Male,Rome,Italy,Rome,Italy,Rome,Italy,2025-05-10 01:06:21,Transfer,46.6,EUR,Uber,Bills & Utilities,Payment for health & fitness,FALSE,1353294238,DUTYMHYC,9876115245,DLQFGWDQ,4438.2,5375.05,1,
TXN00003606,CUST007911,Charlotte,Anderson,Female,Madrid,Spain,Madrid,Spain,Madrid,Spain,2024-01-13 13:32:34,Purchase,192.67,USD,Netflix,Health & Fitness,Payment for electronics,FALSE,4541527198,SRWVJOLE,5089999866,LUKCETAP,6409.33,6297.01,1,
TXN00002718,CUST000888,Harper,Lee,Female,São Paulo,Brazil,São Paulo,Brazil,São Paulo,Brazil,2025-09-27 01:51:23,Purchase,207.81,CNY,Netflix,Travel,Payment for groceries,FALSE,5605169384,ACAZXNJA,5844071529,BAHDUHFH,13407.93,12932.92,1,
TXN00002340,CUST002982,Olivia,Brown,Male,Singapore,Singapore,Singapore,Singapore,Singapore,Singapore,2025-03-02 09:23:37,Purchase,308.37,CHF,Uber,Bills & Utilities,Payment for health & fitness,FALSE,3760907616,FTTWQHYY,7565765214,LTLPRALL,9193.55,9083.27,1,
TXN00003317,CUST005635,Michael,Rodriguez,Male,Shanghai,China,Shanghai,China,Shanghai,China,2025-06-04 02:57:34,Transfer,371.01,CHF,Uber,Bills & Utilities,Payment for entertainment,FALSE,5664472892,CGXDEEHQ,2465308796,FLDEBCVG,4180.77,5046.84,1,
TXN00001022,CUST003121,Isabella,Hernandez,Female,Mexico City,Mexico,Mexico City,Mexico,Mexico City,Mexico,2024-05-01 09:37:47,Purchase,438.02,JPY,Shell Gas,Travel,Payment for bills & utilities,FALSE,3239158945,GEGBYKPO,3368616227,XLRQJGUS,6312.51,6800.84,1,
TXN00004504,CUST003796,Evelyn,Jackson,Female,Mexico City,Mexico,Mexico City,Mexico,Mexico City,Mexico,2024-09-28 21:24:35,Purchase,356.05,USD,Best Buy,Groceries,Payment for bills & utilities,FALSE,5171221049,XQMJWTME,1973104690,NMNDQONE,7598.88,6654.27,1,
TXN00001257,CUST004358,Joseph,Wilson,Female,Sydney,Australia,Sydney,Australia,Sydney,Australia,2025-07-12 03:21:04,Purchase,172.78,EUR,McDonalds,Gas & Fuel,Payment for entertainment,FALSE,7883356005,MOUDOMFM,6441985186,AAFCCUSD,8555.07,7963.11,1,
TXN00003937,CUST006724,Daniel,Smith,Female,São Paulo,Brazil,São Paulo,Brazil,São Paulo,Brazil,2025-06-07 16:40:08,Purchase,249.35,INR,Whole Foods,Home & Garden,Payment for gas & fuel,TRUE,6080603948,BILKUUQR,9813042487,CTUFNTJV,7073.33,7552,1,
TXN00004977,CUST009628,Mia,Lopez,Male,Mexico City,Mexico,São Paulo,Brazil,Mexico City,Mexico,2024-10-25 00:04:04,Transfer,5013.29,CHF,Delta Airlines,Food & Dining,Payment for travel,FALSE,3996733480,VWHFZXOG,6522051662,TWHQGUTH,7160.55,6529.84,0,High amount compared to usual
TXN00001802,CUST001091,Amelia,Johnson,Male,Tokyo,Japan,Tokyo,Japan,Tokyo,Japan,2024-06-03 12:44:15,Transfer,376.97,INR,Best Buy,Food & Dining,Payment for gas & fuel,FALSE,2227350195,AAFSZFWF,7529647236,RMUPCDQB,15140.44,14466.07,1,
TXN00001480,CUST004133,James,Martin,Male,Toronto,Canada,Toronto,Canada,Toronto,Canada,2025-08-16 05:55:44,Purchase,218.82,USD,Marriott Hotels,Bills & Utilities,Payment for food & dining,FALSE,3168881491,WLSQYXFP,4484896330,SPTYXANF,7141.8,8017.88,1,
TXN00002513,CUST002543,Richard,Miller,Male,Rome,Italy,Rome,Italy,Rome,Italy,2024-12-12 10:11:35,Purchase,449.81,CAD,Netflix,Shopping,Payment for shopping,FALSE,6634356841,WVXWPSUG,1820167887,GOKOEUPR,11743.01,12140.55,1,
TXN00003853,CUST007464,Isabella,Williams,Male,New York,USA,New York,USA,New York,USA,2025-10-06 10:46:11,Purchase,134.33,INR,Shell Gas,Bills & Utilities,Payment for food & dining,FALSE,9742524729,QYBBVRIH,1715977122,VEIRFKLD,5623.63,6040.61,1,
TXN00003206,CUST009868,Ava,Williams,Male,Berlin,Germany,Berlin,Germany,Berlin,Germany,2024-01-15 02:09:29,Purchase,391.33,EUR,Uber,Entertainment,Payment for shopping,FALSE,7523720047,XZAEDOHD,7896617788,GHIYANEY,5846.09,6772.51,1,
TXN00001099,CUST003552,Michael,Lee,Male,Shanghai,China,Shanghai,China,Shanghai,China,2024-11-13 06:55:36,Transfer,209.53,JPY,Target,Gas & Fuel,Payment for gas & fuel,FALSE,8354863714,YBATZFTG,9920701034,QLIHCQDO,14115.13,14163.81,1,
TXN00001758,CUST005115,Mia,Wilson,Female,Paris,France,Paris,France,Paris,France,2025-01-29 11:35:55,Purchase,101.73,CAD,Home Depot,Groceries,Payment for food & dining,FALSE,2930301609,BCJKDKGE,6304411134,XXJBEXEH,10756.41,9878.98,1,
TXN00004122,CUST002186,Sophia,Brown,Female,Shanghai,China,Shanghai,China,Shanghai,China,2024-01-07 14:36:09,Purchase,37.22,INR,Whole Foods,Gas & Fuel,Payment for bills & utilities,TRUE,2964667126,LUXFUALL,5742734043,ZNYZUGRV,11176.78,11040.77,1,
TXN00004882,CUST007361,David,Davis,Female,Paris,France,São Paulo,Brazil,Mumbai,India,2024-10-09 09:23:53,Purchase,3068.03,CAD,Marriott Hotels,Electronics,Payment for groceries,FALSE,2021912163,MEHUVSQX,5595462777,LKRLONUV,10812.26,10583.63,0,High amount compared to usual
TXN00001737,CUST000926,Robert,Smith,Male,Singapore,Singapore,Singapore,Singapore,Singapore,Singapore,2025-06-29 16:19:21,Transfer,92.84,USD,Uber,Health & Fitness,Payment for health & fitness,TRUE,5910705960,QRVEGITC,6403875680,CCKQBLTZ,13200.28,12491.92,1,
TXN00000726,CUST002485,Joseph,Lopez,Male,Shanghai,China,Shanghai,China,Shanghai,China,2024-04-30 06:21:08,Purchase,156.09,JPY,Shell Gas,Health & Fitness,Payment for shopping,FALSE,3463091808,PMUXYHIN,3939931217,XSYAQGNF,10421.21,10542.86,1,
TXN00001925,CUST001555,Mia,Miller,Male,Sydney,Australia,Sydney,Australia,Sydney,Australia,2024-08-27 01:54:50,Purchase,73.73,CHF,Netflix,Electronics,Payment for food & dining,FALSE,2965019711,XOFUBZAX,9638744123,HKIHHRQU,10108.11,10262.82,1,
TXN00003821,CUST001982,Ava,Wilson,Male,São Paulo,Brazil,São Paulo,Brazil,São Paulo,Brazil,2025-10-02 08:21:05,Transfer,154.65,CNY,Home Depot,Travel,Payment for home & garden,FALSE,4407032738,NMPXNLIB,5047295863,DNVINFMO,8757.27,9233.84,1,
TXN00004281,CUST009931,Joseph,Anderson,Male,Tokyo,Japan,Tokyo,Japan,Tokyo,Japan,2024-11-11 15:53:53,Purchase,503.29,EUR,Netflix,Food & Dining,Payment for entertainment,FALSE,2841622732,AKGWILWP,1421528756,MZWAXGYV,7597.75,8426.49,1,
TXN00001325,CUST007158,Daniel,Rodriguez,Male,Berlin,Germany,Berlin,Germany,Berlin,Germany,2024-10-02 16:11:10,Purchase,108.17,CNY,Shell Gas,Gas & Fuel,Payment for groceries,FALSE,6966858846,UMESAAQI,8018590198,OSSRYRBZ,4865.03,5349.94,1,
TXN00004798,CUST009881,Michael,Taylor,Male,Berlin,Germany,Mumbai,India,Paris,France,2024-09-05 14:06:15,Purchase,2187.56,CHF,Home Depot,Health & Fitness,Payment for gas & fuel,FALSE,2154991641,KRMVQZMW,5161374144,UVOZSPPI,12035.82,11102.02,0,Unusual location pattern
TXN00001452,CUST009990,Ava,Garcia,Female,São Paulo,Brazil,São Paulo,Brazil,São Paulo,Brazil,2024-09-07 20:01:57,Purchase,85.31,CNY,Shell Gas,Health & Fitness,Payment for food & dining,FALSE,6889961361,RRQWTBXH,6668538706,AKEKOAMY,10081.87,9928.64,1,
TXN00002996,CUST003272,Robert,Jackson,Male,New York,USA,New York,USA,New York,USA,2024-05-02 09:47:11,Purchase,404.26,CHF,Uber,Electronics,Payment for travel,FALSE,4977123138,WRERGTKS,6626661300,YCVNOWPI,9320.27,8945.79,1,
TXN00002833,CUST006872,Robert,Wilson,Male,Mexico City,Mexico,Mexico City,Mexico,Mexico City,Mexico,2025-09-04 11:23:38,Transfer,110.09,INR,McDonalds,Gas & Fuel,Payment for food & dining,FALSE,6883968178,IWEXPGNA,2894887006,GNSGLERB,9627.52,9386.34,1,
TXN00002038,CUST003560,Olivia,Lopez,Female,New York,USA,New York,USA,New York,USA,2025-07-23 02:18:14,Purchase,425.84,CHF,Home Depot,Electronics,Payment for travel,FALSE,8946636020,AHHMDEGS,9554629963,YSPIYSQM,5914.09,5841.2,1,
TXN00000418,CUST000074,James,Garcia,Female,Mexico City,Mexico,Mexico City,Mexico,Mexico City,Mexico,2024-01-06 12:19:53,Transfer,365.81,AUD,Shell Gas,Gas & Fuel,Payment for groceries,FALSE,4006866071,LGLCEOJN,8991463663,XMBSFWWY,10356.68,9886.4,1,
TXN00004173,CUST002687,Mia,Thomas,Male,Paris,France,Paris,France,Paris,France,2024-02-28 21:03:20,Purchase,335.1,USD,Best Buy,Groceries,Payment for food & dining,FALSE,8623216851,VXNMINBZ,8092256456,UNSBVSPW,8528.24,7713.95,1,
TXN00004102,CUST004355,Robert,Miller,Female,Paris,France,Paris,France,Paris,France,2025-02-24 20:10:04,Purchase,207.14,EUR,Best Buy,Gas & Fuel,Payment for gas & fuel,FALSE,9606472815,XQMTJXIU,1824663988,NPDWDBFC,12868.46,12085.92,1,
TXN00000591,CUST009419,Robert,Johnson,Female,Dubai,UAE,Dubai,UAE,Dubai,UAE,2024-09-03 21:57:02,Transfer,427.23,CNY,Uber,Electronics,Payment for shopping,FALSE,3808035533,RJHEISFO,9198921011,KICUQCZO,4833.39,5555.71,1,
TXN00001224,CUST001104,Ava,Martinez,Female,São Paulo,Brazil,São Paulo,Brazil,São Paulo,Brazil,2025-09-24 08:15:20,Transfer,297.91,CHF,Airbnb,Health & Fitness,Payment for entertainment,FALSE,6890191284,OOZKZJMH,7473159053,GUOOROTT,6170.9,7018.48,1,
TXN00004554,CUST008828,David,Johnson,Male,Sydney,Australia,Sydney,Australia,Sydney,Australia,2024-01-27 02:34:13,Purchase,37.07,CAD,Best Buy,Gas & Fuel,Payment for gas & fuel,FALSE,8024723067,BCEOIMOZ,8808968992,SEABVWEE,5908.86,5185.68,1,
TXN00003548,CUST009093,Daniel,Anderson,Female,Madrid,Spain,Madrid,Spain,Madrid,Spain,2025-08-10 05:17:22,Purchase,468.08,INR,Airbnb,Gas & Fuel,Payment for food & dining,FALSE,8906891203,RLMBFLWE,8670286373,PVMOXTHW,13317.18,13326.57,1,
TXN00004022,CUST001734,David,Davis,Male,Shanghai,China,Shanghai,China,Shanghai,China,2025-09-07 07:49:53,Purchase,13.96,AUD,Starbucks,Groceries,Payment for home & garden,FALSE,8409651682,UBUPANGW,8504951942,DHAXEPMR,14056.43,13218.58,1,
TXN00001893,CUST009566,Michael,Brown,Male,Mumbai,India,Mumbai,India,Mumbai,India,2024-03-07 18:49:24,Transfer,318.01,EUR,Airbnb,Shopping,Payment for entertainment,FALSE,1086363752,FCBZCKMW,2579367874,MHBYPNOY,9135.01,9760.6,1,
TXN00002765,CUST008782,William,Hernandez,Male,Madrid,Spain,Madrid,Spain,Madrid,Spain,2024-06-28 10:11:02,Transfer,291.75,INR,Target,Shopping,Payment for groceries,FALSE,9605787713,JUNBNQWE,5266943492,VYQIRXOZ,10605.91,11253.37,1,
TXN00001643,CUST001813,Sophia,Brown,Male,Singapore,Singapore,Singapore,Singapore,Singapore,Singapore,2025-07-18 08:27:40,Purchase,276.3,INR,Best Buy,Groceries,Payment for home & garden,FALSE,5103405477,OILGXEVY,6190834812,BCDAGLAQ,14372.7,14542.65,1,
TXN00002939,CUST005052,Mia,Martinez,Male,Rome,Italy,Rome,Italy,Rome,Italy,2024-08-18 22:19:00,Transfer,316.49,EUR,Netflix,Groceries,Payment for health & fitness,FALSE,1867877120,BXVUHSDU,3199641890,MOTRFGOO,6235.34,5636.07,1,
TXN00001565,CUST003755,William,Anderson,Female,São Paulo,Brazil,São Paulo,Brazil,São Paulo,Brazil,2025-07-25 17:45:36,Transfer,276.84,GBP,McDonalds,Groceries,Payment for health & fitness,FALSE,3005983800,NRUNMUGG,9496430854,RIBOEKZX,5528.34,5435.12,1,
TXN00001056,CUST008330,Michael,Lee,Male,Shanghai,China,Shanghai,China,Shanghai,China,2024-10-14 19:13:15,Purchase,254.77,EUR,Amazon,Home & Garden,Payment for shopping,FALSE,3248759145,FYJRALWE,8334242150,IVNVUDZT,11368.04,10955.92,1,
TXN00001116,CUST001236,James,Davis,Female,Tokyo,Japan,Tokyo,Japan,Tokyo,Japan,2024-01-21 18:51:51,Purchase,221.39,USD,Home Depot,Health & Fitness,Payment for travel,FALSE,7422197953,YOAASCTU,8095021886,QQRYOBNA,10937.21,11703.17,1,
TXN00000461,CUST002460,Amelia,Martinez,Male,Dubai,UAE,Dubai,UAE,Dubai,UAE,2025-03-05 09:54:04,Purchase,94.86,EUR,Netflix,Groceries,Payment for groceries,TRUE,9845526402,GOVLITDA,7028272845,VUBLUJMY,8722.17,8792.54,1,
TXN00002097,CUST002489,Olivia,Davis,Male,São Paulo,Brazil,São Paulo,Brazil,São Paulo,Brazil,2024-09-27 17:18:21,Purchase,90.01,CAD,Whole Foods,Home & Garden,Payment for groceries,FALSE,1500938623,PTYFCCQK,7584043656,FMCANMYC,10800.67,10116.84,1,
TXN00000604,CUST007325,Daniel,Taylor,Male,Mexico City,Mexico,Mexico City,Mexico,Mexico City,Mexico,2024-03-05 17:43:31,Purchase,419.9,GBP,Target,Shopping,Payment for entertainment,FALSE,1218858562,SBRUIBVT,6370903131,QXOZOFYU,7894.61,8581.26,1,
TXN00002986,CUST008317,Olivia,Jones,Male,Sydney,Australia,Sydney,Australia,Sydney,Australia,2024-09-18 13:41:23,Purchase,484.53,GBP,Apple Store,Gas & Fuel,Payment for home & garden,TRUE,2391358599,SZEHUQFI,2727104781,BCKASTKH,5583.2,6203.27,1,
TXN00003466,CUST000904,Richard,Williams,Male,Paris,France,Paris,France,Paris,France,2024-08-25 17:10:27,Transfer,59,JPY,McDonalds,Health & Fitness,Payment for food & dining,FALSE,3351837193,KCWFLGOR,6859933100,AGLSCOVN,5580.74,6121.91,1,
TXN00002920,CUST000064,John,Lee,Male,New York,USA,New York,USA,New York,USA,2025-08-10 02:54:04,Purchase,97.26,INR,Whole Foods,Groceries,Payment for bills & utilities,FALSE,9895514319,UTWPKIOH,7756832254,WTOCDKFP,9497.56,9862.85,1,
TXN00004594,CUST008069,Olivia,Martin,Male,Tokyo,Japan,Tokyo,Japan,Tokyo,Japan,2025-04-15 23:35:22,Transfer,455.36,EUR,Target,Gas & Fuel,Payment for travel,TRUE,7298403950,HCNJFHWU,3948262135,DYWUKSYT,6560.27,7050.46,1,
TXN00003344,CUST004039,James,Martin,Male,Mumbai,India,Mumbai,India,Mumbai,India,2025-03-25 15:50:55,Purchase,407.16,AUD,Whole Foods,Entertainment,Payment for groceries,FALSE,2609908300,HQYNIVEZ,4585956507,OANSLGQX,10876.56,11306.94,1,
TXN00002219,CUST000467,Amelia,Smith,Male,Berlin,Germany,Berlin,Germany,Berlin,Germany,2025-08-13 08:16:18,Purchase,123.69,JPY,Amazon,Electronics,Payment for gas & fuel,FALSE,2824116374,TDGFKRJY,5484627554,XWIZCKCV,8062.06,7187.56,1,
TXN00001206,CUST008163,Mia,Jackson,Female,New York,USA,New York,USA,New York,USA,2024-11-10 20:02:43,Purchase,162.87,GBP,Home Depot,Health & Fitness,Payment for health & fitness,TRUE,7139490096,BFAASIAA,7526164008,PBZUGXXU,6120.11,6692.45,1,
TXN00000111,CUST005619,Olivia,Williams,Male,Shanghai,China,Shanghai,China,Shanghai,China,2025-07-09 05:46:30,Purchase,416.34,CNY,McDonalds,Entertainment,Payment for travel,FALSE,4339896612,KYCTTPLR,4083950860,XXZOBSYP,14092.49,14439.12,1,
TXN00004961,CUST000824,James,Moore,Female,Mumbai,India,Mumbai,India,Mumbai,India,2024-11-12 20:16:42,Purchase,2140.32,GBP,McDonalds,Gas & Fuel,Payment for entertainment,FALSE,7277802945,MHLLUXJW,1423180374,UWAAFIQU,10750.68,11578.11,0,High amount compared to usual
TXN00001585,CUST001626,William,Lee,Female,Mumbai,India,Mumbai,India,Mumbai,India,2025-08-26 12:16:58,Purchase,332.57,AUD,Airbnb,Shopping,Payment for food & dining,FALSE,9887412833,TOLDVKVD,8191495071,NQNKMFPT,14235.91,14840.69,1,
TXN00000267,CUST007314,Michael,Brown,Female,Dubai,UAE,Dubai,UAE,Dubai,UAE,2025-06-01 10:11:42,Purchase,507.28,EUR,Shell Gas,Shopping,Payment for entertainment,FALSE,1000668953,DZQWSAQL,2344360656,UCGWOUBJ,14187.8,13358.94,1,
TXN00003090,CUST005682,John,Williams,Female,London,UK,London,UK,London,UK,2024-05-27 19:44:35,Transfer,316.96,INR,Amazon,Entertainment,Payment for home & garden,FALSE,1624092780,QTRFGVNM,5960216058,XRRUKFOQ,10408.18,10808.65,1,
TXN00002120,CUST008621,Ava,Garcia,Male,Toronto,Canada,Toronto,Canada,Toronto,Canada,2025-03-29 22:54:22,Purchase,488.35,INR,Delta Airlines,Groceries,Payment for groceries,FALSE,3246033258,AXPSLOPG,2952089123,RBWDXPMI,10671.33,10460.34,1,
TXN00001933,CUST004211,Joseph,Williams,Male,Sydney,Australia,Sydney,Australia,Sydney,Australia,2024-12-01 23:40:10,Purchase,273.71,CNY,Whole Foods,Home & Garden,Payment for gas & fuel,TRUE,6137604068,HJVPJWQZ,4468358285,PUSOOECI,10860.34,10976.01,1,
TXN00003039,CUST002788,James,Rodriguez,Female,Mumbai,India,Mumbai,India,Mumbai,India,2024-08-31 15:39:46,Purchase,148.18,GBP,McDonalds,Food & Dining,Payment for bills & utilities,FALSE,3836363449,MQERESBY,7779478714,IHZUDNBC,9191.56,8367.97,1,
TXN00000821,CUST001312,David,Lopez,Female,Tokyo,Japan,Tokyo,Japan,Tokyo,Japan,2025-05-10 12:45:59,Transfer,432.5,CAD,Best Buy,Electronics,Payment for shopping,FALSE,7158829277,TNAGYHBI,3809358648,DHMIAUYL,12305.37,12564.4,1,
TXN00002260,CUST005561,Olivia,Garcia,Female,São Paulo,Brazil,São Paulo,Brazil,São Paulo,Brazil,2025-06-02 03:57:38,Transfer,53.02,GBP,McDonalds,Entertainment,Payment for electronics,TRUE,4176876956,NWLGYBXJ,7163056672,KXEYOTGM,6036.77,5508.09,1,
TXN00001717,CUST006644,Daniel,Jones,Female,Madrid,Spain,Madrid,Spain,Madrid,Spain,2024-02-13 07:09:07,Purchase,426.23,INR,Amazon,Electronics,Payment for bills & utilities,TRUE,1847038549,LNLYXRKK,8617836085,ILHKVFTZ,12616.78,13139.37,1,
TXN00002180,CUST008531,Joseph,Lopez,Female,New York,USA,New York,USA,New York,USA,2025-02-15 23:16:58,Transfer,410.7,CNY,Amazon,Gas & Fuel,Payment for entertainment,FALSE,8576909922,BCDDRXSO,2488595022,CJALBXNQ,14418.53,14738.37,1,
TXN00000392,CUST003876,Thomas,Anderson,Female,Shanghai,China,Shanghai,China,Shanghai,China,2024-12-07 15:47:13,Purchase,279.27,CHF,Netflix,Travel,Payment for travel,FALSE,2124420972,DWINRUHU,2238042926,OJGTASCD,9081.33,9731.74,1,
TXN00000975,CUST007577,David,Miller,Male,São Paulo,Brazil,São Paulo,Brazil,São Paulo,Brazil,2024-12-19 13:17:13,Purchase,487.43,CNY,Delta Airlines,Home & Garden,Payment for home & garden,FALSE,3585243768,LMNRJDIA,3263049572,TMZBTUNR,11682.74,12238.18,1,
TXN00003595,CUST007985,Emma,Brown,Male,Tokyo,Japan,Tokyo,Japan,Tokyo,Japan,2025-03-18 01:46:03,Purchase,373.76,USD,Delta Airlines,Electronics,Payment for groceries,FALSE,6954363457,BOVTVAHN,8040642063,CJKYTTQP,12983.5,12225.25,1,
TXN00002740,CUST000853,Olivia,Miller,Female,Madrid,Spain,Madrid,Spain,Madrid,Spain,2024-03-30 08:09:32,Purchase,223.4,JPY,Shell Gas,Food & Dining,Payment for shopping,FALSE,6762454416,TOAWOSGW,7157970177,FSIOJCWQ,6599.19,5621.91,1,
TXN00002795,CUST008330,Richard,Anderson,Female,Tokyo,Japan,Tokyo,Japan,Tokyo,Japan,2025-06-13 10:43:46,Purchase,21.64,AUD,Apple Store,Groceries,Payment for gas & fuel,FALSE,2830211498,HATNYJEY,5705383566,OYWIOZQU,10210.54,9470.2,1,
TXN00002759,CUST003051,William,Martinez,Female,Singapore,Singapore,Singapore,Singapore,Singapore,Singapore,2024-01-05 15:46:26,Purchase,365.25,EUR,Amazon,Shopping,Payment for home & garden,FALSE,4939273038,KKBOELGB,5615894840,AEPIDMZB,10069.45,10551.51,1,
TXN00004330,CUST008091,Mia,Johnson,Male,Sydney,Australia,Sydney,Australia,Sydney,Australia,2025-03-16 09:07:40,Transfer,195.29,INR,Target,Gas & Fuel,Payment for entertainment,FALSE,2520599653,HBKFCSOX,7492636469,QEVIVOBG,9194.01,9352.67,1,
TXN00000578,CUST007446,Emma,Jones,Female,Madrid,Spain,Madrid,Spain,Madrid,Spain,2024-03-04 06:00:49,Purchase,273.45,CNY,Netflix,Entertainment,Payment for home & garden,FALSE,2887178372,NLSKJKBH,8533039465,RJGDKMWJ,4802.99,5506.95,1,
TXN00002022,CUST003658,James,Jones,Male,Mexico City,Mexico,Mexico City,Mexico,Mexico City,Mexico,2024-05-15 14:56:03,Purchase,363.45,USD,Uber,Bills & Utilities,Payment for home & garden,FALSE,4538908757,AFTGYETR,4990395749,LQKIEMJM,9405.52,8634.57,1,
TXN00001064,CUST003971,Thomas,Miller,Female,Singapore,Singapore,Singapore,Singapore,Singapore,Singapore,2024-02-13 07:33:48,Purchase,252.05,JPY,Airbnb,Electronics,Payment for groceries,FALSE,5955998131,OUPKLGGH,7391009594,ZMGNIVSZ,11344.15,11151.14,1,
TXN00003086,CUST003351,Robert,Smith,Male,São Paulo,Brazil,São Paulo,Brazil,São Paulo,Brazil,2025-02-22 19:20:50,Purchase,142.99,USD,Home Depot,Gas & Fuel,Payment for food & dining,FALSE,7330784596,CVQRUXYT,3474559298,YHREVJDB,9470.65,10206.62,1,
TXN00003254,CUST007841,Amelia,Smith,Male,Mumbai,India,Mumbai,India,Mumbai,India,2025-08-06 03:54:03,Purchase,277.86,CNY,Uber,Gas & Fuel,Payment for groceries,FALSE,5299269791,LEPTTQWI,3164558450,NOMGKJPS,10486.2,9800.13,1,
TXN00000866,CUST000740,Sophia,Taylor,Female,Toronto,Canada,Toronto,Canada,Toronto,Canada,2024-07-18 23:35:59,Purchase,158.51,CHF,Netflix,Electronics,Payment for health & fitness,FALSE,8935130099,NOWIDOZO,3364451146,FQOCEPKJ,12453.66,13036.39,1,
TXN00004524,CUST004912,David,Thomas,Female,Paris,France,Paris,France,Paris,France,2024-05-21 01:47:35,Purchase,113.61,CNY,Airbnb,Groceries,Payment for groceries,FALSE,1305051057,THTGHFDO,8592524068,QITVIOFX,8194.8,9022.08,1,
TXN00001035,CUST009147,Harper,Brown,Male,Mexico City,Mexico,Mexico City,Mexico,Mexico City,Mexico,2025-05-15 13:38:27,Purchase,32.77,AUD,Home Depot,Electronics,Payment for bills & utilities,FALSE,6071210181,FTTXHZSF,8741976772,VBTXXEQR,11211.74,10893.92,1,
TXN00001343,CUST007998,William,Taylor,Female,Shanghai,China,Shanghai,China,Shanghai,China,2024-10-21 16:28:45,Purchase,127.47,CNY,Delta Airlines,Home & Garden,Payment for shopping,FALSE,8013885266,BULJTOAN,6936349941,RATFWQPE,9952.62,10337.18,1,
TXN00004841,CUST001316,Evelyn,Martin,Female,Toronto,Canada,Mumbai,India,Mexico City,Mexico,2024-10-28 23:55:04,Transfer,2673.28,CHF,Shell Gas,Home & Garden,Payment for food & dining,FALSE,6623291862,YZXBCHGE,2843659655,QSRIMEXL,13148.8,13814.3,0,Login from different country than transaction
TXN00000860,CUST005486,Michael,Lee,Male,Toronto,Canada,Toronto,Canada,Toronto,Canada,2024-06-05 06:01:41,Purchase,145.68,INR,Uber,Shopping,Payment for shopping,FALSE,8456039018,NLJJAELJ,8892065082,TJLAGGIX,13827.16,13059.89,1,
TXN00004886,CUST006419,Richard,Rodriguez,Female,Rome,Italy,Rome,Italy,Rome,Italy,2025-08-08 22:00:18,Transfer,2069.23,EUR,Best Buy,Travel,Payment for travel,FALSE,7221182919,DNYEICGM,9952472111,OOJTOXGQ,10150.02,10538.36,0,Login from different country than transaction
TXN00000688,CUST008103,Mia,Lopez,Male,Shanghai,China,Shanghai,China,Shanghai,China,2025-06-04 21:36:17,Transfer,493.65,JPY,Whole Foods,Travel,Payment for home & garden,FALSE,8030853416,BPAMMXUH,8501941584,JOFCFRTO,8879.41,7976.4,1,
TXN00001640,CUST009137,Mia,Smith,Male,Sydney,Australia,Sydney,Australia,Sydney,Australia,2024-12-05 05:13:39,Transfer,72.24,CAD,Apple Store,Gas & Fuel,Payment for entertainment,FALSE,1311369269,YEIPXSFY,4581855899,KCJNMQAA,9802.62,10764.88,1,
TXN00001120,CUST004576,Michael,Lopez,Female,Singapore,Singapore,Singapore,Singapore,Singapore,Singapore,2024-04-26 07:25:06,Transfer,407.08,AUD,Walmart,Electronics,Payment for groceries,FALSE,4059402444,NFOURSBI,7373262201,MPIYGETV,14659.37,14676.85,1,
TXN00000640,CUST008572,Charlotte,Taylor,Female,Berlin,Germany,Berlin,Germany,Berlin,Germany,2024-11-13 10:27:16,Purchase,16.29,CNY,Best Buy,Electronics,Payment for health & fitness,TRUE,7795574903,KHKJNLZH,8385660392,XLXXHABT,14101.31,13334.73,1,
TXN00001504,CUST003533,Amelia,Brown,Male,Berlin,Germany,Berlin,Germany,Berlin,Germany,2024-10-06 23:14:58,Purchase,463.13,CNY,Best Buy,Bills & Utilities,Payment for gas & fuel,FALSE,9281950708,XULEPHCX,3411344215,XHWZDUGS,13301.25,12424.47,1,
TXN00003169,CUST007613,Sophia,Rodriguez,Male,Tokyo,Japan,Tokyo,Japan,Tokyo,Japan,2024-07-04 06:24:13,Transfer,279.3,CHF,Delta Airlines,Shopping,Payment for electronics,FALSE,9359340736,WXHXGWYG,5677758807,YZFTPZCD,7880.91,8039.16,1,
TXN00001187,CUST007907,Joseph,Martinez,Male,Toronto,Canada,Toronto,Canada,Toronto,Canada,2024-11-11 02:08:20,Transfer,103.41,USD,Best Buy,Electronics,Payment for gas & fuel,FALSE,7876387341,GJGWOULH,9898677751,TYIXMJMI,10473.8,10836.26,1,
TXN00003340,CUST003494,Isabella,Jackson,Male,Singapore,Singapore,Singapore,Singapore,Singapore,Singapore,2024-11-11 06:54:01,Purchase,481.36,CHF,Best Buy,Shopping,Payment for gas & fuel,FALSE,6539687098,IKFZSHJN,3263620915,GXDAUMHB,8397.49,7695.02,1,
TXN00000885,CUST003874,Isabella,Williams,Male,Shanghai,China,Shanghai,China,Shanghai,China,2025-04-28 21:56:58,Purchase,320.27,AUD,Whole Foods,Food & Dining,Payment for shopping,FALSE,6128714645,AHIQFTPJ,8135846757,VLHWKRGD,11956.57,12942.23,1,
TXN00000080,CUST007796,Charlotte,Taylor,Female,Berlin,Germany,Berlin,Germany,Berlin,Germany,2024-02-03 19:43:10,Purchase,211.96,JPY,Apple Store,Shopping,Payment for gas & fuel,TRUE,2235855313,SVNGKMLD,8888261460,CDXFUBND,13831.18,14038.88,1,
TXN00002099,CUST004260,Amelia,Wilson,Female,London,UK,London,UK,London,UK,2024-06-09 01:59:29,Transfer,200.4,CHF,Marriott Hotels,Gas & Fuel,Payment for gas & fuel,FALSE,9127760117,QVCMAFOM,7114142945,AMZYOUTW,6531.65,5926.32,1,
TXN00002469,CUST009351,Joseph,Lopez,Female,Rome,Italy,Rome,Italy,Rome,Italy,2025-06-23 17:09:27,Purchase,63.78,JPY,Starbucks,Gas & Fuel,Payment for shopping,FALSE,8123642966,YNOIVJSF,4457630155,YBTEIMGG,7688.73,7012.31,1,
TXN00000335,CUST002922,Harper,Jones,Female,Tokyo,Japan,Tokyo,Japan,Tokyo,Japan,2024-03-13 14:17:32,Purchase,188.03,CNY,McDonalds,Gas & Fuel,Payment for home & garden,FALSE,6827759455,FLZNHITO,8719576626,QQTTTCDL,6125.23,5190.2,1,
TXN00001743,CUST001907,Robert,Johnson,Male,Rome,Italy,Rome,Italy,Rome,Italy,2025-02-28 20:48:45,Transfer,460.23,EUR,Target,Electronics,Payment for home & garden,FALSE,8639389041,ZFDQYFQQ,7981618167,RWZYOSWP,12136.39,11289.1,1,
TXN00003806,CUST009478,Mia,Wilson,Female,Berlin,Germany,Berlin,Germany,Berlin,Germany,2025-04-21 13:50:06,Purchase,342.75,CNY,McDonalds,Bills & Utilities,Payment for gas & fuel,FALSE,6267891424,UELHDAQH,7782331423,GAGIZQMG,13549,14317,1,
TXN00001946,CUST005350,Richard,Johnson,Male,London,UK,London,UK,London,UK,2025-08-26 01:53:00,Transfer,88.81,USD,Uber,Food & Dining,Payment for gas & fuel,FALSE,5277592549,UQBYTUZU,7907339428,MJQXURFK,13316.72,13222.71,1,
TXN00002667,CUST002103,William,Jones,Male,Singapore,Singapore,Singapore,Singapore,Singapore,Singapore,2024-12-22 07:10:10,Purchase,431.12,JPY,Uber,Gas & Fuel,Payment for entertainment,FALSE,5972466705,CIQVBWOB,9963818577,JWFCZNSE,11615.6,11319.54,1,
TXN00002608,CUST006111,Mia,Jackson,Male,Paris,France,Paris,France,Paris,France,2024-03-08 09:25:39,Purchase,476.5,AUD,Amazon,Home & Garden,Payment for travel,FALSE,9989498784,LIAUSGVP,2580919073,HKVLNELT,13291.4,13045.05,1,
TXN00000373,CUST009262,Daniel,Smith,Male,Shanghai,China,Shanghai,China,Shanghai,China,2024-03-31 18:06:15,Purchase,69.12,CHF,Walmart,Entertainment,Payment for home & garden,FALSE,8103016252,YYPJQMPI,5996346266,TFVTEHPK,6741.56,6605.69,1,
TXN00003749,CUST007525,Sophia,Williams,Female,Madrid,Spain,Madrid,Spain,Madrid,Spain,2025-01-30 07:06:42,Purchase,464.57,CNY,Netflix,Food & Dining,Payment for entertainment,FALSE,7853694073,XEYQKHBB,2166588429,LSURNKLO,12561.48,12917.08,1,
TXN00004250,CUST006452,Mia,Miller,Female,Mexico City,Mexico,Mexico City,Mexico,Mexico City,Mexico,2025-07-05 19:19:11,Purchase,284.9,USD,Airbnb,Food & Dining,Payment for groceries,FALSE,2153574919,KWQVQLKA,7019137490,FNRIUDLY,5281.73,6144.15,1,
TXN00000820,CUST006382,Ava,Jackson,Female,New York,USA,New York,USA,New York,USA,2025-02-07 13:25:46,Purchase,464.27,EUR,Netflix,Food & Dining,Payment for groceries,FALSE,9401190721,YQUEIBJH,1240960070,TNUZGUMS,11100.51,10929.29,1,
TXN00001912,CUST008488,William,Brown,Male,Singapore,Singapore,Singapore,Singapore,Singapore,Singapore,2025-06-28 19:37:01,Purchase,410.57,GBP,Uber,Entertainment,Payment for electronics,FALSE,9510712605,UIAMQYQJ,3845050829,JWZKEJRE,6508.73,6951.06,1,
TXN00003720,CUST005133,Olivia,Lee,Female,New York,USA,New York,USA,New York,USA,2025-04-13 22:37:08,Purchase,446.73,JPY,Airbnb,Gas & Fuel,Payment for bills & utilities,FALSE,5864294938,UHGRPEPH,4928132323,NJRYROJP,5586.02,6268.14,1,
TXN00002403,CUST003656,David,Smith,Female,Sydney,Australia,Sydney,Australia,Sydney,Australia,2025-04-24 15:10:24,Purchase,485.1,CNY,Amazon,Electronics,Payment for food & dining,TRUE,1579709592,HMOULLIC,3206345829,YNQCQYEB,5912.75,6527.65,1,
TXN00004651,CUST004437,Michael,Johnson,Male,Paris,France,Paris,France,Paris,France,2024-10-05 22:28:20,Purchase,121.52,CNY,Airbnb,Gas & Fuel,Payment for health & fitness,FALSE,6404332550,UZLZVNAS,7517741146,ENNGWQSN,8622.28,9555.64,1,
TXN00003229,CUST006178,Sophia,Miller,Male,Singapore,Singapore,Singapore,Singapore,Singapore,Singapore,2025-02-20 13:25:18,Purchase,68.1,USD,Whole Foods,Home & Garden,Payment for entertainment,FALSE,3397228337,ZSMFHOAQ,8725115457,NEORHOMB,5342,5783.47,1,
TXN00003155,CUST001159,William,Brown,Male,Toronto,Canada,Toronto,Canada,Toronto,Canada,2024-10-25 01:35:58,Purchase,486.36,GBP,Uber,Home & Garden,Payment for groceries,FALSE,4834589852,PJVWXJHN,5401544367,GAFVJLFO,8510.17,8535.58,1,
TXN00000692,CUST005294,Evelyn,Martin,Male,New York,USA,New York,USA,New York,USA,2025-06-17 04:18:45,Purchase,96.52,GBP,Amazon,Shopping,Payment for entertainment,FALSE,5256104367,WRQVASKX,7832047972,PLBNVPMF,6254.96,6147.09,1,
TXN00001772,CUST004749,Emma,Moore,Female,Dubai,UAE,Dubai,UAE,Dubai,UAE,2025-06-10 20:56:13,Transfer,335.06,AUD,Walmart,Travel,Payment for travel,FALSE,9966378267,KEVAXTOI,5221483325,RGBOWWPM,5424.49,6274.13,1,
TXN00000078,CUST008811,Sophia,Moore,Male,Mumbai,India,Mumbai,India,Mumbai,India,2025-01-30 12:24:03,Purchase,351.4,CAD,Walmart,Gas & Fuel,Payment for travel,FALSE,9171783531,RKNYXCCV,9223547878,HIPTBNJK,8975.1,9169.88,1,
TXN00001458,CUST005949,Daniel,Brown,Female,Mumbai,India,Mumbai,India,Mumbai,India,2024-08-30 16:10:18,Purchase,256.26,CAD,Marriott Hotels,Food & Dining,Payment for food & dining,FALSE,1697185842,MOLYSOCU,2690041579,QOFWLRKL,6122.27,5930.77,1,
TXN00000178,CUST006282,Emma,Martinez,Male,Tokyo,Japan,Tokyo,Japan,Tokyo,Japan,2024-10-29 14:39:03,Purchase,64.39,USD,Shell Gas,Travel,Payment for travel,FALSE,6071584051,OFFRCVTV,7195730788,CUEIJNDH,7216.23,7037.68,1,
TXN00003836,CUST000959,Joseph,Garcia,Male,Madrid,Spain,Madrid,Spain,Madrid,Spain,2024-10-19 01:19:31,Purchase,312.62,GBP,Uber,Gas & Fuel,Payment for entertainment,TRUE,4521304917,YPLHZCOP,9847705158,EISOTJYA,14135.38,13669.6,1,
TXN00004776,CUST009896,Evelyn,Smith,Female,Tokyo,Japan,Sydney,Australia,Toronto,Canada,2025-04-27 15:42:44,Transfer,3518.19,EUR,Best Buy,Travel,Payment for home & garden,FALSE,5698820040,BJCYIZRR,2326529520,EYPAZHFN,12288.09,12654.95,0,Multiple transactions in short time
TXN00003785,CUST007137,Sophia,Moore,Female,Singapore,Singapore,Singapore,Singapore,Singapore,Singapore,2024-04-24 09:38:13,Purchase,108,AUD,Shell Gas,Bills & Utilities,Payment for home & garden,FALSE,2903984406,LOMNKCXV,3411920106,QCTWQSZB,12490.37,12432.19,1,
TXN00002320,CUST001295,Charlotte,Martin,Female,Berlin,Germany,Berlin,Germany,Berlin,Germany,2025-03-28 02:44:53,Purchase,278.56,EUR,Uber,Gas & Fuel,Payment for health & fitness,FALSE,3031107962,IBXTNHRH,5287072961,QYEBFKDB,13347.03,13982.04,1,
TXN00004630,CUST005835,Olivia,Martinez,Male,Singapore,Singapore,Singapore,Singapore,Singapore,Singapore,2024-06-24 17:40:48,Transfer,293.35,EUR,Home Depot,Travel,Payment for entertainment,FALSE,3496943384,BZVDYYGC,3735910164,YATIAAXV,7410.12,7225.41,1,
TXN00004622,CUST000810,Mia,Williams,Female,New York,USA,New York,USA,New York,USA,2024-07-04 19:48:02,Purchase,433.78,USD,Delta Airlines,Electronics,Payment for travel,TRUE,4389375594,TKMGXDKB,6834518957,GJTOVYEK,12903.02,13497.23,1,
TXN00000126,CUST005740,Richard,Moore,Female,Berlin,Germany,Berlin,Germany,Berlin,Germany,2024-10-22 21:39:33,Transfer,311.2,USD,Best Buy,Groceries,Payment for shopping,FALSE,2878786029,KBOMNIWF,2439856804,DJGEMZMF,7905.64,8318.12,1,
TXN00003915,CUST003435,Olivia,Johnson,Female,Tokyo,Japan,Tokyo,Japan,Tokyo,Japan,2025-09-22 17:57:46,Transfer,284.94,INR,McDonalds,Travel,Payment for shopping,FALSE,3061387369,REPRRGSH,5989340602,VUMRTXRO,5662.72,5769.68,1,
TXN00003942,CUST002214,James,Lopez,Male,Berlin,Germany,Berlin,Germany,Berlin,Germany,2024-01-04 17:16:48,Purchase,212.55,CNY,Home Depot,Electronics,Payment for bills & utilities,FALSE,3573043218,WZVZKCIO,7566206886,RKXAOKNH,15433.19,14467.24,1,
TXN00002135,CUST002295,David,Lopez,Male,Mexico City,Mexico,Mexico City,Mexico,Mexico City,Mexico,2024-12-25 00:50:34,Purchase,444.28,EUR,Starbucks,Electronics,Payment for home & garden,TRUE,8680552538,TVOAJDEQ,3014068265,YPUKIMXS,9985.34,9829.96,1,
TXN00004076,CUST000850,Richard,Davis,Male,Singapore,Singapore,Singapore,Singapore,Singapore,Singapore,2025-05-10 12:41:40,Purchase,410.44,USD,McDonalds,Home & Garden,Payment for gas & fuel,FALSE,1486008602,YWLGZJFV,5401831760,FWIZLUAR,15908.89,14947.05,1,
TXN00001115,CUST003084,Daniel,Jackson,Female,Rome,Italy,Rome,Italy,Rome,Italy,2024-06-16 02:57:16,Transfer,426.74,CHF,Whole Foods,Gas & Fuel,Payment for food & dining,FALSE,9579638495,LICTPAYB,3136938216,LUOUQQTX,8148.28,8383.62,1,
TXN00004030,CUST001432,Ava,Johnson,Male,Mexico City,Mexico,Mexico City,Mexico,Mexico City,Mexico,2025-01-25 01:03:05,Purchase,127.68,GBP,Netflix,Gas & Fuel,Payment for gas & fuel,FALSE,8509574833,JASUEZIJ,6227114294,HQITZNRT,7441.5,7873.47,1,
TXN00004324,CUST006746,Evelyn,Miller,Female,Toronto,Canada,Toronto,Canada,Toronto,Canada,2025-09-29 20:14:35,Purchase,132.99,GBP,Marriott Hotels,Health & Fitness,Payment for travel,FALSE,4376426153,PNKVGCQV,5749927098,MXBRSEAY,5694.14,5690.91,1,
TXN00004130,CUST005174,William,Smith,Female,Rome,Italy,Rome,Italy,Rome,Italy,2024-08-06 04:57:18,Purchase,196.09,GBP,Apple Store,Gas & Fuel,Payment for food & dining,TRUE,6740321136,JWJHYYTN,4135048598,NZOAJGAA,10769.34,10056.9,1,
TXN00001158,CUST008190,Thomas,Taylor,Male,Dubai,UAE,Dubai,UAE,Dubai,UAE,2025-03-24 16:11:45,Transfer,369.31,CAD,Starbucks,Shopping,Payment for travel,TRUE,6033005119,ENUCQNJB,6809425375,QFPWSVTO,13710.3,13790.31,1,
TXN00004780,CUST001486,John,Brown,Male,Tokyo,Japan,Tokyo,Japan,Madrid,Spain,2025-06-21 22:44:43,Purchase,3436.2,USD,Netflix,Gas & Fuel,Payment for shopping,FALSE,6111805978,DTICLVCG,4631563256,GIQUQNUV,8893.73,8139.49,0,Unusual location pattern
TXN00004457,CUST008833,Harper,Martin,Female,Dubai,UAE,Dubai,UAE,Dubai,UAE,2025-08-23 01:11:03,Purchase,118.43,USD,Starbucks,Food & Dining,Payment for gas & fuel,FALSE,8372196238,PNZDPUXR,4466380906,NLJSNTPR,12372.95,13024.75,1,
TXN00001746,CUST009761,Emma,Miller,Female,New York,USA,New York,USA,New York,USA,2025-09-03 11:30:13,Purchase,178.39,CHF,Walmart,Food & Dining,Payment for home & garden,FALSE,3305534658,UIIBFFZM,1596222408,SYAPYEMZ,7029.65,6800.31,1,
TXN00004910,CUST002201,James,Garcia,Male,Berlin,Germany,Tokyo,Japan,Berlin,Germany,2024-01-28 16:21:11,Purchase,4243.7,CAD,Walmart,Shopping,Payment for shopping,FALSE,7135480685,SLCYXITA,9343661484,ZNOPTFLR,9161.74,9193.19,0,Unusual location pattern
TXN00002741,CUST008590,Amelia,Rodriguez,Female,Berlin,Germany,Berlin,Germany,Berlin,Germany,2024-05-26 09:05:02,Purchase,233.41,GBP,Uber,Home & Garden,Payment for health & fitness,FALSE,9220000021,ZLIEUSKO,1612239954,RGLZBLNO,10505.17,10936.78,1,
TXN00004653,CUST006402,William,Anderson,Male,Toronto,Canada,Toronto,Canada,Toronto,Canada,2024-06-27 08:43:57,Purchase,267.94,JPY,Target,Health & Fitness,Payment for gas & fuel,FALSE,1229833038,MYWPTKEP,9467087207,HAVBUCHV,4916.34,5777.06,1,
TXN00004973,CUST009808,Michael,Taylor,Female,Toronto,Canada,Toronto,Canada,Berlin,Germany,2025-04-06 19:04:27,Purchase,4860.9,CAD,Target,Travel,Payment for travel,FALSE,5946299401,SDVOKYJP,8803779960,AEUKLMMB,4812.75,5636.24,0,Multiple transactions in short time
TXN00001812,CUST009830,Amelia,Jones,Male,Madrid,Spain,Madrid,Spain,Madrid,Spain,2024-12-28 15:02:08,Purchase,141.79,INR,Best Buy,Bills & Utilities,Payment for home & garden,FALSE,8705865416,WCUHCWLO,3105728015,NXJKEHCU,5221.53,5215.28,1,
TXN00000663,CUST008549,Olivia,Jackson,Male,Toronto,Canada,Toronto,Canada,Toronto,Canada,2025-07-25 12:16:01,Transfer,366.74,JPY,Starbucks,Home & Garden,Payment for food & dining,TRUE,6836027714,NSVDGKZP,9096468428,LUYVYUWX,7847.33,8342.78,1,
TXN00004263,CUST008854,Harper,Davis,Male,Toronto,Canada,Toronto,Canada,Toronto,Canada,2024-08-12 01:04:53,Purchase,296.59,CHF,Uber,Health & Fitness,Payment for electronics,FALSE,4543124317,HTRSEYGM,9429674243,GUTELOCZ,10655.14,10602.49,1,
TXN00002387,CUST009523,Amelia,Wilson,Male,Singapore,Singapore,Singapore,Singapore,Singapore,Singapore,2024-04-15 04:09:45,Purchase,23.86,USD,Uber,Groceries,Payment for food & dining,FALSE,5757901151,CDHFNJPD,8995205210,AOBRBWMK,9455.1,8576.81,1,
TXN00003556,CUST001555,Joseph,Moore,Female,Madrid,Spain,Madrid,Spain,Madrid,Spain,2024-04-21 03:02:44,Purchase,140.25,CHF,Target,Home & Garden,Payment for bills & utilities,FALSE,6209272145,EFQHJEVW,1973854394,MRDUWGHN,10035.06,10390.75,1,
TXN00004523,CUST000612,Thomas,Martin,Male,Rome,Italy,Rome,Italy,Rome,Italy,2024-05-25 02:04:27,Purchase,216.6,CNY,McDonalds,Electronics,Payment for shopping,FALSE,8541153315,RUPVZLOH,7667315439,IXDPQWDN,6338.91,6609.95,1,
TXN00004036,CUST007028,William,Jackson,Female,Tokyo,Japan,Tokyo,Japan,Tokyo,Japan,2024-08-23 07:52:20,Transfer,416.84,GBP,Whole Foods,Electronics,Payment for travel,FALSE,6752862130,JBOLGFMV,1664983686,PLWRKMCL,5720.79,6575.77,1,
TXN00002995,CUST001107,Emma,Martinez,Female,Rome,Italy,Rome,Italy,Rome,Italy,2025-02-13 11:00:46,Purchase,57.29,CAD,Apple Store,Health & Fitness,Payment for food & dining,FALSE,8586808287,SZBMNMYM,4857010036,CLALPLFA,9097.21,8384.28,1,
TXN00002836,CUST001769,Ava,Thomas,Female,Singapore,Singapore,Singapore,Singapore,Singapore,Singapore,2024-01-16 05:03:16,Purchase,10.79,AUD,McDonalds,Travel,Payment for gas & fuel,FALSE,3256325903,ORJJSEKF,8283543514,XEBPZZXI,11813.26,12476.6,1,
TXN00003899,CUST005599,Robert,Martin,Male,Madrid,Spain,Madrid,Spain,Madrid,Spain,2025-07-01 10:55:42,Purchase,71.49,JPY,Target,Health & Fitness,Payment for bills & utilities,FALSE,5116632593,YNTARMFO,8163042415,BWJGIDPV,10386.75,10638.46,1,
TXN00002489,CUST000305,David,Brown,Female,Sydney,Australia,Sydney,Australia,Sydney,Australia,2025-04-15 14:15:24,Purchase,244.99,CAD,Shell Gas,Home & Garden,Payment for entertainment,FALSE,7196143538,UDPSREII,2103982240,WUJVBEWV,8654.33,9451.62,1,
TXN00004635,CUST000652,Daniel,Wilson,Male,Rome,Italy,Rome,Italy,Rome,Italy,2025-07-14 16:01:24,Purchase,502.82,JPY,McDonalds,Electronics,Payment for shopping,FALSE,6567555427,JZQGAZAL,3449718574,LCAMKMKW,5982.31,5911.91,1,
TXN00000763,CUST006239,Isabella,Williams,Male,Mumbai,India,Mumbai,India,Mumbai,India,2024-02-02 02:11:03,Transfer,121.01,CNY,Apple Store,Travel,Payment for electronics,FALSE,7894431419,GFTDCAID,4419960345,QONQIOTE,9683.17,10547.78,1,
TXN00000508,CUST001108,Emma,Lopez,Male,Paris,France,Paris,France,Paris,France,2025-06-12 08:22:13,Transfer,464.85,GBP,Airbnb,Entertainment,Payment for shopping,FALSE,1027424708,CPSYROOP,7827262463,CZZEMJHX,6693.73,5847.87,1,
TXN00000242,CUST000555,Robert,Lopez,Female,Rome,Italy,Rome,Italy,Rome,Italy,2024-01-18 01:54:26,Purchase,37.43,USD,McDonalds,Shopping,Payment for gas & fuel,TRUE,9458139543,CKEFVVHH,8075980426,BHNJXQSV,6192.86,6284.77,1,
TXN00003828,CUST003638,Joseph,Anderson,Female,Berlin,Germany,Berlin,Germany,Berlin,Germany,2024-04-23 20:19:21,Purchase,173.45,JPY,Marriott Hotels,Health & Fitness,Payment for food & dining,TRUE,6865946250,KUBTXDLD,8423846552,OGCALNHM,4665.31,5218.9,1,
TXN00001950,CUST001229,Ava,Martin,Female,Rome,Italy,Rome,Italy,Rome,Italy,2024-04-06 17:30:07,Transfer,502.13,AUD,Uber,Groceries,Payment for home & garden,FALSE,3355967299,ENYQUCPI,9563852658,OVIMQWFA,6155.89,6888.78,1,
TXN00003167,CUST006570,James,Martinez,Male,Paris,France,Paris,France,Paris,France,2024-08-09 14:51:05,Transfer,37.59,CAD,Whole Foods,Electronics,Payment for bills & utilities,FALSE,1758605805,CDQMWFBE,2948069160,LSOHYNDE,6803.54,6898.41,1,
TXN00003446,CUST000198,Thomas,Martin,Male,Dubai,UAE,Dubai,UAE,Dubai,UAE,2025-05-26 10:39:00,Purchase,317.71,CNY,Amazon,Food & Dining,Payment for electronics,FALSE,8263221377,IBLUNFKX,4847598708,EXYOXEOZ,9708.84,9602.78,1,
TXN00002733,CUST004719,Harper,Anderson,Female,Rome,Italy,Rome,Italy,Rome,Italy,2025-10-06 14:34:57,Purchase,342.22,CHF,Delta Airlines,Health & Fitness,Payment for gas & fuel,FALSE,8596967427,SHSIMEGW,6032356600,BDHAYGFK,6114.95,6424.72,1,
TXN00003657,CUST007106,Sophia,Martin,Male,Mexico City,Mexico,Mexico City,Mexico,Mexico City,Mexico,2024-10-10 17:46:54,Transfer,271.09,CNY,Marriott Hotels,Bills & Utilities,Payment for bills & utilities,FALSE,2699681120,HHPSDLCI,6742438792,JOALXYNT,14659.93,13821.59,1,
TXN00001951,CUST006008,James,Anderson,Female,Mumbai,India,Mumbai,India,Mumbai,India,2024-10-02 21:24:53,Purchase,198.55,CHF,McDonalds,Food & Dining,Payment for entertainment,FALSE,3561821502,VUDUYFYP,1855611202,LFASNCSE,8613.59,8419.22,1,
TXN00000106,CUST007872,Harper,Williams,Male,Rome,Italy,Rome,Italy,Rome,Italy,2025-10-04 08:16:27,Purchase,159.87,JPY,McDonalds,Food & Dining,Payment for groceries,FALSE,5783833426,DJWPPRSE,2326053808,DIPGPIPT,11669.42,11809.18,1,
TXN00004288,CUST002313,Robert,Hernandez,Male,Paris,France,Paris,France,Paris,France,2025-03-09 22:28:37,Purchase,252.94,EUR,Delta Airlines,Travel,Payment for home & garden,FALSE,1454978784,EOFXXJZL,8518206502,DDOGEKVC,13189.94,14091.51,1,
TXN00001930,CUST007711,Ava,Jackson,Female,Mumbai,India,Mumbai,India,Mumbai,India,2024-07-04 22:39:23,Purchase,405.82,CAD,McDonalds,Food & Dining,Payment for home & garden,FALSE,8952199645,NOIZPTWG,5627907161,EALCRYFS,4844.26,5447.22,1,
TXN00003925,CUST002329,Evelyn,Lopez,Female,São Paulo,Brazil,São Paulo,Brazil,São Paulo,Brazil,2024-06-11 11:57:04,Purchase,148.36,INR,Target,Home & Garden,Payment for food & dining,FALSE,4104960740,RSPDTOZO,1262962121,HWPJJHEH,10856.13,11182.09,1,
TXN00002698,CUST009127,Charlotte,Wilson,Male,Berlin,Germany,Berlin,Germany,Berlin,Germany,2025-02-07 14:07:29,Purchase,18.73,INR,Whole Foods,Travel,Payment for food & dining,FALSE,3301429606,JPDAKRHN,5954837491,XOJYBVCA,13656.48,12727.91,1,
TXN00004891,CUST008590,Michael,Lee,Male,Madrid,Spain,Madrid,Spain,Tokyo,Japan,2025-02-20 19:04:16,Purchase,4126.28,CAD,McDonalds,Shopping,Payment for shopping,FALSE,1951035239,KENGLAUD,4341278958,SBIEHYYG,13800.35,13600.33,0,Velocity check failed
TXN00002229,CUST009179,Mia,Thomas,Male,Singapore,Singapore,Singapore,Singapore,Singapore,Singapore,2024-08-12 06:40:53,Purchase,239.4,USD,Amazon,Home & Garden,Payment for entertainment,FALSE,6757710913,UOOXSIXU,2864101027,FHGUZVOH,12504.9,12871.82,1,
TXN00003847,CUST006140,William,Rodriguez,Male,Toronto,Canada,Toronto,Canada,Toronto,Canada,2025-06-30 08:00:02,Purchase,400.28,CHF,Marriott Hotels,Bills & Utilities,Payment for health & fitness,FALSE,9438679039,AUTGSAUK,7655484450,DCEPOWSX,14416.75,14202.5,1,
TXN00000767,CUST008401,Richard,Taylor,Male,Paris,France,Paris,France,Paris,France,2024-06-18 18:21:32,Purchase,306.55,GBP,Amazon,Entertainment,Payment for gas & fuel,TRUE,3066969947,CHFOFXAV,5999258072,HICTKRNT,11031.85,10709.06,1,
TXN00000001,CUST004622,James,Hernandez,Male,Singapore,Singapore,Singapore,Singapore,Singapore,Singapore,2025-01-05 17:36:07,Purchase,472.23,CNY,Apple Store,Health & Fitness,Payment for entertainment,FALSE,7029331188,RUWYGITB,3257274739,JIOYSRQQ,6136.12,6996.39,1,
TXN00004805,CUST009330,James,Rodriguez,Female,Mexico City,Mexico,Shanghai,China,Toronto,Canada,2024-06-16 12:42:45,Purchase,1401.24,GBP,Starbucks,Travel,Payment for electronics,FALSE,9001825607,QRVUYSZH,6361486023,BKSLJYQQ,9645.33,9037.27,0,Known fraudulent merchant
TXN00001307,CUST006006,Emma,Martin,Male,Rome,Italy,Rome,Italy,Rome,Italy,2024-09-05 18:48:11,Purchase,189.78,CHF,Delta Airlines,Bills & Utilities,Payment for entertainment,TRUE,5777721259,DXKYTDAJ,3088984204,FBBGWLWS,7024.2,6937.12,1,
TXN00003391,CUST002007,Robert,Thomas,Female,Madrid,Spain,Madrid,Spain,Madrid,Spain,2024-10-15 10:46:56,Purchase,170.64,JPY,Home Depot,Gas & Fuel,Payment for entertainment,FALSE,9859738354,DDWAWEFH,5526829566,SEYEZYQT,12493.54,13130.37,1,
TXN00002337,CUST006659,Evelyn,Wilson,Male,Mexico City,Mexico,Mexico City,Mexico,Mexico City,Mexico,2024-03-25 15:36:48,Purchase,227.21,AUD,Marriott Hotels,Shopping,Payment for bills & utilities,FALSE,6699620135,YIEEJZHT,5435094785,TPHPGBFD,14036.26,14896.83,1,
TXN00001824,CUST001985,Olivia,Taylor,Female,São Paulo,Brazil,São Paulo,Brazil,São Paulo,Brazil,2025-02-18 15:59:43,Purchase,27.55,EUR,Whole Foods,Gas & Fuel,Payment for electronics,FALSE,1274881537,HMQSXFGU,5550700211,PNWGSKCB,5455.54,5974.19,1,
TXN00000803,CUST004591,William,Moore,Female,Mumbai,India,Mumbai,India,Mumbai,India,2025-08-08 23:10:35,Purchase,469.83,CNY,Target,Electronics,Payment for health & fitness,FALSE,3858715568,SMOKMLIM,5024835025,HBZCBVLK,13048.75,12934.03,1,
TXN00003926,CUST003574,Evelyn,Wilson,Female,Dubai,UAE,Dubai,UAE,Dubai,UAE,2025-01-14 06:17:26,Transfer,266.66,USD,Target,Electronics,Payment for electronics,FALSE,1884088333,FCHETCPK,4566753891,MOCQKTWZ,12000.31,12567.89,1,
TXN00002984,CUST005108,Mia,Moore,Female,Singapore,Singapore,Singapore,Singapore,Singapore,Singapore,2024-06-04 05:49:39,Transfer,182.51,GBP,Apple Store,Shopping,Payment for travel,FALSE,2094793851,DYZMCOIO,4616387700,HFPOJYYT,7824.39,8204.26,1,
TXN00004074,CUST006594,John,Lopez,Female,Singapore,Singapore,Singapore,Singapore,Singapore,Singapore,2024-01-15 10:44:17,Purchase,504.59,GBP,Delta Airlines,Shopping,Payment for health & fitness,FALSE,4372054624,HZBRROYN,1883421387,WTKZASYM,7823.58,8608.67,1,
TXN00000514,CUST004465,Richard,Davis,Female,Singapore,Singapore,Singapore,Singapore,Singapore,Singapore,2024-05-02 23:21:47,Purchase,68.22,CHF,Netflix,Electronics,Payment for gas & fuel,FALSE,4866941926,GZTNHFEE,5378099053,VAGBDJWI,9101.23,8848.56,1,
TXN00004244,CUST001983,Michael,Miller,Male,São Paulo,Brazil,São Paulo,Brazil,São Paulo,Brazil,2024-06-10 09:51:51,Transfer,414.77,INR,McDonalds,Food & Dining,Payment for groceries,FALSE,9672667918,RHEWZPTS,4471794578,YONDJAOQ,6370.08,6542.82,1,
TXN00000574,CUST004758,Mia,Martin,Female,Mumbai,India,Mumbai,India,Mumbai,India,2025-08-28 14:49:38,Transfer,308.17,EUR,Shell Gas,Gas & Fuel,Payment for health & fitness,FALSE,4852713005,ZTABEJPL,7282377643,BXEORXCQ,12987.62,12197.74,1,
TXN00000800,CUST007741,Mia,Martinez,Female,Rome,Italy,Rome,Italy,Rome,Italy,2025-06-20 05:34:47,Purchase,46.53,INR,Walmart,Entertainment,Payment for electronics,FALSE,1998772337,KAYHJWBJ,3586333079,JXPZZSWX,12105.07,12276.23,1,
TXN00004631,CUST003436,Emma,Jackson,Female,Tokyo,Japan,Tokyo,Japan,Tokyo,Japan,2025-08-29 12:38:22,Transfer,458.04,CAD,Apple Store,Home & Garden,Payment for groceries,FALSE,2052332953,KSXAMWSI,8044776025,JWESPBBJ,10500.12,11139.92,1,
TXN00003325,CUST008329,William,Garcia,Male,Shanghai,China,Shanghai,China,Shanghai,China,2024-05-14 19:59:58,Purchase,145.68,EUR,Starbucks,Gas & Fuel,Payment for home & garden,FALSE,7995523539,OTKXTCIC,9019187724,ZJJINTNB,10683.68,10328.22,1,
TXN00004723,CUST002452,Charlotte,Smith,Female,Madrid,Spain,Madrid,Spain,Madrid,Spain,2025-07-23 10:20:03,Purchase,230.91,JPY,Walmart,Gas & Fuel,Payment for home & garden,FALSE,1198584927,KLAPTDKD,2477392287,IKYPRLHU,6088.45,6967,1,
TXN00003838,CUST009435,David,Thomas,Male,Madrid,Spain,Madrid,Spain,Madrid,Spain,2024-01-30 01:06:22,Purchase,130.07,GBP,Target,Electronics,Payment for entertainment,FALSE,9363450364,WUNPWHYW,1253355059,KPYOQUOT,11440.9,11195.1,1,
TXN00001027,CUST007097,Sophia,Smith,Female,Dubai,UAE,Dubai,UAE,Dubai,UAE,2024-07-04 17:45:35,Purchase,229.66,AUD,Target,Health & Fitness,Payment for travel,FALSE,8494471708,NHPUOLYG,8731195034,WKUIOYWQ,13155.31,13683.29,1,
TXN00002565,CUST009259,Harper,Johnson,Male,Mumbai,India,Mumbai,India,Mumbai,India,2025-09-29 22:06:20,Purchase,225.4,CNY,Marriott Hotels,Food & Dining,Payment for groceries,TRUE,2514848348,OWWIUWZL,6154249875,CUNKZDHM,9068.9,9390.21,1,
TXN00000197,CUST008532,Isabella,Martin,Male,Sydney,Australia,Sydney,Australia,Sydney,Australia,2025-07-05 00:36:10,Purchase,118.43,GBP,Uber,Entertainment,Payment for home & garden,FALSE,6217638230,SHWJUHYH,5618574227,BFXQVLRK,10020.18,10450.51,1,
TXN00004305,CUST005552,David,Davis,Male,Paris,France,Paris,France,Paris,France,2025-06-25 11:16:08,Transfer,14.28,EUR,Apple Store,Entertainment,Payment for groceries,FALSE,4671501393,HXTAJFMN,3464499140,YSQOYJZD,10940.13,11660.75,1,
TXN00001634,CUST003672,Joseph,Garcia,Female,Toronto,Canada,Toronto,Canada,Toronto,Canada,2024-05-31 10:19:42,Transfer,395.08,USD,McDonalds,Entertainment,Payment for travel,FALSE,4410608828,XIMPBXCL,7342513295,RDMXGPTW,11571.26,12460.23,1,
TXN00004138,CUST003766,Charlotte,Wilson,Female,Rome,Italy,Rome,Italy,Rome,Italy,2024-10-09 15:36:52,Transfer,336.33,JPY,Whole Foods,Electronics,Payment for food & dining,FALSE,4636438765,UDDYTZKF,9884603499,KISRIJUY,10348.58,10856.18,1,
TXN00004952,CUST000861,Sophia,Hernandez,Female,Sydney,Australia,Sydney,Australia,Paris,France,2024-12-01 15:59:52,Purchase,1028.47,CAD,Uber,Gas & Fuel,Payment for food & dining,FALSE,4624234694,ZDJDOOHW,8754621872,STELQKTE,13523.5,14374.81,0,Known fraudulent merchant
TXN00004903,CUST006027,Harper,Williams,Male,Shanghai,China,Dubai,UAE,Mexico City,Mexico,2024-07-15 14:42:29,Purchase,2496.59,CAD,Airbnb,Electronics,Payment for health & fitness,FALSE,9287055664,DTYHJRYZ,9149455364,RHRQKDEA,5510.6,6196.12,0,Account takeover suspected
TXN00004978,CUST001324,Ava,Lopez,Female,Rome,Italy,Dubai,UAE,Singapore,Singapore,2025-02-25 08:05:43,Transfer,5061.12,CNY,Airbnb,Bills & Utilities,Payment for home & garden,FALSE,1692650430,JCLPSCLX,3172880772,LXFRQJJO,14092.53,14699.37,0,Account takeover suspected
TXN00002547,CUST007333,Joseph,Brown,Female,Singapore,Singapore,Singapore,Singapore,Singapore,Singapore,2025-07-08 23:13:25,Purchase,414.53,AUD,Amazon,Bills & Utilities,Payment for entertainment,FALSE,8236163097,LTBNXDMK,4611011272,DGJSEETD,6760.66,7092.93,1,
TXN00001836,CUST002685,Harper,Jones,Female,Mumbai,India,Mumbai,India,Mumbai,India,2024-05-06 08:43:15,Purchase,102.47,USD,Apple Store,Home & Garden,Payment for home & garden,FALSE,6684606610,DQMOEHHH,8413187830,GRJPXYSV,7623.03,7058.7,1,
TXN00000260,CUST008854,James,Rodriguez,Female,Berlin,Germany,Berlin,Germany,Berlin,Germany,2024-08-11 13:40:11,Transfer,208.84,AUD,Marriott Hotels,Gas & Fuel,Payment for shopping,FALSE,9478042758,WLOOKMOS,9432436890,YIYALTDY,9443.43,8506.34,1,
TXN00004424,CUST009591,James,Davis,Female,Madrid,Spain,Madrid,Spain,Madrid,Spain,2025-07-16 01:59:43,Transfer,422.96,JPY,McDonalds,Gas & Fuel,Payment for groceries,FALSE,3259826021,EIJZNUQT,9401230695,DTKRWFVI,15625.12,14888.4,1,
TXN00001474,CUST005883,Ava,Jackson,Female,Madrid,Spain,Madrid,Spain,Madrid,Spain,2025-10-02 17:09:44,Transfer,438.53,CAD,Starbucks,Entertainment,Payment for shopping,FALSE,9071078795,OKATCKLL,6193840431,BFJQZIXF,11749.55,11572.46,1,
TXN00004371,CUST004128,Mia,Brown,Male,Mumbai,India,Mumbai,India,Mumbai,India,2024-08-14 00:26:55,Purchase,64.67,USD,Marriott Hotels,Food & Dining,Payment for health & fitness,TRUE,1749256006,PIBLCSTN,3768375566,DVKNCVLZ,10006.43,9944.31,1,
TXN00001074,CUST006622,William,Anderson,Male,Mumbai,India,Mumbai,India,Mumbai,India,2025-07-06 01:04:42,Purchase,194.62,USD,Best Buy,Home & Garden,Payment for electronics,FALSE,9065917245,LBYOVSPU,8724831197,VCXAHSPR,10479.06,9574.31,1,
TXN00000996,CUST008078,Isabella,Williams,Male,Tokyo,Japan,Tokyo,Japan,Tokyo,Japan,2025-09-08 15:55:53,Purchase,270,CHF,Apple Store,Gas & Fuel,Payment for food & dining,FALSE,6408366940,RTOPDHMM,5024397648,DYQWOMMF,10181.25,9983.16,1,
TXN00004338,CUST007386,Mia,Hernandez,Female,Tokyo,Japan,Tokyo,Japan,Tokyo,Japan,2024-05-21 14:55:01,Purchase,54.15,JPY,Amazon,Home & Garden,Payment for entertainment,FALSE,9699037940,TMXGILBI,9133281335,MIOEFJEC,6718.03,6589.62,1,
TXN00003204,CUST007325,Emma,Brown,Male,Berlin,Germany,Berlin,Germany,Berlin,Germany,2025-09-29 15:23:43,Purchase,446.98,INR,Shell Gas,Shopping,Payment for health & fitness,FALSE,3474150663,TJZQJEVY,3749390253,JXWJXJGY,15193.85,14354.33,1,
TXN00003084,CUST009824,Isabella,Garcia,Female,São Paulo,Brazil,São Paulo,Brazil,São Paulo,Brazil,2024-09-27 18:55:58,Purchase,89.46,EUR,Airbnb,Entertainment,Payment for groceries,FALSE,9204302898,IESFHFDM,2456756509,REJCISLD,5723.28,5669.22,1,
TXN00004531,CUST002737,Ava,Johnson,Female,Madrid,Spain,Madrid,Spain,Madrid,Spain,2024-04-17 19:42:15,Transfer,252.8,CAD,Best Buy,Electronics,Payment for travel,FALSE,1944127306,BYUWAIHC,6977580615,UZNPMMTT,13929.5,14079.56,1,
TXN00004829,CUST000327,Amelia,Miller,Male,Sydney,Australia,Sydney,Australia,Dubai,UAE,2024-06-22 06:08:19,Purchase,2237.69,AUD,Apple Store,Groceries,Payment for groceries,FALSE,4013474613,TDYXQIUV,8025023895,AGAIUVSQ,7964.17,7085.51,0,Multiple transactions in short time
TXN00004117,CUST007891,John,Jones,Female,Madrid,Spain,Madrid,Spain,Madrid,Spain,2024-06-13 15:21:08,Purchase,14.64,EUR,Apple Store,Food & Dining,Payment for shopping,FALSE,7067037805,KGJXCFYW,3485729086,USTUHELG,10815,10274.88,1,
TXN00001845,CUST008653,Amelia,Garcia,Female,London,UK,London,UK,London,UK,2025-04-14 11:13:12,Purchase,15.73,INR,Uber,Health & Fitness,Payment for gas & fuel,FALSE,9578716379,BKKLMZQA,7885093641,DBOYJTXR,9807.68,10311.32,1,
TXN00001659,CUST003237,Emma,Miller,Female,Mexico City,Mexico,Mexico City,Mexico,Mexico City,Mexico,2024-02-20 03:14:56,Purchase,254.39,JPY,Uber,Health & Fitness,Payment for gas & fuel,FALSE,2026712745,XDVHKBFZ,6790939038,USIDFATC,7345.18,7261.55,1,
TXN00003008,CUST007553,John,Taylor,Male,Paris,France,Paris,France,Paris,France,2025-01-06 22:27:30,Purchase,409.3,USD,Best Buy,Entertainment,Payment for groceries,FALSE,5086629141,MQFYVUCE,9830456285,QDQAOHRA,9675.56,10183.26,1,
TXN00003475,CUST002031,Harper,Thomas,Male,Paris,France,Paris,France,Paris,France,2025-09-21 00:28:00,Purchase,49.1,EUR,Starbucks,Health & Fitness,Payment for groceries,FALSE,9934109865,ALQQRLWY,7644291533,PZDJTBOA,10123.75,9930.92,1,
TXN00002448,CUST002991,John,Anderson,Male,Singapore,Singapore,Singapore,Singapore,Singapore,Singapore,2025-08-22 04:05:43,Purchase,47.21,EUR,Starbucks,Travel,Payment for entertainment,FALSE,6055469347,CAGXBOVM,6227539776,LQUCHEMJ,11512.07,10559.43,1,
TXN00000191,CUST002516,Emma,Davis,Male,Paris,France,Paris,France,Paris,France,2024-11-30 16:49:43,Purchase,322.82,AUD,Marriott Hotels,Home & Garden,Payment for bills & utilities,FALSE,2265345364,SYCEJLBT,7636392420,YGQHMUYW,15146.47,14473.4,1,
TXN00002103,CUST002752,Isabella,Taylor,Female,São Paulo,Brazil,São Paulo,Brazil,São Paulo,Brazil,2024-02-20 07:41:56,Purchase,134.17,USD,Walmart,Electronics,Payment for food & dining,FALSE,8248126210,AGIPYVKY,8185958018,MHOZUTEM,10863.08,10573.78,1,
TXN00004162,CUST002576,James,Jackson,Male,Shanghai,China,Shanghai,China,Shanghai,China,2024-04-13 11:00:44,Transfer,397.25,EUR,Uber,Groceries,Payment for health & fitness,FALSE,9917651889,CHUIHUBA,5045323137,NQMIQQNG,13686.14,13022.86,1,
TXN00000489,CUST003564,Amelia,Taylor,Female,London,UK,London,UK,London,UK,2025-07-30 16:34:00,Purchase,454.68,USD,Airbnb,Home & Garden,Payment for food & dining,TRUE,4025901664,ICRFKUIM,8998726855,SIAESFAD,8656.7,8899.2,1,
TXN00001447,CUST009221,Harper,Brown,Male,Paris,France,Paris,France,Paris,France,2025-03-08 14:55:54,Purchase,279.38,EUR,Target,Travel,Payment for home & garden,FALSE,9484207559,KYKMPRFZ,2786185957,VKXCIJDO,13114.67,13698.09,1,
TXN00000546,CUST005299,Ava,Hernandez,Male,Paris,France,Paris,France,Paris,France,2024-11-20 19:50:06,Purchase,171.82,USD,Shell Gas,Travel,Payment for bills & utilities,FALSE,5368470825,JMJGCMIR,9667566018,HEOZNLXB,11478.57,11158.4,1,
TXN00003584,CUST006962,Olivia,Wilson,Female,Tokyo,Japan,Tokyo,Japan,Tokyo,Japan,2025-02-14 08:12:33,Purchase,463.06,AUD,Airbnb,Food & Dining,Payment for bills & utilities,FALSE,5152497698,CEDAHYTS,4050655676,OERAZKAK,7613.01,8217.59,1,
TXN00004197,CUST000356,Ava,Martinez,Female,São Paulo,Brazil,São Paulo,Brazil,São Paulo,Brazil,2025-05-28 12:37:40,Purchase,404.35,AUD,McDonalds,Gas & Fuel,Payment for gas & fuel,FALSE,5909016834,QXONFYUP,3800263860,XRFZVNZB,9507.52,10196.53,1,
TXN00000256,CUST008839,Sophia,Rodriguez,Male,Rome,Italy,Rome,Italy,Rome,Italy,2025-07-22 12:47:18,Purchase,136.58,EUR,Starbucks,Travel,Payment for groceries,FALSE,4105059430,IZVRAWZV,6923371631,MVYNGIBL,7197.04,7881.32,1,
TXN00001148,CUST002664,Sophia,Miller,Female,London,UK,London,UK,London,UK,2024-09-28 18:38:43,Transfer,276.71,CHF,Delta Airlines,Shopping,Payment for food & dining,FALSE,6415882808,FXEPLRUW,5827046712,XCOMZRUU,14654.76,13931.4,1,
TXN00004302,CUST007676,James,Brown,Male,Mexico City,Mexico,Mexico City,Mexico,Mexico City,Mexico,2024-08-15 21:55:03,Purchase,231.98,JPY,Target,Health & Fitness,Payment for health & fitness,FALSE,1977782371,LAUARXDF,7624114951,VSJFVIZO,10627.52,11377.02,1,
TXN00003493,CUST000565,Robert,Anderson,Female,London,UK,London,UK,London,UK,2024-03-24 22:58:39,Purchase,487.89,CHF,Best Buy,Electronics,Payment for entertainment,TRUE,2907344885,ZQROEGHL,3116814405,HFRKCAYO,8118.31,8490.64,1,
TXN00001465,CUST003930,Evelyn,Rodriguez,Male,Sydney,Australia,Sydney,Australia,Sydney,Australia,2024-10-10 17:24:58,Transfer,174.38,USD,Netflix,Home & Garden,Payment for gas & fuel,FALSE,1570708293,ZWQMQYZM,1956018256,XKRLHDDJ,14712.26,13717.36,1,
TXN00002813,CUST001856,Amelia,Thomas,Female,Tokyo,Japan,Tokyo,Japan,Tokyo,Japan,2025-05-21 20:32:24,Purchase,68.15,CHF,Shell Gas,Health & Fitness,Payment for health & fitness,FALSE,2150145980,VJVKZIPM,6529566452,CBJYYNAE,13448.2,12989.33,1,
TXN00000259,CUST005485,Robert,Martin,Female,Berlin,Germany,Berlin,Germany,Berlin,Germany,2025-04-25 03:04:24,Transfer,404.19,CHF,Best Buy,Health & Fitness,Payment for gas & fuel,FALSE,1697158700,PILONWEX,9515491366,LKQOUZJO,8660.21,7712.59,1,
TXN00000458,CUST000726,Richard,Davis,Female,Toronto,Canada,Toronto,Canada,Toronto,Canada,2024-04-30 23:18:20,Purchase,99.79,CNY,Shell Gas,Travel,Payment for home & garden,FALSE,6615973471,AHQJPVRE,4155711008,XYRKOZQC,6254.51,6671.36,1,
TXN00001561,CUST008503,Joseph,Anderson,Male,Toronto,Canada,Toronto,Canada,Toronto,Canada,2025-09-23 19:49:26,Transfer,105.63,AUD,Best Buy,Electronics,Payment for travel,FALSE,7986235963,KQHUENHP,6620366490,PHDNAATL,12245.34,12848.24,1,
TXN00004688,CUST002907,John,Martin,Female,Rome,Italy,Rome,Italy,Rome,Italy,2024-02-13 03:10:24,Purchase,276.63,USD,McDonalds,Home & Garden,Payment for entertainment,FALSE,6699002815,TYCZXDGB,1258837815,RCEQXJEU,9341.85,8416.04,1,
TXN00003693,CUST008948,Robert,Lee,Female,Paris,France,Paris,France,Paris,France,2024-05-19 01:40:58,Purchase,444.54,USD,Uber,Food & Dining,Payment for home & garden,FALSE,2079592586,RDUJWFPK,7570167850,VLUDNUZF,13487.87,12493.38,1,
TXN00003776,CUST003299,William,Jackson,Female,Shanghai,China,Shanghai,China,Shanghai,China,2024-05-05 04:10:13,Purchase,313,CAD,Amazon,Entertainment,Payment for groceries,FALSE,9487251427,DDCIECXM,4211187575,AVXWXDNI,14248.78,14431.39,1,
TXN00003952,CUST005765,Michael,Brown,Female,London,UK,London,UK,London,UK,2024-07-10 22:15:57,Purchase,486.84,CHF,Shell Gas,Gas & Fuel,Payment for health & fitness,FALSE,8610313096,OAMPYTPF,9131081549,STGXUKVQ,14447.76,14649.32,1,
TXN00002300,CUST005789,Michael,Lopez,Male,Sydney,Australia,Sydney,Australia,Sydney,Australia,2024-05-21 16:19:21,Purchase,463.04,EUR,Walmart,Entertainment,Payment for entertainment,FALSE,5579600569,VIUMPEZF,1572249110,EIPGUVFQ,10082.98,10441.43,1,
TXN00000027,CUST000809,James,Miller,Female,Berlin,Germany,Berlin,Germany,Berlin,Germany,2024-11-21 13:59:41,Purchase,114.48,GBP,Target,Groceries,Payment for gas & fuel,FALSE,9566202732,STKIFOOR,9457445764,TEJIUMXS,6686.9,6514.13,1,
TXN00004219,CUST000667,Richard,Wilson,Male,Berlin,Germany,Berlin,Germany,Berlin,Germany,2025-04-11 14:20:08,Purchase,398.38,EUR,Airbnb,Health & Fitness,Payment for travel,FALSE,6200408310,RSDWWGMR,8034182280,JEVINJNA,11524.65,11252.32,1,
TXN00004153,CUST001474,Charlotte,Martin,Female,Tokyo,Japan,Tokyo,Japan,Tokyo,Japan,2024-07-26 03:00:16,Purchase,336.29,CHF,Shell Gas,Groceries,Payment for gas & fuel,FALSE,8424177973,AASVRSMD,2225794717,IYYXOKDK,13614.8,13190.81,1,
TXN00003469,CUST001272,Michael,Jones,Female,New York,USA,New York,USA,New York,USA,2025-09-12 14:38:56,Purchase,77.65,INR,Delta Airlines,Home & Garden,Payment for gas & fuel,FALSE,7282577134,XFEOQBVD,5167967761,VGNALGUL,6888.8,6669.75,1,
TXN00004628,CUST001089,Olivia,Williams,Female,New York,USA,New York,USA,New York,USA,2024-05-01 05:15:53,Purchase,257.15,JPY,Whole Foods,Home & Garden,Payment for bills & utilities,FALSE,1669030242,EJCGOFSN,7278808352,WTPSNOMX,9369.71,10233.9,1,
TXN00002578,CUST009578,Emma,Martin,Male,Paris,France,Paris,France,Paris,France,2025-05-10 23:46:31,Purchase,398.6,AUD,Netflix,Gas & Fuel,Payment for entertainment,FALSE,3988920783,AVMJLULF,6747447006,BDUUNSXV,10298.5,10613.59,1,
TXN00002111,CUST006724,Isabella,Jackson,Female,Toronto,Canada,Toronto,Canada,Toronto,Canada,2024-12-09 00:09:21,Purchase,221.81,GBP,Best Buy,Food & Dining,Payment for home & garden,FALSE,5169112793,YWECPUEF,3497710930,QHSDUUFI,10391.37,9796.03,1,
TXN00001751,CUST001925,Robert,Johnson,Female,Madrid,Spain,Madrid,Spain,Madrid,Spain,2024-03-12 12:46:37,Transfer,155.91,CNY,Target,Travel,Payment for gas & fuel,FALSE,4660963246,YDQNKPOK,4145507743,KVWCGSCG,10607.13,10031.7,1,
TXN00002701,CUST005629,Amelia,Martinez,Female,Mexico City,Mexico,Mexico City,Mexico,Mexico City,Mexico,2024-02-11 00:54:34,Purchase,73.34,USD,Uber,Travel,Payment for entertainment,FALSE,2279809416,AZEIZLAS,6037627605,TECBHKHO,13428.46,13610.48,1,
TXN00004717,CUST006848,Daniel,Hernandez,Female,Singapore,Singapore,Singapore,Singapore,Singapore,Singapore,2025-07-30 07:32:54,Purchase,345.13,CAD,Home Depot,Bills & Utilities,Payment for bills & utilities,FALSE,7569361063,ORVZOVWU,5008532849,YWWHAMBF,14179.84,14764.45,1,
TXN00000796,CUST003702,Robert,Jones,Male,Mexico City,Mexico,Mexico City,Mexico,Mexico City,Mexico,2025-09-13 11:51:44,Purchase,311.91,AUD,Home Depot,Travel,Payment for entertainment,FALSE,4149350573,ZPJEZCRR,3109140295,IZVHJZCH,6214.58,6319.26,1,
TXN00001350,CUST009909,Joseph,Wilson,Female,Paris,France,Paris,France,Paris,France,2024-07-28 05:40:15,Purchase,174.59,GBP,Netflix,Electronics,Payment for home & garden,TRUE,7908488374,QATBMINQ,3341800575,HPKFKFMW,11997.21,11848.49,1,
TXN00000905,CUST004534,Sophia,Anderson,Male,Madrid,Spain,Madrid,Spain,Madrid,Spain,2024-08-07 09:08:34,Purchase,103.19,CNY,Netflix,Home & Garden,Payment for electronics,TRUE,2374362408,PNCEVKJY,7286477940,EMDMDFAC,9121.48,9335.66,1,
TXN00001345,CUST007206,Joseph,Wilson,Male,Sydney,Australia,Sydney,Australia,Sydney,Australia,2024-07-16 10:17:30,Transfer,467.74,AUD,Delta Airlines,Bills & Utilities,Payment for electronics,FALSE,4122598629,MOKRWLKF,3970089443,GESLGBEZ,11949.4,11386.58,1,
TXN00004023,CUST003373,Charlotte,Thomas,Male,São Paulo,Brazil,São Paulo,Brazil,São Paulo,Brazil,2024-09-26 20:16:36,Purchase,119.06,USD,Uber,Health & Fitness,Payment for travel,FALSE,5812890800,METBAZTQ,3367741605,LADFTCLL,7402.81,6695.12,1,
TXN00004775,CUST001630,Thomas,Davis,Male,São Paulo,Brazil,Madrid,Spain,São Paulo,Brazil,2025-06-25 23:56:39,Transfer,3071.53,JPY,Uber,Groceries,Payment for health & fitness,FALSE,6569969907,QBQAEUEY,1904453602,AXSEBSBQ,6912.61,6841.67,0,High amount compared to usual
TXN00000129,CUST004292,Olivia,Jones,Male,Berlin,Germany,Berlin,Germany,Berlin,Germany,2025-08-11 08:55:48,Transfer,379.98,JPY,Best Buy,Electronics,Payment for health & fitness,FALSE,8029518623,VKANWKIE,4915941546,TMDKJYKE,10935.7,11334.67,1,
TXN00001324,CUST003792,Harper,Lopez,Female,London,UK,London,UK,London,UK,2024-04-11 22:10:43,Purchase,17.96,USD,Target,Food & Dining,Payment for travel,FALSE,3556332244,ONAMCFPI,9383682155,DOTMFTLC,9487.67,9897.32,1,
TXN00004342,CUST004016,Joseph,Williams,Male,Singapore,Singapore,Singapore,Singapore,Singapore,Singapore,2025-08-10 09:19:05,Purchase,376.95,CHF,Walmart,Bills & Utilities,Payment for bills & utilities,FALSE,4916364668,HOIXJKFB,5315197273,EPGVVPZJ,9979.84,10769.23,1,
TXN00000605,CUST002746,Emma,Wilson,Female,Tokyo,Japan,Tokyo,Japan,Tokyo,Japan,2025-04-23 12:27:23,Purchase,135.87,AUD,Starbucks,Entertainment,Payment for home & garden,FALSE,2254549378,DSFLIXCY,3374269598,AIFKKMAZ,6834.47,6867.08,1,
TXN00002366,CUST005754,Charlotte,Lee,Female,Mexico City,Mexico,Mexico City,Mexico,Mexico City,Mexico,2025-06-25 01:56:03,Purchase,242.19,JPY,Marriott Hotels,Travel,Payment for travel,FALSE,2663817710,BVKVYDHC,2791388799,BLFCMGTD,10543.54,11263.58,1,
TXN00001193,CUST007020,Harper,Martinez,Female,Shanghai,China,Shanghai,China,Shanghai,China,2024-07-31 13:31:48,Purchase,222.56,CAD,Home Depot,Groceries,Payment for health & fitness,TRUE,6207525613,KNDMQASY,8448655990,XBIVKWEE,8056.77,8636.75,1,
TXN00002294,CUST009038,John,Moore,Male,Sydney,Australia,Sydney,Australia,Sydney,Australia,2024-05-06 11:38:01,Purchase,244.57,CNY,Marriott Hotels,Entertainment,Payment for bills & utilities,FALSE,6208123326,YOBRGYLE,5562709892,JPPNKSRU,9892.88,9057.93,1,
TXN00002399,CUST009706,Daniel,Wilson,Male,New York,USA,New York,USA,New York,USA,2024-05-07 18:14:05,Transfer,439.08,USD,Target,Entertainment,Payment for food & dining,FALSE,2025351435,SLTTEDXE,2134209537,VCPQUJJA,8935.6,9879.77,1,
TXN00002149,CUST007347,Thomas,Lee,Female,Sydney,Australia,Sydney,Australia,Sydney,Australia,2024-05-13 01:50:23,Purchase,62.03,CHF,Target,Shopping,Payment for entertainment,FALSE,1291976778,FMHVDJHD,9343991468,JBFRVCNM,5020.51,5748.99,1,
TXN00003577,CUST007569,Emma,Lopez,Male,São Paulo,Brazil,São Paulo,Brazil,São Paulo,Brazil,2025-03-31 14:34:39,Purchase,142.34,INR,Home Depot,Gas & Fuel,Payment for health & fitness,FALSE,7713039329,RGXECMHZ,1603524527,QTWGLYXZ,10323.94,10231.07,1,
TXN00000822,CUST001242,Daniel,Martin,Female,Shanghai,China,Shanghai,China,Shanghai,China,2025-08-21 01:55:52,Purchase,445.17,EUR,Target,Entertainment,Payment for gas & fuel,FALSE,1728172654,DOIVBLMF,6088545165,DFCUJZHM,8677.86,8431.56,1,
TXN00004689,CUST001376,Isabella,Lopez,Male,Madrid,Spain,Madrid,Spain,Madrid,Spain,2025-08-05 07:56:37,Purchase,161.23,GBP,Uber,Shopping,Payment for entertainment,FALSE,5506812099,MFNSGRHK,3312315630,YGUYSGVJ,9493.86,8730.53,1,
TXN00001175,CUST009143,Charlotte,Martin,Male,Madrid,Spain,Madrid,Spain,Madrid,Spain,2025-01-12 15:14:49,Transfer,70.52,INR,Airbnb,Food & Dining,Payment for home & garden,TRUE,5355466993,LHCPYNMD,2580309762,WXOJHREB,8606.13,9466.48,1,
TXN00000504,CUST004991,Harper,Taylor,Male,Berlin,Germany,Berlin,Germany,Berlin,Germany,2025-05-06 19:37:11,Purchase,86.89,CNY,Uber,Groceries,Payment for health & fitness,FALSE,7160822059,PPEFFEEG,5372829418,JVXZPVEB,9298.07,8792.1,1,
TXN00001735,CUST003260,John,Garcia,Male,Toronto,Canada,Toronto,Canada,Toronto,Canada,2025-03-30 02:58:52,Purchase,12.16,GBP,Starbucks,Bills & Utilities,Payment for gas & fuel,FALSE,6486558506,SFYZKWDP,9334895128,GHVMJTCY,5563.17,6341.08,1,
TXN00000919,CUST001080,Joseph,Jackson,Female,Berlin,Germany,Berlin,Germany,Berlin,Germany,2024-12-26 13:36:41,Transfer,154.45,INR,Delta Airlines,Electronics,Payment for bills & utilities,FALSE,1208462458,GEERDDVK,8379889304,CESMCQAA,11006.98,10590.55,1,
TXN00001236,CUST004686,Sophia,Johnson,Male,Rome,Italy,Rome,Italy,Rome,Italy,2025-01-03 21:07:04,Purchase,72.43,USD,Delta Airlines,Gas & Fuel,Payment for electronics,FALSE,1688142091,HECPIOPI,6715684847,NFDZNLYY,11404.8,12179.95,1,
TXN00001563,CUST007708,John,Davis,Female,Berlin,Germany,Berlin,Germany,Berlin,Germany,2025-06-13 02:18:46,Transfer,28.88,AUD,Home Depot,Gas & Fuel,Payment for health & fitness,FALSE,2723798848,WRNRKBQE,4464978357,EOHDHYOL,12191.66,11954.24,1,
TXN00004152,CUST008096,Sophia,Miller,Male,Berlin,Germany,Berlin,Germany,Berlin,Germany,2024-06-17 20:28:17,Transfer,311.12,CHF,Amazon,Groceries,Payment for gas & fuel,FALSE,7829609901,CSCOHLOR,2105028518,CISQMIZJ,12404.06,13074.42,1,
TXN00004560,CUST004058,Amelia,Brown,Male,London,UK,London,UK,London,UK,2024-08-16 22:45:56,Purchase,236.2,CHF,Starbucks,Electronics,Payment for shopping,FALSE,8770655409,PFXPFCTP,3460441929,XDHAIUOA,8407.32,8957.58,1,
TXN00002179,CUST003580,Olivia,Martinez,Male,Berlin,Germany,Berlin,Germany,Berlin,Germany,2024-11-28 13:10:06,Purchase,194.79,GBP,Apple Store,Entertainment,Payment for gas & fuel,FALSE,9730176922,PZVNVJNK,8172067227,LEKDBSAM,12257.37,12533.63,1,
TXN00000842,CUST002000,Harper,Garcia,Female,Singapore,Singapore,Singapore,Singapore,Singapore,Singapore,2024-02-12 06:31:51,Purchase,115.85,CHF,Shell Gas,Health & Fitness,Payment for electronics,FALSE,8717856847,VQSBSFMU,9158878942,KRFNCZYF,7949.66,7814.62,1,
TXN00000882,CUST009584,Ava,Moore,Female,Tokyo,Japan,Tokyo,Japan,Tokyo,Japan,2024-10-02 15:04:51,Transfer,46.26,USD,Walmart,Electronics,Payment for health & fitness,FALSE,2685573056,TNTIBFTT,7291726042,WRSHGKKJ,13791.3,13022.3,1,
TXN00001729,CUST000610,John,Lee,Male,Tokyo,Japan,Tokyo,Japan,Tokyo,Japan,2024-12-11 00:19:13,Transfer,38.96,GBP,Starbucks,Groceries,Payment for food & dining,FALSE,3420488257,XWNHBXVF,2242342088,AGCUXPNR,13499.15,14206.19,1,
TXN00001590,CUST009206,David,Taylor,Female,Sydney,Australia,Sydney,Australia,Sydney,Australia,2024-11-15 22:08:55,Purchase,148.19,GBP,Best Buy,Shopping,Payment for electronics,FALSE,3940106455,PBUAZPSR,2662187714,HMJVUEVA,10631.45,10918.8,1,
TXN00004933,CUST009461,Harper,Hernandez,Male,Sydney,Australia,Sydney,Australia,Sydney,Australia,2025-05-29 18:40:25,Purchase,4906.21,USD,Target,Food & Dining,Payment for gas & fuel,TRUE,6453920195,OZVVGZAB,6059621025,YYKSCURW,14639.9,13656.36,0,Multiple transactions in short time
TXN00001605,CUST002809,Michael,Wilson,Male,Dubai,UAE,Dubai,UAE,Dubai,UAE,2024-06-19 00:39:07,Transfer,462.65,AUD,Netflix,Shopping,Payment for home & garden,FALSE,3869440837,NANENDEA,1192932540,SZYGBIDF,9741.58,8858.88,1,
TXN00004918,CUST001316,Mia,Brown,Male,London,UK,London,UK,Rome,Italy,2024-09-14 17:40:57,Purchase,1633.84,CNY,Airbnb,Gas & Fuel,Payment for gas & fuel,FALSE,1333233298,TUBOWVOY,1756746044,XLOAWMQY,10081.56,10997.49,0,High amount compared to usual
TXN00001500,CUST004553,David,Jackson,Female,São Paulo,Brazil,São Paulo,Brazil,São Paulo,Brazil,2024-01-10 21:38:22,Transfer,346.67,CAD,Uber,Gas & Fuel,Payment for groceries,FALSE,2704286753,AEOOCGPR,7916876282,ALZVRJVH,4322.73,5024.17,1,
TXN00003910,CUST008897,Ava,Davis,Female,Mexico City,Mexico,Mexico City,Mexico,Mexico City,Mexico,2024-09-29 10:41:38,Transfer,190.46,AUD,Marriott Hotels,Gas & Fuel,Payment for home & garden,FALSE,5798921292,KEZKAANI,7336595868,RYUBWQFV,4767.16,5693.41,1,
TXN00004966,CUST001180,William,Wilson,Female,Dubai,UAE,Dubai,UAE,Sydney,Australia,2025-03-26 01:56:37,Transfer,3618.78,CHF,Netflix,Gas & Fuel,Payment for food & dining,FALSE,6261778354,JKQBGZCU,2263296799,FZGTBJNO,13428.79,13232.13,0,Multiple transactions in short time
TXN00002488,CUST006627,Amelia,Jackson,Female,London,UK,London,UK,London,UK,2024-03-12 10:40:40,Transfer,439.24,CHF,Walmart,Bills & Utilities,Payment for bills & utilities,FALSE,7453898848,AFIZQVPO,3830193221,AAXZXLNY,13064.86,12833.01,1,
TXN00000865,CUST006293,Charlotte,Thomas,Female,London,UK,London,UK,London,UK,2024-02-01 11:39:14,Transfer,194.89,AUD,McDonalds,Gas & Fuel,Payment for groceries,FALSE,1656569507,VPBNVHRG,7653312988,RFAJFYIR,11832.01,12415.48,1,
TXN00000809,CUST000082,John,Martin,Male,Sydney,Australia,Sydney,Australia,Sydney,Australia,2025-01-02 18:37:11,Transfer,310,INR,Home Depot,Electronics,Payment for food & dining,FALSE,1088409164,RQFPBNGH,3682475313,OGGHVYWA,14041.07,14964.28,1,
TXN00001789,CUST002851,William,Miller,Female,Singapore,Singapore,Singapore,Singapore,Singapore,Singapore,2024-04-10 15:37:05,Transfer,250,CNY,Whole Foods,Home & Garden,Payment for shopping,FALSE,1147024129,YBMHLLMA,5267022263,MRSBSSXH,8441.91,8101.58,1,
TXN00004013,CUST004047,Harper,Thomas,Female,Tokyo,Japan,Tokyo,Japan,Tokyo,Japan,2024-05-05 22:24:33,Transfer,191.59,CHF,Amazon,Food & Dining,Payment for entertainment,FALSE,3715532725,JKBNGGJV,2791035121,RBZLCXSL,4689.29,5187.66,1,
TXN00000980,CUST009338,Daniel,Thomas,Female,Mexico City,Mexico,Mexico City,Mexico,Mexico City,Mexico,2024-11-05 22:09:06,Purchase,280.77,USD,Home Depot,Gas & Fuel,Payment for food & dining,FALSE,2249895761,CAFWWOBB,8060600673,YIPVNSRP,4683.2,5017.25,1,
TXN00002532,CUST008475,Emma,Brown,Female,Tokyo,Japan,Tokyo,Japan,Tokyo,Japan,2024-04-14 06:41:19,Purchase,157.46,INR,Starbucks,Travel,Payment for bills & utilities,FALSE,2340122241,RGSZNEPF,3981490966,FXYDILZU,13954.04,14469.26,1,
TXN00000409,CUST005584,Olivia,Wilson,Male,Berlin,Germany,Berlin,Germany,Berlin,Germany,2025-06-23 05:16:29,Purchase,495.13,EUR,Home Depot,Home & Garden,Payment for home & garden,FALSE,7738502491,NYBYAXLB,5661869159,WKRAEKLW,7600.6,7307.74,1,
TXN00003459,CUST005420,Isabella,Garcia,Male,Mumbai,India,Mumbai,India,Mumbai,India,2025-06-26 06:01:11,Purchase,119.78,CHF,Amazon,Entertainment,Payment for entertainment,FALSE,5914456898,WWNZTNHN,8321591747,KZPZCWAA,13822.52,13378.7,1,
TXN00001645,CUST008624,Emma,Taylor,Female,Toronto,Canada,Toronto,Canada,Toronto,Canada,2025-02-23 18:01:20,Transfer,313.81,EUR,Marriott Hotels,Food & Dining,Payment for home & garden,FALSE,4437384777,FCQKJLMS,2443887708,IABXSXVG,6394.27,6729.16,1,
TXN00000531,CUST001992,John,Wilson,Female,Rome,Italy,Rome,Italy,Rome,Italy,2025-07-13 17:54:16,Purchase,122.54,CNY,Target,Gas & Fuel,Payment for electronics,FALSE,6167293740,KBDPTCMJ,2288249137,RHAAPNZA,12390.24,13315.05,1,
TXN00002860,CUST006228,Olivia,Johnson,Female,New York,USA,New York,USA,New York,USA,2024-10-09 21:43:31,Purchase,361.77,INR,Shell Gas,Home & Garden,Payment for electronics,FALSE,3712041686,MZJMRRZQ,9944098062,CIKHBAZV,6406.93,7333.65,1,
TXN00000810,CUST000646,Olivia,Lopez,Female,Rome,Italy,Rome,Italy,Rome,Italy,2025-08-17 21:07:34,Purchase,408.03,GBP,Delta Airlines,Electronics,Payment for health & fitness,FALSE,1593094754,UJBEKYIW,6179930478,HHUJQTQD,9024.45,8303.42,1,
TXN00001608,CUST003168,David,Davis,Female,Tokyo,Japan,Tokyo,Japan,Tokyo,Japan,2024-12-13 05:24:18,Purchase,299.69,USD,Amazon,Electronics,Payment for home & garden,FALSE,6797201327,PBJSGGPH,1267674658,DNDVZWRI,13401.14,14026.86,1,
TXN00001852,CUST004494,Ava,Lopez,Female,Rome,Italy,Rome,Italy,Rome,Italy,2024-01-31 06:48:50,Purchase,142.2,EUR,Whole Foods,Groceries,Payment for entertainment,FALSE,1205057733,VFVXRSEE,1748901793,KTSIISUU,10025.63,10086.7,1,
TXN00001945,CUST009779,Sophia,Lopez,Female,Berlin,Germany,Berlin,Germany,Berlin,Germany,2024-04-21 08:22:39,Purchase,408.53,USD,Home Depot,Electronics,Payment for electronics,FALSE,5148058735,GWDWSOLM,9450977543,WQEXOMOO,4904.24,5564.79,1,
TXN00003085,CUST001983,William,Williams,Male,Mexico City,Mexico,Mexico City,Mexico,Mexico City,Mexico,2025-01-13 02:17:04,Transfer,405.47,CAD,Uber,Food & Dining,Payment for shopping,FALSE,5385615771,NQHXFKIX,2265232977,SYCDQMYB,13107.42,13351.57,1,
TXN00004662,CUST007388,Olivia,Johnson,Male,Dubai,UAE,Dubai,UAE,Dubai,UAE,2024-12-09 01:39:04,Transfer,208.26,INR,Whole Foods,Bills & Utilities,Payment for bills & utilities,FALSE,9584031469,DPDSMHAV,8097625146,BKPRBAHM,7446.8,6979.32,1,
TXN00001863,CUST002264,Joseph,Miller,Male,London,UK,London,UK,London,UK,2024-12-14 08:43:58,Transfer,129.83,GBP,Airbnb,Electronics,Payment for entertainment,FALSE,3240173098,QFBWQXSI,9960293777,ZCONJWXN,9010.74,9061.52,1,
TXN00001071,CUST004387,Amelia,Lopez,Male,New York,USA,New York,USA,New York,USA,2025-10-07 10:13:54,Purchase,237.04,USD,Apple Store,Electronics,Payment for health & fitness,FALSE,9729731228,PNGSFVLB,7157696195,RVCRMMVZ,8587.14,7596.91,1,
TXN00003555,CUST001862,James,Martin,Male,Singapore,Singapore,Singapore,Singapore,Singapore,Singapore,2024-05-08 12:05:23,Transfer,445.96,USD,McDonalds,Health & Fitness,Payment for electronics,FALSE,2004909264,HLVSNHFM,8275055129,QIBMCIXR,10209.7,10860.45,1,
TXN00001732,CUST005741,Michael,Taylor,Male,Mumbai,India,Mumbai,India,Mumbai,India,2025-07-29 04:01:10,Transfer,70.96,JPY,Whole Foods,Home & Garden,Payment for travel,FALSE,2990852073,EEVIZETK,2597398739,DVERECPX,15187.22,14949.02,1,
TXN00000722,CUST007580,Amelia,Jones,Female,São Paulo,Brazil,São Paulo,Brazil,São Paulo,Brazil,2024-12-10 06:15:44,Transfer,218.35,CHF,Netflix,Home & Garden,Payment for bills & utilities,FALSE,8865742187,XIVWBKCA,9476069022,MZXZSNRN,6338.38,5364.56,1,
TXN00003041,CUST006101,Ava,Thomas,Male,Shanghai,China,Shanghai,China,Shanghai,China,2024-12-10 12:29:54,Purchase,347.53,CHF,Starbucks,Entertainment,Payment for home & garden,FALSE,2548920912,CMQMGHBX,2885323498,UFCXWIOR,12831.33,13428.96,1,
TXN00002236,CUST002522,Sophia,Moore,Female,Singapore,Singapore,Singapore,Singapore,Singapore,Singapore,2025-08-06 07:15:56,Transfer,406.24,INR,Best Buy,Electronics,Payment for gas & fuel,FALSE,8154875599,GOZDDYLS,9099585843,GYFWMSUX,8481.71,8725.82,1,
TXN00001686,CUST002377,John,Wilson,Female,Paris,France,Paris,France,Paris,France,2024-10-20 14:42:53,Purchase,124.87,EUR,Whole Foods,Food & Dining,Payment for bills & utilities,FALSE,6603910248,ASLCXXRB,3057082222,AQZOZSCY,7873.53,8543.02,1,
TXN00004090,CUST001351,Robert,Smith,Female,Berlin,Germany,Berlin,Germany,Berlin,Germany,2024-10-09 09:53:52,Transfer,389.56,INR,Apple Store,Home & Garden,Payment for bills & utilities,TRUE,6757721689,TLRPILZB,7276968044,UHFFPJBB,14714.16,14384.11,1,
TXN00002522,CUST001680,Michael,Moore,Female,Rome,Italy,Rome,Italy,Rome,Italy,2025-10-11 19:09:45,Purchase,65.4,INR,Starbucks,Home & Garden,Payment for health & fitness,TRUE,4841868806,NBFWWXCF,1417563279,APJXTPSH,6622.03,7458.98,1,
TXN00002061,CUST000890,James,Williams,Female,Shanghai,China,Shanghai,China,Shanghai,China,2025-01-19 14:15:34,Transfer,438.66,CAD,Airbnb,Food & Dining,Payment for home & garden,FALSE,1490415899,GDRNYGIZ,1953041128,YDKBDQTA,9457.26,10064.22,1,
TXN00002854,CUST000800,William,Davis,Male,Mumbai,India,Mumbai,India,Mumbai,India,2025-10-02 22:45:58,Purchase,442.3,CNY,Apple Store,Bills & Utilities,Payment for gas & fuel,TRUE,8260240150,SZDTCNYR,2210888071,DFOBURKX,13925.82,13710.54,1,
TXN00004387,CUST006255,Amelia,Anderson,Female,Dubai,UAE,Dubai,UAE,Dubai,UAE,2025-06-01 02:12:10,Purchase,101.51,USD,Apple Store,Food & Dining,Payment for groceries,FALSE,1632489562,QSNPFJSK,4835254926,IBPZTQED,13783.66,14615.74,1,
TXN00002510,CUST006385,Olivia,Wilson,Male,Dubai,UAE,Dubai,UAE,Dubai,UAE,2024-09-30 16:45:38,Transfer,169.01,INR,Starbucks,Food & Dining,Payment for home & garden,FALSE,8390744987,ELDTSZYN,9588550850,XUXRXOOX,11478.2,11080.79,1,
TXN00004480,CUST004783,William,Moore,Male,Berlin,Germany,Berlin,Germany,Berlin,Germany,2024-02-14 01:32:09,Purchase,212.79,USD,Amazon,Entertainment,Payment for groceries,FALSE,1497170390,CCNDTFRR,7328517359,WYSZYQYO,12570.47,12340.45,1,
TXN00002479,CUST001513,Richard,Martinez,Male,New York,USA,New York,USA,New York,USA,2024-09-23 00:09:13,Purchase,240.45,CHF,Netflix,Bills & Utilities,Payment for entertainment,FALSE,4001806103,PICDBWQA,7797848877,LYEAWHKA,6482.54,5499.58,1,
TXN00000007,CUST006980,Joseph,Taylor,Female,Mexico City,Mexico,Mexico City,Mexico,Mexico City,Mexico,2024-09-15 15:25:41,Purchase,266.2,CHF,Shell Gas,Shopping,Payment for health & fitness,FALSE,8198096498,WOLWIAPC,9536638146,CMRFDERH,9796.52,10655.12,1,
TXN00000954,CUST000863,Richard,Martinez,Female,Mexico City,Mexico,Mexico City,Mexico,Mexico City,Mexico,2024-06-03 14:41:33,Purchase,14.88,CHF,Home Depot,Gas & Fuel,Payment for groceries,FALSE,9352079642,VQKSRXVM,7904858311,EQODFKNT,14588.39,14688.63,1,
TXN00002223,CUST002078,Thomas,Wilson,Male,Dubai,UAE,Dubai,UAE,Dubai,UAE,2025-09-17 09:22:42,Purchase,484.68,JPY,Marriott Hotels,Entertainment,Payment for electronics,FALSE,3728421417,TFALFWCS,2037134827,FJFBWXKY,10964.42,10116.42,1,
TXN00002210,CUST001090,Joseph,Lee,Male,Paris,France,Paris,France,Paris,France,2025-04-27 03:30:21,Transfer,361.09,CHF,Walmart,Electronics,Payment for travel,FALSE,2605076341,YUKHKRYZ,4859970622,UWVKPWAL,8619.27,9045.7,1,
TXN00001082,CUST000404,Michael,Martinez,Male,Tokyo,Japan,Tokyo,Japan,Tokyo,Japan,2025-01-12 15:56:25,Purchase,93.8,INR,Amazon,Health & Fitness,Payment for home & garden,FALSE,7995631328,WEKNZYPY,8615814644,SXOULOQL,9469.02,10109.35,1,
TXN00003332,CUST006933,Olivia,Hernandez,Female,London,UK,London,UK,London,UK,2025-05-01 21:40:36,Purchase,172.87,JPY,Target,Food & Dining,Payment for home & garden,TRUE,8053825409,JSEKIUWF,3576428660,RBUUKQQD,7221.23,8024.59,1,
TXN00004567,CUST008845,Daniel,Jackson,Male,Rome,Italy,Rome,Italy,Rome,Italy,2025-08-07 03:08:07,Transfer,312.43,GBP,Marriott Hotels,Gas & Fuel,Payment for electronics,FALSE,3050774628,EGPNDPWP,2520702456,AYOMPNKM,11661.12,10702.33,1,
TXN00000400,CUST009258,Robert,Lopez,Female,Rome,Italy,Rome,Italy,Rome,Italy,2024-03-27 00:53:30,Purchase,340.85,CHF,Delta Airlines,Groceries,Payment for food & dining,FALSE,8821089807,KIRTVQYM,4993294134,YYYDDRZB,8704.78,9680.84,1,
TXN00002723,CUST009647,Amelia,Davis,Female,Toronto,Canada,Toronto,Canada,Toronto,Canada,2024-10-22 14:49:37,Purchase,191.87,USD,Walmart,Health & Fitness,Payment for gas & fuel,FALSE,8754796236,KQBJCTMB,1676925534,QGRBPAZB,9373.6,9026.42,1,
TXN00001877,CUST004993,Mia,Jackson,Female,Madrid,Spain,Madrid,Spain,Madrid,Spain,2024-09-04 19:41:36,Purchase,124.63,JPY,Best Buy,Shopping,Payment for entertainment,FALSE,2515678299,MCWHGCCR,9252576037,GJKESYFC,11746.95,10970.33,1,
TXN00000105,CUST009225,Charlotte,Wilson,Female,Paris,France,Paris,France,Paris,France,2025-02-25 03:06:40,Purchase,332.82,CNY,Uber,Food & Dining,Payment for food & dining,FALSE,8939603945,NMHAXVGI,4861099984,JZHAPNEJ,7013.65,7196.56,1,
TXN00002853,CUST000042,Thomas,Garcia,Female,Paris,France,Paris,France,Paris,France,2024-01-09 11:43:41,Purchase,433.99,CHF,Target,Home & Garden,Payment for health & fitness,FALSE,4131350109,FLJHZMFC,1343598654,QOBBQSNL,9470.72,10441.62,1,
TXN00002670,CUST001294,Charlotte,Davis,Male,Mexico City,Mexico,Mexico City,Mexico,Mexico City,Mexico,2024-10-25 06:29:13,Transfer,269.43,EUR,Marriott Hotels,Travel,Payment for food & dining,TRUE,6498576788,RLKERGBY,6208442656,JCRJYASG,9147.5,8875.91,1,
TXN00002644,CUST006854,Amelia,Brown,Male,Shanghai,China,Shanghai,China,Shanghai,China,2024-06-18 11:46:43,Transfer,400.71,AUD,Best Buy,Bills & Utilities,Payment for gas & fuel,FALSE,7281919051,WIYJRLIR,5610775762,NHMBEWLS,4709.88,5111.09,1,
TXN00002299,CUST005455,Daniel,Miller,Male,Mexico City,Mexico,Mexico City,Mexico,Mexico City,Mexico,2024-07-09 14:26:18,Purchase,391.7,EUR,Marriott Hotels,Groceries,Payment for travel,FALSE,4855057171,TUQVEFXR,1448519280,NOSBPBBF,6018.67,5813,1,
TXN00004786,CUST002364,David,Jackson,Male,Singapore,Singapore,Madrid,Spain,London,UK,2024-01-08 12:13:49,Purchase,1377.91,EUR,McDonalds,Electronics,Payment for home & garden,TRUE,8498752433,LNBYZINI,1599887609,WGTYARXY,12196.46,12633.15,0,Card not present fraud
TXN00001440,CUST007166,Isabella,Jackson,Female,Shanghai,China,Shanghai,China,Shanghai,China,2025-08-07 09:39:44,Purchase,66.44,GBP,Marriott Hotels,Health & Fitness,Payment for gas & fuel,FALSE,6613700696,NDTDGIKK,6109150661,IRFDQDUC,7040.55,7964.26,1,
TXN00001974,CUST004605,Daniel,Davis,Male,Dubai,UAE,Dubai,UAE,Dubai,UAE,2025-02-07 07:34:04,Transfer,432.94,INR,Shell Gas,Entertainment,Payment for health & fitness,FALSE,2724215078,FVUHCGYA,2446063472,LBRABVXB,11975.99,12714.75,1,
TXN00002588,CUST005067,Olivia,Martin,Male,São Paulo,Brazil,São Paulo,Brazil,São Paulo,Brazil,2025-10-03 05:46:03,Transfer,177.09,CAD,Apple Store,Bills & Utilities,Payment for travel,FALSE,5902608046,VHVPCNEN,1788194735,JRQVXJWW,7448.72,8131.37,1,
TXN00000239,CUST001226,John,Garcia,Male,Tokyo,Japan,Tokyo,Japan,Tokyo,Japan,2024-04-03 20:56:55,Purchase,127.16,CHF,Target,Health & Fitness,Payment for travel,FALSE,2941512132,ATTGNBTS,7559490963,PUDXOCYY,4899.31,5328.9,1,
TXN00004667,CUST001277,Thomas,Anderson,Female,Tokyo,Japan,Tokyo,Japan,Tokyo,Japan,2024-07-02 10:51:50,Purchase,273.78,EUR,Uber,Shopping,Payment for health & fitness,FALSE,6722101298,CZSSRVJU,8369794633,YCMXFIJR,7717.3,8084.42,1,
TXN00001932,CUST001264,Joseph,Anderson,Female,Singapore,Singapore,Singapore,Singapore,Singapore,Singapore,2025-01-24 10:07:56,Purchase,290.97,JPY,Marriott Hotels,Gas & Fuel,Payment for entertainment,FALSE,3637172344,OOQDPZTG,1317100985,ROTIEPCV,7611.29,7151.69,1,
TXN00003217,CUST004969,John,Lopez,Male,Tokyo,Japan,Tokyo,Japan,Tokyo,Japan,2024-02-06 22:13:52,Purchase,350.49,CHF,Airbnb,Entertainment,Payment for home & garden,FALSE,9044552261,HKRYXRXG,9092744127,LJBWWADW,9269.78,8621.11,1,
TXN00000371,CUST007186,Thomas,Lopez,Male,Mumbai,India,Mumbai,India,Mumbai,India,2024-05-30 19:36:08,Purchase,358.02,INR,Whole Foods,Gas & Fuel,Payment for gas & fuel,FALSE,2587194880,LKCTQOEN,5400163727,FMKCANUY,4459.7,5241.23,1,
TXN00002306,CUST005377,Amelia,Anderson,Male,New York,USA,New York,USA,New York,USA,2024-08-14 23:15:56,Purchase,199.6,USD,Uber,Groceries,Payment for travel,FALSE,1755623282,OYCCCWWR,7371956726,CFNRPJDV,10930.63,10574.81,1,
TXN00003903,CUST003233,Mia,Garcia,Male,Rome,Italy,Rome,Italy,Rome,Italy,2024-11-23 10:11:58,Purchase,63.11,CNY,Best Buy,Shopping,Payment for bills & utilities,FALSE,1567488872,UGKCQMRO,4560504098,ZIVGTQMY,7880.65,8046.16,1,
TXN00002360,CUST001109,Michael,Anderson,Female,Dubai,UAE,Dubai,UAE,Dubai,UAE,2024-02-13 08:57:33,Transfer,477.71,CNY,Netflix,Shopping,Payment for entertainment,FALSE,5736978283,KZJMHBST,7279257048,MQGDPPJU,13806.32,14512.55,1,
TXN00001963,CUST000244,James,Lopez,Male,Madrid,Spain,Madrid,Spain,Madrid,Spain,2024-11-01 19:55:58,Purchase,441.45,JPY,Starbucks,Food & Dining,Payment for bills & utilities,FALSE,9257478146,EOPIRSZQ,7367198266,KHACMECD,11119.51,10665.48,1,
TXN00000085,CUST006941,Evelyn,Garcia,Female,Paris,France,Paris,France,Paris,France,2024-02-03 17:37:43,Purchase,408.71,EUR,Marriott Hotels,Home & Garden,Payment for gas & fuel,FALSE,4473380377,LGCYLIXS,7861916376,XEXVXUNQ,8887.46,7962.19,1,
TXN00004407,CUST008609,James,Garcia,Male,Singapore,Singapore,Singapore,Singapore,Singapore,Singapore,2025-09-30 14:26:09,Transfer,400.59,USD,Airbnb,Electronics,Payment for bills & utilities,FALSE,6170599761,DAQOGMOF,5856531212,KPFLCQSS,7521.45,7432.3,1,
TXN00001425,CUST009521,Isabella,Garcia,Female,Sydney,Australia,Sydney,Australia,Sydney,Australia,2025-06-06 10:07:31,Purchase,351.3,CNY,Airbnb,Electronics,Payment for gas & fuel,FALSE,6877677377,XNLAFNUS,6048326075,UNYSCUOK,15289.93,14882.6,1,
TXN00002447,CUST005674,Evelyn,Smith,Female,Singapore,Singapore,Singapore,Singapore,Singapore,Singapore,2025-04-14 23:18:22,Transfer,69.11,CNY,Starbucks,Shopping,Payment for travel,FALSE,1566515360,TCTKEVQN,7524458002,RXQLSZLW,11338.35,10389.06,1,
TXN00002050,CUST009174,Charlotte,Wilson,Male,Sydney,Australia,Sydney,Australia,Sydney,Australia,2024-10-16 23:33:56,Transfer,170.55,USD,Walmart,Food & Dining,Payment for bills & utilities,FALSE,2026986067,QNSLQRMT,4072532560,DPRAAUUW,5111.2,5934.79,1,
TXN00000158,CUST007427,Richard,Moore,Female,Dubai,UAE,Dubai,UAE,Dubai,UAE,2024-12-15 13:26:43,Purchase,138.2,GBP,Best Buy,Travel,Payment for gas & fuel,FALSE,2392648007,QXGRTQOI,3801056128,IQQUWPYL,13896.43,14556.14,1,
TXN00001479,CUST002275,Robert,Jones,Female,Toronto,Canada,Toronto,Canada,Toronto,Canada,2025-01-10 14:24:59,Purchase,487.46,INR,Uber,Entertainment,Payment for travel,FALSE,7410898616,DKJENGXF,7098182969,OCFXRXDP,5368.73,5448,1,
TXN00003810,CUST004463,Harper,Hernandez,Female,London,UK,London,UK,London,UK,2025-06-01 18:28:29,Purchase,189.85,USD,Shell Gas,Gas & Fuel,Payment for food & dining,FALSE,4346004952,JSKHANQH,7443291944,OVMQNDUJ,10894.63,10082.4,1,
TXN00004037,CUST001482,Daniel,Lee,Female,Berlin,Germany,Berlin,Germany,Berlin,Germany,2024-09-03 20:05:14,Purchase,277.04,EUR,Delta Airlines,Shopping,Payment for home & garden,FALSE,9581720557,PNKNJJXL,2992603150,UXABKLBC,7861.98,8496.79,1,
TXN00003416,CUST001316,Olivia,Taylor,Female,New York,USA,New York,USA,New York,USA,2024-09-15 04:26:17,Transfer,471.51,GBP,McDonalds,Travel,Payment for entertainment,FALSE,4111023958,AVKZDCYY,3520822936,GUSLWJSY,11095.39,11394.13,1,
TXN00003753,CUST003953,James,Moore,Male,London,UK,London,UK,London,UK,2024-03-18 05:05:07,Transfer,271.26,GBP,Walmart,Groceries,Payment for groceries,FALSE,9465401106,PJVYJEZJ,4809693601,ADVULZAQ,9945.38,9692.11,1,
TXN00003091,CUST006715,Sophia,Rodriguez,Male,Paris,France,Paris,France,Paris,France,2025-08-31 05:51:22,Purchase,409.7,CHF,Whole Foods,Shopping,Payment for home & garden,FALSE,8823858777,BIAVLRQU,9242194979,NQBZEALG,9001.66,9857.3,1,
TXN00000423,CUST005261,James,Martinez,Male,Sydney,Australia,Sydney,Australia,Sydney,Australia,2025-07-20 12:17:21,Purchase,330.84,CNY,Target,Health & Fitness,Payment for food & dining,FALSE,5865280344,UKHIVMZZ,9624772869,WJQGVFWR,10802.13,11191,1,
TXN00004556,CUST007913,James,Garcia,Male,Madrid,Spain,Madrid,Spain,Madrid,Spain,2025-08-06 21:22:24,Purchase,321.41,GBP,Home Depot,Bills & Utilities,Payment for gas & fuel,TRUE,8960023351,AZAWHTWU,4299687259,ATIFJNWJ,13812,14483.48,1,
TXN00003800,CUST004912,Emma,Martinez,Female,Singapore,Singapore,Singapore,Singapore,Singapore,Singapore,2024-03-01 20:11:25,Purchase,336.8,USD,Walmart,Gas & Fuel,Payment for home & garden,FALSE,3857861227,GJEHVNFL,2183760181,UKKLBQJV,10355.66,11247.97,1,
TXN00003725,CUST007491,Amelia,Lopez,Male,São Paulo,Brazil,São Paulo,Brazil,São Paulo,Brazil,2024-06-06 04:53:49,Transfer,389.93,CNY,Marriott Hotels,Gas & Fuel,Payment for food & dining,FALSE,5402690864,MHDQISVW,4211471443,ZBGIIPTY,11749.41,11112.28,1,
TXN00003787,CUST000078,Mia,Wilson,Female,Toronto,Canada,Toronto,Canada,Toronto,Canada,2024-12-08 01:44:51,Transfer,409.84,CNY,Apple Store,Health & Fitness,Payment for electronics,FALSE,5307355207,UPFGBGEY,5279582130,FVUEHQJT,13616.11,14595.73,1,
TXN00003947,CUST006511,Emma,Brown,Male,Rome,Italy,Rome,Italy,Rome,Italy,2024-03-14 17:14:40,Transfer,498.93,CNY,Amazon,Food & Dining,Payment for gas & fuel,FALSE,9659221329,LWLHCCRR,8134013788,DMPAIQRO,10868.34,10041.39,1,
TXN00002496,CUST007008,Ava,Taylor,Male,Berlin,Germany,Berlin,Germany,Berlin,Germany,2024-05-03 16:16:46,Purchase,216.93,EUR,Walmart,Groceries,Payment for bills & utilities,FALSE,6660355171,NOWYMVRN,2537286719,VLZDWUIN,14898.72,14254.89,1,
TXN00003302,CUST007516,Joseph,Johnson,Female,Rome,Italy,Rome,Italy,Rome,Italy,2024-01-04 06:57:08,Transfer,501.58,GBP,McDonalds,Shopping,Payment for food & dining,FALSE,9680035014,LWLEFIUD,6510483931,BEPYAHEQ,9065.17,8125.16,1,
TXN00001040,CUST007373,Olivia,Thomas,Female,Singapore,Singapore,Singapore,Singapore,Singapore,Singapore,2024-03-15 17:31:28,Purchase,173.87,INR,Whole Foods,Bills & Utilities,Payment for travel,FALSE,8768066470,GWFWFGOG,5196840388,IGDLLOOG,11828.33,10982.29,1,
TXN00002109,CUST003829,Emma,Thomas,Female,São Paulo,Brazil,São Paulo,Brazil,São Paulo,Brazil,2024-05-01 06:31:30,Purchase,60.3,CHF,Marriott Hotels,Shopping,Payment for bills & utilities,FALSE,1498959599,CWFPNOVV,6748675305,KBGDBYVT,13693.43,14317.16,1,
TXN00004637,CUST008958,Richard,Hernandez,Female,Sydney,Australia,Sydney,Australia,Sydney,Australia,2024-09-01 04:28:11,Transfer,207.96,CNY,McDonalds,Electronics,Payment for gas & fuel,FALSE,2955505014,FTMHVYQH,1853400570,ZPFRHJQY,13548.9,12853.57,1,
TXN00000066,CUST002105,Amelia,Jackson,Female,Paris,France,Paris,France,Paris,France,2024-12-22 00:41:18,Purchase,317.08,AUD,Whole Foods,Food & Dining,Payment for bills & utilities,FALSE,9165572422,WHADBUJP,7098028729,YUCFHUGM,6345.51,5420.2,1,
TXN00004917,CUST008052,David,Martinez,Male,Dubai,UAE,Shanghai,China,Sydney,Australia,2024-08-11 12:32:44,Purchase,3300.55,CNY,Whole Foods,Gas & Fuel,Payment for groceries,FALSE,2036042089,JYKKKLNF,3074298745,JIVGSLVL,6823.92,5878.66,0,Known fraudulent merchant
TXN00002518,CUST006698,David,Williams,Female,Singapore,Singapore,Singapore,Singapore,Singapore,Singapore,2024-06-04 09:35:17,Purchase,243.02,CNY,McDonalds,Home & Garden,Payment for groceries,FALSE,2452340989,THJPFOZH,7324236891,GXGNKAVY,4755.76,5433.89,1,
TXN00001884,CUST008829,William,Jones,Male,Mexico City,Mexico,Mexico City,Mexico,Mexico City,Mexico,2025-02-15 10:56:58,Purchase,122.25,CAD,Shell Gas,Gas & Fuel,Payment for home & garden,FALSE,4579814803,NXVQSXWO,3057782635,UEWHROWR,9553.7,9592.46,1,
TXN00001464,CUST005516,Richard,Hernandez,Male,Singapore,Singapore,Singapore,Singapore,Singapore,Singapore,2024-12-02 11:17:11,Purchase,299.6,INR,McDonalds,Home & Garden,Payment for food & dining,FALSE,5638928090,ZZKTJZNO,9505087358,SGMCQIQZ,8280.2,8573.95,1,
TXN00000268,CUST009102,Thomas,Jackson,Female,Singapore,Singapore,Singapore,Singapore,Singapore,Singapore,2025-06-21 16:55:51,Purchase,20.8,GBP,Airbnb,Groceries,Payment for food & dining,FALSE,1321904160,BDEKKTWP,7488361226,GQZQNKPW,5960.25,6574.08,1,
TXN00003714,CUST008754,Robert,Taylor,Female,New York,USA,New York,USA,New York,USA,2025-03-29 14:33:39,Purchase,496.81,EUR,Delta Airlines,Gas & Fuel,Payment for gas & fuel,FALSE,1677563782,NKRMEGCF,5689609569,MHNIXHLF,8821.71,9139.51,1,
TXN00004658,CUST006396,Sophia,Jones,Female,Rome,Italy,Rome,Italy,Rome,Italy,2024-02-07 07:37:47,Transfer,33.55,EUR,Netflix,Electronics,Payment for entertainment,FALSE,3080254858,RUNTIQWH,4761692733,ERPSAYJF,8210.35,8247.65,1,
TXN00003238,CUST006907,Emma,Miller,Male,Tokyo,Japan,Tokyo,Japan,Tokyo,Japan,2024-11-17 22:56:24,Purchase,318.75,CNY,Apple Store,Shopping,Payment for home & garden,FALSE,4953002189,FOLKQQVD,5762911683,JEPTNZCI,5586.34,5495.93,1,
TXN00002700,CUST004604,Joseph,Lopez,Male,New York,USA,New York,USA,New York,USA,2024-06-10 03:16:32,Purchase,505.7,AUD,Amazon,Travel,Payment for home & garden,FALSE,6220015425,ZZHHJKXC,6353704646,SUHBQBZD,5605.78,6453.39,1,
TXN00002603,CUST004519,Charlotte,Lopez,Male,Berlin,Germany,Berlin,Germany,Berlin,Germany,2025-06-20 23:27:10,Transfer,494.73,EUR,McDonalds,Groceries,Payment for gas & fuel,FALSE,3596475217,RPNNICMU,8675065357,LBBNJBVO,9626.97,9824.72,1,
TXN00002516,CUST002797,John,Davis,Male,Mexico City,Mexico,Mexico City,Mexico,Mexico City,Mexico,2024-08-03 01:10:37,Purchase,406.02,JPY,Delta Airlines,Groceries,Payment for travel,FALSE,7326665704,DWLOPSWA,5549508640,MXLKTIGS,11563.76,11576.57,1,
TXN00001642,CUST006474,Mia,Anderson,Female,Berlin,Germany,Berlin,Germany,Berlin,Germany,2024-05-02 03:01:43,Purchase,425.9,CNY,Netflix,Gas & Fuel,Payment for travel,FALSE,3261318488,ERQDCEPE,2720205310,DUCROOTP,6025.93,6186.09,1,
TXN00002165,CUST004270,David,Taylor,Female,Dubai,UAE,Dubai,UAE,Dubai,UAE,2024-09-27 21:58:31,Purchase,456.95,USD,Apple Store,Bills & Utilities,Payment for gas & fuel,FALSE,6773635107,FKYAWXOS,2198480847,JXORJYSR,9035.99,9069.6,1,
TXN00001168,CUST000026,Richard,Martin,Male,London,UK,London,UK,London,UK,2024-04-28 11:23:05,Transfer,189.64,AUD,Home Depot,Entertainment,Payment for travel,FALSE,8103107508,ZJENSSWF,2317096380,GLDLPIYZ,5532.73,6005.35,1,
TXN00001794,CUST005982,Emma,Martin,Female,Shanghai,China,Shanghai,China,Shanghai,China,2024-05-30 04:11:31,Transfer,155.05,USD,Walmart,Health & Fitness,Payment for bills & utilities,FALSE,8579054483,HIPRYKMP,1449403045,HCXWDCOA,14135.71,13822.06,1,
TXN00001376,CUST008436,Sophia,Miller,Female,Toronto,Canada,Toronto,Canada,Toronto,Canada,2024-04-04 06:50:20,Transfer,344.39,CHF,Airbnb,Food & Dining,Payment for bills & utilities,FALSE,3927703231,OYEGNINW,4431822300,OTSXMJOF,7097.88,6292.89,1,
TXN00003823,CUST006789,Evelyn,Lopez,Male,Shanghai,China,Shanghai,China,Shanghai,China,2024-03-28 06:52:52,Purchase,311.05,AUD,Delta Airlines,Travel,Payment for groceries,FALSE,7453355944,EUZQNSBR,7594279555,CWIHHVCJ,8535.96,8403.89,1,
TXN00004821,CUST000860,Amelia,Johnson,Male,Mexico City,Mexico,Mexico City,Mexico,Mexico City,Mexico,2025-01-03 00:01:59,Purchase,2745.97,CNY,Target,Travel,Payment for electronics,FALSE,4655463600,HVRXXFTP,9425593897,IDQSIYZZ,7698.23,6710.15,0,Multiple transactions in short time
TXN00003421,CUST004574,Emma,Moore,Male,London,UK,London,UK,London,UK,2025-02-08 02:55:58,Purchase,224.26,JPY,Whole Foods,Travel,Payment for shopping,FALSE,5974447156,KUONRPHU,9106510490,ZLRBCCHM,11824.15,12494.24,1,
TXN00002856,CUST005271,Ava,Smith,Male,New York,USA,New York,USA,New York,USA,2024-09-15 20:54:34,Transfer,312.05,INR,Whole Foods,Food & Dining,Payment for gas & fuel,FALSE,3552104620,CIQWSHNP,9460878008,SKAMYEQF,14564.92,14544.38,1,
TXN00004602,CUST000474,Evelyn,Martin,Female,New York,USA,New York,USA,New York,USA,2025-06-29 05:53:43,Purchase,215.32,GBP,Marriott Hotels,Groceries,Payment for food & dining,FALSE,1400018790,MIKLNNDZ,2936978602,BZILSWCM,4477.96,5290.18,1,
TXN00001058,CUST009655,David,Rodriguez,Female,London,UK,London,UK,London,UK,2025-01-06 07:07:58,Purchase,191.2,EUR,Marriott Hotels,Shopping,Payment for gas & fuel,FALSE,5707605018,GIXDIKQH,1806368558,QGBPQLJG,14327.2,13797.46,1,
TXN00002310,CUST006234,Harper,Jackson,Female,Singapore,Singapore,Singapore,Singapore,Singapore,Singapore,2024-11-08 20:25:10,Purchase,27.29,USD,Home Depot,Health & Fitness,Payment for shopping,FALSE,6902024860,RSZKUURH,2754321094,HFVBXNEJ,6890.61,7272.46,1,
TXN00003116,CUST003690,Richard,Davis,Female,Dubai,UAE,Dubai,UAE,Dubai,UAE,2024-06-16 07:48:11,Purchase,172.34,CHF,Starbucks,Shopping,Payment for entertainment,FALSE,7879384622,FLLFDQRZ,8861709699,ZWGWGJCM,14864.16,14555.81,1,
TXN00000164,CUST001053,Ava,Jones,Male,Toronto,Canada,Toronto,Canada,Toronto,Canada,2024-05-12 20:01:45,Purchase,307.5,JPY,Starbucks,Food & Dining,Payment for shopping,FALSE,5762947590,MMBITXHA,1132164550,GGZXBSGP,12838.32,12400.67,1,
TXN00001301,CUST009267,Ava,Jackson,Female,São Paulo,Brazil,São Paulo,Brazil,São Paulo,Brazil,2024-04-07 13:03:52,Purchase,266.46,INR,Delta Airlines,Home & Garden,Payment for food & dining,FALSE,6174914605,WKPGRKOE,8326144329,HURBOJYV,10237.71,9345.59,1,
TXN00000881,CUST008446,John,Brown,Male,Singapore,Singapore,Singapore,Singapore,Singapore,Singapore,2024-12-06 11:11:10,Purchase,299.94,USD,Marriott Hotels,Home & Garden,Payment for groceries,FALSE,2584985265,ISBDBEES,4745001075,CFZUVIWY,7653.36,8058.04,1,
TXN00002105,CUST004396,Emma,Brown,Male,London,UK,London,UK,London,UK,2024-07-10 11:47:46,Purchase,253.06,CHF,Netflix,Home & Garden,Payment for bills & utilities,FALSE,2539942361,GHBWLYIV,1858069350,ROWPBFDZ,6554.22,5566.15,1,
TXN00003516,CUST008123,Sophia,Martin,Female,Sydney,Australia,Sydney,Australia,Sydney,Australia,2025-09-16 17:39:32,Transfer,489.14,EUR,Best Buy,Electronics,Payment for groceries,FALSE,2343147487,OELZRSUA,4909277422,GGIKCEQH,8524.17,8689.81,1,
TXN00003640,CUST007030,Ava,Wilson,Male,Madrid,Spain,Madrid,Spain,Madrid,Spain,2024-07-21 03:59:23,Transfer,211.89,EUR,Airbnb,Groceries,Payment for gas & fuel,FALSE,7056895723,VVZNJNSH,7078393479,BHLISEZP,5393.67,5649.7,1,
TXN00004360,CUST004435,Harper,Lee,Female,Shanghai,China,Shanghai,China,Shanghai,China,2024-04-22 12:45:44,Purchase,272.82,USD,Best Buy,Electronics,Payment for entertainment,FALSE,3148180675,XEVMSWQR,3742023631,MHFGWITA,6270.22,6380.72,1,
TXN00000781,CUST006691,Amelia,Lopez,Male,São Paulo,Brazil,São Paulo,Brazil,São Paulo,Brazil,2025-04-26 09:51:23,Purchase,342.26,INR,McDonalds,Bills & Utilities,Payment for electronics,FALSE,8163974972,DEWPHOLJ,4586514085,QSKRVPTI,13279.54,13657.01,1,
TXN00003117,CUST003914,Amelia,Williams,Female,São Paulo,Brazil,São Paulo,Brazil,São Paulo,Brazil,2025-07-04 22:31:26,Transfer,79.03,CHF,Best Buy,Gas & Fuel,Payment for gas & fuel,FALSE,5180951647,PAZLFNLH,4883435605,TTRPUNOW,7968.79,8092.56,1,
TXN00004490,CUST003647,Sophia,Taylor,Female,Mumbai,India,Mumbai,India,Mumbai,India,2024-03-19 14:13:25,Purchase,162.99,GBP,Best Buy,Health & Fitness,Payment for electronics,FALSE,4144046833,IWNQRJVZ,9388961441,BVHMBCET,13266.53,12325.4,1,
TXN00004526,CUST009581,Robert,Jones,Male,Rome,Italy,Rome,Italy,Rome,Italy,2024-07-09 08:07:09,Transfer,356.99,JPY,Best Buy,Electronics,Payment for shopping,FALSE,7416243253,HHJMNOFX,2907259743,RVAYTCJO,10280.19,10763.52,1,
TXN00002747,CUST006470,Daniel,Hernandez,Female,Sydney,Australia,Sydney,Australia,Sydney,Australia,2024-01-19 22:28:53,Purchase,336.46,USD,Whole Foods,Food & Dining,Payment for gas & fuel,FALSE,3956024678,YELMHIVC,8477954871,SVINKNSE,6908.75,7744.99,1,
TXN00003021,CUST000529,John,Smith,Male,Paris,France,Paris,France,Paris,France,2024-12-05 03:50:17,Purchase,173.03,GBP,Airbnb,Entertainment,Payment for food & dining,FALSE,6898888578,LBWWJSKF,6584008090,ZDIRYJUI,11967.52,12631.7,1,
TXN00002975,CUST009548,Robert,Miller,Female,Shanghai,China,Shanghai,China,Shanghai,China,2025-08-24 14:00:32,Purchase,18.67,JPY,McDonalds,Food & Dining,Payment for food & dining,FALSE,8287383543,KPOFCDHB,2462657260,TMIQCUWD,7405.36,8021.92,1,
TXN00002029,CUST000513,Thomas,Williams,Female,Tokyo,Japan,Tokyo,Japan,Tokyo,Japan,2025-06-04 05:06:08,Purchase,61.01,EUR,Home Depot,Electronics,Payment for entertainment,FALSE,2527272570,PJMCASRX,9356974385,GZTSJEXO,13764.97,13086.49,1,
TXN00001713,CUST003295,Mia,Davis,Female,Madrid,Spain,Madrid,Spain,Madrid,Spain,2024-03-07 22:47:36,Purchase,458.28,INR,Netflix,Home & Garden,Payment for entertainment,FALSE,1146025556,PDGUXEGZ,4590153775,QZHKTKVB,12053.6,12595.57,1,
TXN00001451,CUST007185,David,Lopez,Female,Dubai,UAE,Dubai,UAE,Dubai,UAE,2025-08-24 19:29:07,Transfer,238.63,EUR,Shell Gas,Shopping,Payment for gas & fuel,FALSE,6012745297,LIUWENTU,5367160375,PCADBLFW,7460.99,7003.21,1,
TXN00002937,CUST008689,Sophia,Anderson,Female,Toronto,Canada,Toronto,Canada,Toronto,Canada,2024-05-04 02:57:48,Purchase,287.92,CHF,Home Depot,Gas & Fuel,Payment for travel,FALSE,6072212890,LOSXWTHZ,1323981576,VOAPQTZJ,10097.52,10144.63,1,
TXN00004261,CUST006721,Charlotte,Lee,Male,Paris,France,Paris,France,Paris,France,2024-03-13 14:18:20,Purchase,465.66,INR,Whole Foods,Health & Fitness,Payment for entertainment,FALSE,3264822175,DZBISEVO,3578348592,ZMHNUIXU,15405.36,14989.87,1,
TXN00003694,CUST001434,Sophia,Rodriguez,Male,Madrid,Spain,Madrid,Spain,Madrid,Spain,2024-12-21 12:18:24,Purchase,326.14,USD,Best Buy,Shopping,Payment for gas & fuel,FALSE,6332995247,YFRAVPYF,8598802338,JRBLIWCU,10914.15,10106.39,1,
TXN00000513,CUST004995,Amelia,Anderson,Male,New York,USA,New York,USA,New York,USA,2024-06-27 03:24:35,Purchase,221.48,INR,Delta Airlines,Entertainment,Payment for shopping,FALSE,7892259796,XHMPRKIC,4599227522,JAHYRELF,6987.92,7081.6,1,
TXN00002177,CUST004580,Michael,Wilson,Female,Tokyo,Japan,Tokyo,Japan,Tokyo,Japan,2025-04-26 12:12:59,Purchase,156.96,CNY,Airbnb,Groceries,Payment for health & fitness,FALSE,1994331393,LCXJJIHQ,5931472383,TEKLGETG,9905.2,9581.62,1,
TXN00004686,CUST000684,Ava,Williams,Male,São Paulo,Brazil,São Paulo,Brazil,São Paulo,Brazil,2024-03-18 17:20:41,Purchase,240.88,JPY,McDonalds,Shopping,Payment for health & fitness,TRUE,4423177086,QELKMGPE,9588733946,PBYLBRAN,12471.61,13215.55,1,
TXN00001300,CUST002781,Joseph,Hernandez,Female,Dubai,UAE,Dubai,UAE,Dubai,UAE,2024-11-18 14:33:23,Transfer,336.98,CHF,Shell Gas,Travel,Payment for groceries,FALSE,1623635299,EXNHDTMQ,5530623688,GUTMSXKV,12754.52,12534.02,1,
TXN00001288,CUST008166,Mia,Miller,Male,Sydney,Australia,Sydney,Australia,Sydney,Australia,2024-05-29 19:22:02,Purchase,379.33,INR,Home Depot,Entertainment,Payment for home & garden,FALSE,3471996629,JZTRIRSR,8524766582,UNCZYTYV,13387.52,13394.3,1,
TXN00001468,CUST003743,Sophia,Taylor,Female,Shanghai,China,Shanghai,China,Shanghai,China,2024-06-10 10:37:20,Purchase,374.35,CNY,Starbucks,Home & Garden,Payment for gas & fuel,FALSE,7877000718,JQHCOTZW,7746231616,VZPVKQKJ,9318.13,8740.21,1,
TXN00004752,CUST004546,Mia,Williams,Male,Dubai,UAE,Dubai,UAE,Berlin,Germany,2025-02-08 21:41:16,Purchase,2142.45,GBP,Whole Foods,Travel,Payment for health & fitness,FALSE,2726607726,LSRXXVNH,2308735489,PZHQJFAB,6582.02,5984.81,0,Velocity check failed
TXN00004976,CUST004589,Robert,Williams,Male,Toronto,Canada,Toronto,Canada,Toronto,Canada,2024-03-09 10:38:49,Transfer,536.51,INR,Uber,Food & Dining,Payment for electronics,FALSE,8405561670,LGWRJBGU,7901296223,XKIJKPWH,12674.52,12941.13,0,Known fraudulent merchant
TXN00000830,CUST002035,Ava,Martinez,Male,Mumbai,India,Mumbai,India,Mumbai,India,2024-02-01 22:22:11,Purchase,167.88,USD,Walmart,Home & Garden,Payment for travel,FALSE,1385330880,YDONTIVA,8875995854,OGOZPXLT,7998.24,8923.9,1,
TXN00003211,CUST007655,Evelyn,Anderson,Male,New York,USA,New York,USA,New York,USA,2025-08-12 21:40:07,Purchase,217.14,EUR,Uber,Bills & Utilities,Payment for groceries,FALSE,8662214204,WLAZJOED,9717725395,OATFMQBN,7974.6,7449.97,1,
TXN00000917,CUST007145,Isabella,Garcia,Female,São Paulo,Brazil,São Paulo,Brazil,São Paulo,Brazil,2025-06-14 14:19:01,Purchase,168.66,USD,Walmart,Bills & Utilities,Payment for groceries,FALSE,1232154398,IAAGBFEF,3623605231,FDVJTTEM,9074.61,9950.34,1,
TXN00004831,CUST006722,Joseph,Jones,Female,Tokyo,Japan,New York,USA,Tokyo,Japan,2025-01-10 02:55:30,Purchase,5393.23,CAD,Walmart,Groceries,Payment for electronics,FALSE,7143143078,QTESREOW,9981160916,YTPTDRDS,8715.96,7865.04,0,Card not present fraud
TXN00003153,CUST008233,Joseph,Martinez,Male,Shanghai,China,Shanghai,China,Shanghai,China,2024-08-07 09:18:25,Transfer,221.65,INR,Shell Gas,Travel,Payment for shopping,TRUE,4972490579,TOBIHXRH,9093445661,EMLTHNQN,8234.94,7312.57,1,
TXN00002712,CUST005066,Sophia,Jones,Female,Berlin,Germany,Berlin,Germany,Berlin,Germany,2024-04-18 04:25:25,Purchase,36.88,AUD,Amazon,Home & Garden,Payment for shopping,FALSE,5700766582,PAJVPPIZ,2452877001,SJGEZDLL,14893.13,14357.65,1,
TXN00001674,CUST000464,Sophia,Hernandez,Male,Paris,France,Paris,France,Paris,France,2025-08-05 18:02:05,Transfer,245.49,CHF,Whole Foods,Home & Garden,Payment for entertainment,FALSE,6685565325,ROUMAVIT,7082931561,OLHSSFWV,13614.32,13031.31,1,
TXN00002792,CUST000079,Daniel,Garcia,Male,Paris,France,Paris,France,Paris,France,2024-01-29 01:43:00,Purchase,254.63,CNY,Uber,Home & Garden,Payment for shopping,FALSE,8558479879,YWUDUVPL,1276700961,URJADLKE,12062.44,12047.71,1,
TXN00000990,CUST006120,Ava,Davis,Male,Mexico City,Mexico,Mexico City,Mexico,Mexico City,Mexico,2025-06-06 18:26:16,Purchase,103.27,CNY,Marriott Hotels,Travel,Payment for home & garden,FALSE,7159795873,MJGKWZEC,6065129290,KKMYSPYJ,13772.74,12787.01,1,
TXN00001455,CUST004652,Thomas,Smith,Male,Tokyo,Japan,Tokyo,Japan,Tokyo,Japan,2024-10-31 20:52:32,Purchase,151.94,USD,Netflix,Home & Garden,Payment for groceries,FALSE,5277431160,TJHRKLPM,6319840221,QCRZFMVU,11267.85,10337.08,1,
TXN00004681,CUST008117,Amelia,Davis,Female,Sydney,Australia,Sydney,Australia,Sydney,Australia,2025-09-05 22:04:54,Purchase,341.17,AUD,Walmart,Bills & Utilities,Payment for electronics,FALSE,7216489730,KSRXUWVO,9493873235,HOPEWUUT,7093.18,7696.2,1,
TXN00002151,CUST005895,Evelyn,Williams,Female,Tokyo,Japan,Tokyo,Japan,Tokyo,Japan,2024-02-10 13:34:43,Transfer,290.16,JPY,Starbucks,Entertainment,Payment for groceries,FALSE,5663520139,XPZCJYUN,8174166206,FHIXZNDV,12130.6,12931.58,1,
TXN00002507,CUST005245,John,Hernandez,Female,Rome,Italy,Rome,Italy,Rome,Italy,2024-05-22 16:22:46,Transfer,335.12,JPY,Marriott Hotels,Gas & Fuel,Payment for food & dining,FALSE,3860856609,WJXMDUNS,8801334609,AHUCVYAA,6103.69,7059.58,1,
TXN00001606,CUST007429,Ava,Anderson,Female,Rome,Italy,Rome,Italy,Rome,Italy,2025-09-24 11:12:05,Purchase,468.19,JPY,Best Buy,Groceries,Payment for travel,FALSE,6480679082,CKFRXBXL,1296886800,ESJUZADG,9513.02,10287.72,1,
TXN00004280,CUST005347,Robert,Taylor,Female,New York,USA,New York,USA,New York,USA,2025-04-24 10:44:57,Transfer,333.71,USD,Amazon,Food & Dining,Payment for entertainment,FALSE,4507335535,GPUOGSCQ,1134646586,CKTBYVOR,11746.62,11576.77,1,
TXN00001658,CUST001910,William,Johnson,Male,New York,USA,New York,USA,New York,USA,2025-05-07 06:11:36,Transfer,331.87,INR,Starbucks,Groceries,Payment for electronics,FALSE,4438721908,CSWSKHQL,5732837702,BPKTGUMR,6161.88,5843.52,1,
TXN00003580,CUST004320,Evelyn,Jackson,Female,Tokyo,Japan,Tokyo,Japan,Tokyo,Japan,2025-08-15 08:18:53,Purchase,262.47,GBP,McDonalds,Food & Dining,Payment for entertainment,FALSE,9929289663,PZDIFDQN,5473936796,UJJPHAHS,13102.33,13313.01,1,
TXN00000556,CUST002262,James,Williams,Female,Paris,France,Paris,France,Paris,France,2025-06-25 10:34:22,Purchase,311.02,CHF,Starbucks,Groceries,Payment for shopping,FALSE,6945762042,BCHKIUHO,6660449557,ESNYAYRI,12652.22,12953.15,1,
TXN00004157,CUST007808,James,Williams,Female,Tokyo,Japan,Tokyo,Japan,Tokyo,Japan,2025-06-24 09:14:41,Purchase,20.54,USD,Marriott Hotels,Food & Dining,Payment for home & garden,FALSE,8800669147,ESRASKGS,8573663814,XEBRQZBT,13157.83,12287.33,1,
TXN00002921,CUST009694,William,Williams,Male,London,UK,London,UK,London,UK,2024-09-13 00:46:02,Purchase,120.41,CNY,Amazon,Groceries,Payment for gas & fuel,FALSE,2697653678,GFUKSYKC,7301918496,QGDAVFRQ,9088.73,8625.18,1,
TXN00004187,CUST006581,Evelyn,Martin,Male,Sydney,Australia,Sydney,Australia,Sydney,Australia,2024-09-23 00:23:02,Transfer,443.62,USD,Apple Store,Food & Dining,Payment for groceries,FALSE,3367784579,IMJZPRVJ,4445685769,JULTEZND,6013.23,5902.28,1,
TXN00003166,CUST008515,Michael,Johnson,Female,Shanghai,China,Shanghai,China,Shanghai,China,2025-02-07 03:47:52,Purchase,23.64,INR,Starbucks,Travel,Payment for entertainment,FALSE,8465979058,GOIKSSCI,6772806796,WJNKABMV,6215.26,5602.26,1,
TXN00003961,CUST007766,Harper,Rodriguez,Male,Tokyo,Japan,Tokyo,Japan,Tokyo,Japan,2025-07-24 15:33:00,Purchase,391.57,CHF,Delta Airlines,Groceries,Payment for travel,FALSE,8473349118,OXIBFEAB,9277494303,IGGYHZVR,7905.19,7698.94,1,
TXN00000363,CUST004101,Amelia,Rodriguez,Female,Singapore,Singapore,Singapore,Singapore,Singapore,Singapore,2024-12-24 15:40:47,Purchase,382.12,JPY,Amazon,Travel,Payment for travel,FALSE,2747460006,IHOFZVZX,5070938181,HMUHOYRQ,12759.99,13212.33,1,
TXN00001792,CUST004900,James,Thomas,Female,São Paulo,Brazil,São Paulo,Brazil,São Paulo,Brazil,2025-03-25 17:06:57,Transfer,105.12,USD,Marriott Hotels,Health & Fitness,Payment for groceries,TRUE,5893087694,KAVKVLBR,7830881996,PJPHNSJM,10519.82,10309.02,1,
TXN00001306,CUST006548,Olivia,Lopez,Male,Paris,France,Paris,France,Paris,France,2024-12-02 23:04:10,Transfer,118.2,EUR,Walmart,Groceries,Payment for gas & fuel,FALSE,2311535989,HQBWJTUE,4784843243,SYKVCTHW,12527.41,12681.2,1,
TXN00002342,CUST008750,Mia,Brown,Male,Mexico City,Mexico,Mexico City,Mexico,Mexico City,Mexico,2024-04-10 14:15:46,Purchase,405.03,CAD,Airbnb,Travel,Payment for shopping,FALSE,7867429283,CLUYGFQT,9515641936,DMLUNQUV,10691.44,11255.34,1,
TXN00002643,CUST008774,Mia,Miller,Male,São Paulo,Brazil,São Paulo,Brazil,São Paulo,Brazil,2024-02-02 19:49:15,Purchase,429.06,CAD,Target,Food & Dining,Payment for travel,TRUE,3442827280,TKZHDRZO,9972281623,TTTMSUVH,6615.45,6218.1,1,
TXN00004814,CUST009896,Michael,Martinez,Male,London,UK,London,UK,Sydney,Australia,2025-07-02 06:01:02,Transfer,2421.63,CHF,Uber,Gas & Fuel,Payment for health & fitness,FALSE,3359604711,QGUPPRAC,7190765510,SNTZNJKZ,10580.3,11250.49,0,Account takeover suspected
TXN00004993,CUST000033,Michael,Anderson,Male,Paris,France,Paris,France,Rome,Italy,2024-07-21 14:47:05,Purchase,3170.87,CNY,Walmart,Bills & Utilities,Payment for health & fitness,FALSE,4983607468,NSHVIPVM,2465746261,KTWKSPCK,7894.03,8344.98,0,Account takeover suspected
TXN00003044,CUST003332,Joseph,Johnson,Male,Berlin,Germany,Berlin,Germany,Berlin,Germany,2025-10-01 07:24:06,Purchase,262.64,INR,Whole Foods,Entertainment,Payment for gas & fuel,FALSE,3238843489,LSABDBPL,6744357604,VSERLLPL,5110.34,6059.7,1,
TXN00003414,CUST004245,Amelia,Smith,Male,Sydney,Australia,Sydney,Australia,Sydney,Australia,2025-10-11 07:46:06,Purchase,431.68,CHF,Amazon,Travel,Payment for food & dining,FALSE,4995852636,XSCEEPKE,2020029467,GJGJVEYV,5780.63,6320.07,1,
TXN00000189,CUST001982,Joseph,Thomas,Male,Mexico City,Mexico,Mexico City,Mexico,Mexico City,Mexico,2024-04-03 10:46:02,Purchase,55.75,EUR,Apple Store,Groceries,Payment for health & fitness,FALSE,2739124234,ZTPTJTFR,4650438164,PAOUTZTC,7279.68,7736.27,1,
TXN00003971,CUST003636,Isabella,Rodriguez,Male,Berlin,Germany,Berlin,Germany,Berlin,Germany,2024-01-16 05:41:45,Purchase,249.11,JPY,Amazon,Electronics,Payment for home & garden,FALSE,1265381528,QVKTUZSI,4877335388,LLKRIYVY,13341.06,14241.17,1,
TXN00003406,CUST002550,Ava,Davis,Male,Mexico City,Mexico,Mexico City,Mexico,Mexico City,Mexico,2024-01-19 13:54:47,Transfer,138.33,USD,Delta Airlines,Gas & Fuel,Payment for food & dining,FALSE,9322549499,VZFTWODD,4648969796,DXYGVFYH,13849.39,13902.12,1,
TXN00002091,CUST005222,Emma,Hernandez,Female,New York,USA,New York,USA,New York,USA,2024-04-11 13:06:39,Purchase,465.44,CNY,Apple Store,Travel,Payment for shopping,FALSE,7352176722,BXAJXMAE,2044732389,ZUZXWBCR,9906.96,10835.9,1,
TXN00001763,CUST005810,Harper,Brown,Female,Mumbai,India,Mumbai,India,Mumbai,India,2025-06-15 16:45:32,Purchase,171.59,CHF,Walmart,Travel,Payment for electronics,FALSE,6077813601,FGVGBBAV,2706294608,RGHINVOG,14600.77,14924.23,1,
TXN00004075,CUST005783,Olivia,Thomas,Female,Tokyo,Japan,Tokyo,Japan,Tokyo,Japan,2025-03-01 13:55:08,Transfer,178.99,GBP,Whole Foods,Bills & Utilities,Payment for electronics,FALSE,4372034234,EOEKBQMA,9050345228,SHRTZKPK,11468.4,11176.31,1,
TXN00004655,CUST009241,Amelia,Williams,Male,Rome,Italy,Rome,Italy,Rome,Italy,2024-02-01 01:11:20,Purchase,402.1,CHF,Home Depot,Entertainment,Payment for travel,FALSE,7830059164,KWSRRPAI,7619379595,XBMUJDHR,14857.49,14555.3,1,
TXN00001878,CUST000028,William,Miller,Male,Madrid,Spain,Madrid,Spain,Madrid,Spain,2025-02-24 10:30:22,Transfer,333.1,CNY,Walmart,Food & Dining,Payment for travel,TRUE,4196913153,QZHTWAMJ,4947383749,EDMANRFO,5455.4,5352.25,1,
TXN00000101,CUST004760,Evelyn,Rodriguez,Female,Madrid,Spain,Madrid,Spain,Madrid,Spain,2025-09-18 08:26:13,Purchase,180.84,USD,Marriott Hotels,Food & Dining,Payment for groceries,FALSE,4370255089,EDVKRYSE,7003080137,UROQVXNA,7594.55,7044.66,1,
TXN00004701,CUST008930,Ava,Lopez,Male,Rome,Italy,Rome,Italy,Rome,Italy,2024-09-02 00:04:05,Purchase,207.03,GBP,Starbucks,Bills & Utilities,Payment for health & fitness,FALSE,2494389606,POCHUWQX,3039773275,WZXQHCVZ,13546.24,13171.85,1,
TXN00001641,CUST009951,Ava,Moore,Male,Rome,Italy,Rome,Italy,Rome,Italy,2024-08-01 09:34:31,Transfer,435.66,EUR,Netflix,Travel,Payment for food & dining,FALSE,8796284355,UFWDVEOR,3348020130,FLVPKYED,14065.07,14881.1,1,
TXN00002395,CUST007194,Amelia,Williams,Female,Rome,Italy,Rome,Italy,Rome,Italy,2025-02-08 11:09:23,Purchase,500.67,CAD,Marriott Hotels,Travel,Payment for electronics,FALSE,8415970107,KIHDEFUO,1050726225,HRVLMPFZ,9758.1,9775.01,1,
TXN00000232,CUST004259,William,Jackson,Female,Mumbai,India,Mumbai,India,Mumbai,India,2025-03-05 14:44:08,Purchase,438.75,CAD,Walmart,Health & Fitness,Payment for gas & fuel,TRUE,7143028153,JNOMFEUJ,3188222904,DPNWPJPQ,11750.31,11627.9,1,
TXN00001281,CUST007422,Richard,Lee,Female,London,UK,London,UK,London,UK,2024-09-18 13:12:06,Purchase,442.34,EUR,Apple Store,Home & Garden,Payment for entertainment,FALSE,8355126146,YFJCSKNT,1466546979,YFDAQYCL,15103.15,14962.07,1,
TXN00002273,CUST007702,David,Martinez,Female,London,UK,London,UK,London,UK,2024-06-08 22:42:45,Purchase,404.23,USD,Airbnb,Groceries,Payment for groceries,TRUE,3080134593,DVSOVXBL,5349289914,ZWHRSZSO,8601.15,9515.09,1,
TXN00002651,CUST004209,James,Wilson,Female,Sydney,Australia,Sydney,Australia,Sydney,Australia,2024-12-01 23:51:33,Transfer,107.27,CAD,Airbnb,Groceries,Payment for groceries,TRUE,4415622316,TMWEHSZW,9119574540,QOBJRWZT,9381.15,8757.99,1,
TXN00004842,CUST003510,John,Taylor,Male,Sydney,Australia,Sydney,Australia,Mexico City,Mexico,2025-07-08 17:46:54,Purchase,2915.98,AUD,Whole Foods,Home & Garden,Payment for travel,FALSE,8996364383,UVUGIRDG,2500117988,VOUVQCYN,9715.69,8820.15,0,Multiple transactions in short time
TXN00003582,CUST000313,Charlotte,Lopez,Male,Mumbai,India,Mumbai,India,Mumbai,India,2025-06-25 07:23:11,Purchase,407.17,CAD,Target,Health & Fitness,Payment for food & dining,FALSE,5918467366,WVEKKIJP,7020700302,DJDMNARX,6950.95,7877.95,1,
TXN00002636,CUST000594,William,Garcia,Male,Singapore,Singapore,Singapore,Singapore,Singapore,Singapore,2024-04-04 05:18:51,Transfer,42.86,AUD,Netflix,Entertainment,Payment for health & fitness,FALSE,5235734485,FBVPFVQC,3675590390,QSPCVTPP,7918.72,8324.25,1,
TXN00003158,CUST003813,Ava,Martinez,Female,Dubai,UAE,Dubai,UAE,Dubai,UAE,2024-04-20 18:08:50,Purchase,396.64,EUR,Airbnb,Health & Fitness,Payment for health & fitness,FALSE,4929970909,ICFXNWUA,1606688680,VHCMNEGQ,12650.14,13303.04,1,
TXN00000772,CUST006599,Amelia,Garcia,Male,Paris,France,Paris,France,Paris,France,2025-06-08 04:14:06,Purchase,27.4,EUR,Walmart,Home & Garden,Payment for health & fitness,FALSE,2826378163,IBENGAFU,3716071066,TKIXACNG,15153.6,14674.65,1,
TXN00004742,CUST004418,Thomas,Martin,Female,Paris,France,Paris,France,Paris,France,2024-04-01 18:16:00,Purchase,440.84,CNY,Target,Travel,Payment for health & fitness,FALSE,9628783645,WMMXWVLE,5602102876,TXDPWZUN,4652.68,5529.51,1,
TXN00002843,CUST001110,Evelyn,Garcia,Female,London,UK,London,UK,London,UK,2025-10-06 09:17:04,Purchase,268.67,JPY,Delta Airlines,Travel,Payment for food & dining,FALSE,3520355245,OHRCCKOW,5871492283,LGOAEGBT,7456.57,7185.88,1,
TXN00001653,CUST007878,Ava,Anderson,Female,Berlin,Germany,Berlin,Germany,Berlin,Germany,2024-03-08 07:59:07,Purchase,403.09,GBP,Airbnb,Electronics,Payment for groceries,TRUE,6594169889,URJBDLOW,7257597776,OOZJYERT,13596.33,13596.32,1,
TXN00004609,CUST005631,Joseph,Jones,Female,Berlin,Germany,Berlin,Germany,Berlin,Germany,2025-01-07 23:55:02,Purchase,279.83,JPY,Target,Health & Fitness,Payment for entertainment,TRUE,2490813900,ABNHVAPA,4996137257,WFGQXCYO,13088.26,13082.62,1,
TXN00001515,CUST006921,David,Taylor,Male,Mexico City,Mexico,Mexico City,Mexico,Mexico City,Mexico,2025-02-08 17:24:40,Purchase,335.07,JPY,Whole Foods,Entertainment,Payment for health & fitness,FALSE,2354699496,WFRPUCPG,3146030712,AQSODVQX,12737.2,13199.51,1,
TXN00001017,CUST008304,Joseph,Lopez,Female,Rome,Italy,Rome,Italy,Rome,Italy,2025-09-18 18:09:56,Transfer,323.57,CAD,Best Buy,Bills & Utilities,Payment for bills & utilities,TRUE,2331021952,IENVYOVU,7407066334,ANJJAWSA,7874.21,7269.87,1,
TXN00002870,CUST006881,Ava,Taylor,Female,Mexico City,Mexico,Mexico City,Mexico,Mexico City,Mexico,2024-02-22 13:04:17,Purchase,315.19,CNY,Starbucks,Home & Garden,Payment for groceries,FALSE,9887455767,PTAQVWCY,9836819883,GPERHSTH,14975.13,14904.15,1,
TXN00000231,CUST008164,John,Miller,Female,Singapore,Singapore,Singapore,Singapore,Singapore,Singapore,2024-03-02 19:25:10,Purchase,43.46,GBP,McDonalds,Home & Garden,Payment for bills & utilities,FALSE,5233322509,BKANSZTH,2066470519,SMVRXRFA,9216.22,9196.89,1,
TXN00003590,CUST009121,Charlotte,Miller,Male,New York,USA,New York,USA,New York,USA,2025-10-06 05:46:48,Purchase,382.13,USD,Target,Groceries,Payment for bills & utilities,FALSE,4666393393,ENLCJBRL,1917615654,HKLDYRZA,7538.99,6745.56,1,
TXN00000928,CUST001756,Isabella,Garcia,Male,London,UK,London,UK,London,UK,2024-12-01 08:20:52,Transfer,30.95,AUD,Apple Store,Entertainment,Payment for entertainment,FALSE,9573165574,DDCHZWTI,3226021949,MEDTQDKH,9801.61,9641.85,1,
TXN00002069,CUST003833,Sophia,Johnson,Male,Mumbai,India,Mumbai,India,Mumbai,India,2025-04-26 22:35:53,Purchase,460.25,INR,Target,Bills & Utilities,Payment for groceries,FALSE,2055962458,QFYCYEPD,4833542786,FNHAZGSA,7277.39,6750.59,1,
TXN00003983,CUST000193,Evelyn,Moore,Female,Toronto,Canada,Toronto,Canada,Toronto,Canada,2024-04-11 09:38:02,Purchase,195.35,GBP,Uber,Travel,Payment for food & dining,FALSE,5188731974,RFKTJLSL,1571228789,SUWZEYZM,14295.98,13506.09,1,
TXN00004419,CUST004489,Harper,Wilson,Female,Shanghai,China,Shanghai,China,Shanghai,China,2024-10-29 19:29:17,Purchase,326.96,CAD,Delta Airlines,Home & Garden,Payment for home & garden,FALSE,5446140786,IBEEVQAN,1321814158,MELYMZSD,11674.06,12204.25,1,
TXN00002977,CUST007422,Emma,Lee,Female,Singapore,Singapore,Singapore,Singapore,Singapore,Singapore,2024-11-02 22:49:44,Purchase,466.46,AUD,Starbucks,Electronics,Payment for health & fitness,TRUE,7557021198,VPVHFING,3516484950,ODHSRULH,10008.62,10927.94,1,
TXN00001227,CUST007442,Amelia,Williams,Female,Shanghai,China,Shanghai,China,Shanghai,China,2025-08-02 12:07:13,Purchase,461.07,CHF,Target,Travel,Payment for groceries,FALSE,5204811631,JEMVRNMY,3023758544,RPCLCHKQ,7769.06,7924.22,1,
TXN00001793,CUST000476,Charlotte,Taylor,Male,Singapore,Singapore,Singapore,Singapore,Singapore,Singapore,2025-08-12 17:33:48,Purchase,15.4,USD,Best Buy,Bills & Utilities,Payment for bills & utilities,FALSE,7262611806,JQRIYBBW,3053219162,PUVFUHEE,4374.2,5249.55,1,
TXN00004879,CUST001867,Harper,Rodriguez,Female,Rome,Italy,Rome,Italy,São Paulo,Brazil,2024-08-12 00:35:14,Purchase,4383.81,USD,Delta Airlines,Travel,Payment for bills & utilities,FALSE,7972732599,KUMNZDZW,7816942485,PKKGHYBE,6019.94,6081.01,0,Unusual location pattern
TXN00003351,CUST009998,James,Jackson,Male,Sydney,Australia,Sydney,Australia,Sydney,Australia,2024-01-24 22:22:31,Purchase,245.78,AUD,Amazon,Entertainment,Payment for health & fitness,FALSE,3514239058,MWJMUAJM,7994348048,OMKZLUUR,12966.36,13081.02,1,
TXN00004035,CUST000243,Isabella,Hernandez,Female,Shanghai,China,Shanghai,China,Shanghai,China,2025-02-09 19:23:53,Transfer,234.66,CHF,Netflix,Gas & Fuel,Payment for groceries,FALSE,2230738887,MGCFGUPN,6409533356,XTTHXUSJ,10034.85,9667.16,1,
TXN00004083,CUST005163,Sophia,Martin,Female,Mexico City,Mexico,Mexico City,Mexico,Mexico City,Mexico,2025-06-16 16:10:58,Transfer,287.29,EUR,Delta Airlines,Shopping,Payment for shopping,FALSE,3851189307,ZHZEIWNG,5049514206,LOOTWYKE,13580.39,12622.14,1,
TXN00001011,CUST000405,Charlotte,Wilson,Male,Madrid,Spain,Madrid,Spain,Madrid,Spain,2024-11-03 08:31:16,Purchase,301.96,CNY,Apple Store,Groceries,Payment for health & fitness,TRUE,2148483315,VROLXSIS,4417941642,DBHXJUJG,9641.77,9051.34,1,
TXN00004611,CUST004701,Richard,Lee,Female,London,UK,London,UK,London,UK,2025-07-13 15:41:25,Purchase,296.07,USD,Starbucks,Shopping,Payment for travel,FALSE,8318726276,SYHZAPTH,9411183645,LFBHDCYB,14212.67,13806,1,
TXN00000123,CUST006163,Evelyn,Garcia,Male,Rome,Italy,Rome,Italy,Rome,Italy,2025-05-17 00:39:00,Purchase,47.89,CHF,McDonalds,Food & Dining,Payment for home & garden,FALSE,6364245542,FMKXYOGP,7896714031,GYFSPYOO,8610.81,8432.13,1,
TXN00001705,CUST006525,John,Moore,Male,Mumbai,India,Mumbai,India,Mumbai,India,2024-08-02 00:35:57,Transfer,504.49,CNY,Starbucks,Bills & Utilities,Payment for bills & utilities,FALSE,6409312005,YAODWWXV,5696771929,OJRMGODV,7520.44,7360.42,1,
TXN00000493,CUST001435,Evelyn,Lee,Male,Singapore,Singapore,Singapore,Singapore,Singapore,Singapore,2025-04-26 12:44:26,Purchase,459.79,JPY,Uber,Travel,Payment for groceries,FALSE,1866088438,MOVXPGRN,7599529771,VRSHMMJT,8355.48,7437.01,1,
TXN00003862,CUST007495,Emma,Lee,Male,Tokyo,Japan,Tokyo,Japan,Tokyo,Japan,2024-01-24 15:04:03,Purchase,459.39,EUR,Netflix,Health & Fitness,Payment for entertainment,FALSE,1696787234,RLHBQLGT,4360954480,XHMHFZFE,9860.46,10396.53,1,
TXN00003071,CUST007596,Isabella,Wilson,Female,Sydney,Australia,Sydney,Australia,Sydney,Australia,2025-06-07 07:12:55,Purchase,89.72,GBP,Best Buy,Entertainment,Payment for bills & utilities,FALSE,4715357946,NDZSDLXN,5609070296,SWOJAOFU,8608.54,8717.5,1,
TXN00001574,CUST005398,Ava,Lopez,Female,Mexico City,Mexico,Mexico City,Mexico,Mexico City,Mexico,2025-01-23 06:57:02,Purchase,441.14,EUR,Amazon,Entertainment,Payment for gas & fuel,FALSE,4937531210,DBFKGEMG,7772190438,KIBRIPII,12376.41,11783.26,1,
TXN00004540,CUST003273,John,Jones,Female,Mumbai,India,Mumbai,India,Mumbai,India,2025-02-07 14:39:53,Transfer,350.59,JPY,Starbucks,Home & Garden,Payment for gas & fuel,FALSE,3310569922,THADZUYD,5629819271,KFYIHNTB,13802.57,13380.16,1,
TXN00004718,CUST003217,John,Garcia,Female,Rome,Italy,Rome,Italy,Rome,Italy,2024-09-24 04:30:30,Transfer,197.45,INR,Shell Gas,Shopping,Payment for bills & utilities,FALSE,7151754051,RCRXHEBN,1463868240,HHPYRVZR,10862.13,10833.42,1,
TXN00004939,CUST006963,Robert,Brown,Female,Berlin,Germany,Toronto,Canada,Toronto,Canada,2025-10-01 01:33:40,Purchase,2335.92,GBP,McDonalds,Health & Fitness,Payment for home & garden,FALSE,3858186187,YWDCNJSM,5965366757,AUJZACQG,6746.2,6113.87,0,Account takeover suspected
TXN00004114,CUST008380,Thomas,Smith,Female,Mexico City,Mexico,Mexico City,Mexico,Mexico City,Mexico,2024-05-19 08:43:45,Purchase,307.54,CNY,Netflix,Groceries,Payment for bills & utilities,FALSE,6001477044,CUXGLGKH,6679347456,VUZWGEDQ,15034.45,14274.75,1,
TXN00004497,CUST002772,Isabella,Hernandez,Female,Mexico City,Mexico,Mexico City,Mexico,Mexico City,Mexico,2024-08-03 05:22:49,Transfer,413.63,JPY,Target,Travel,Payment for health & fitness,FALSE,9491804653,QLGJSYHH,7393600654,ENPDJCDD,8588.09,9013.97,1,
TXN00002072,CUST003669,John,Moore,Male,Shanghai,China,Shanghai,China,Shanghai,China,2025-01-05 05:07:26,Purchase,98.64,CNY,Starbucks,Entertainment,Payment for bills & utilities,FALSE,2258562403,XTAAZNSE,9716176562,NRLYNNPQ,13477.46,14255.79,1,
TXN00003043,CUST000918,Amelia,Johnson,Female,Mumbai,India,Mumbai,India,Mumbai,India,2025-06-26 17:58:24,Purchase,474.36,CAD,Target,Home & Garden,Payment for shopping,FALSE,6088723640,DLTGEOBQ,9184703950,SMRFWPUF,5639.65,5348.54,1,
TXN00004379,CUST007250,William,Jones,Male,Berlin,Germany,Berlin,Germany,Berlin,Germany,2024-05-01 08:08:43,Transfer,369.67,CHF,Netflix,Electronics,Payment for bills & utilities,FALSE,9382550379,MQEYSNCV,4493041493,XCPCMVVD,8397.32,7688.69,1,
TXN00002678,CUST007032,Evelyn,Brown,Female,Berlin,Germany,Berlin,Germany,Berlin,Germany,2024-05-09 21:43:34,Purchase,154,INR,Netflix,Bills & Utilities,Payment for home & garden,FALSE,6185428210,AOOHTXWW,2251565022,DBIALSIB,12497.08,12282.98,1,
TXN00003050,CUST007125,Robert,Lee,Male,Singapore,Singapore,Singapore,Singapore,Singapore,Singapore,2025-09-27 02:19:17,Purchase,71.57,AUD,Amazon,Travel,Payment for gas & fuel,FALSE,4780929643,YVUBHQJZ,2635449634,TBMQKPNM,8288.08,8478.09,1,
TXN00001383,CUST003320,Ava,Miller,Male,Toronto,Canada,Toronto,Canada,Toronto,Canada,2025-05-07 16:39:23,Transfer,345.66,CNY,Airbnb,Food & Dining,Payment for shopping,FALSE,5503577237,DKCAVDHO,3127704032,TJWLZEFQ,8979.85,8898.35,1,
TXN00001598,CUST000682,Evelyn,Wilson,Female,Madrid,Spain,Madrid,Spain,Madrid,Spain,2025-06-15 19:58:14,Purchase,461.39,AUD,Starbucks,Home & Garden,Payment for electronics,FALSE,3782426697,NFUTVFXM,7484107402,TPHLFQYY,14312.49,13680.69,1,
TXN00002895,CUST001445,Harper,Brown,Male,Mumbai,India,Mumbai,India,Mumbai,India,2024-11-21 07:06:51,Transfer,263.77,JPY,Best Buy,Gas & Fuel,Payment for home & garden,FALSE,1875636956,CWALBRLL,7579796371,AZFLBLJR,13075.48,12112.53,1,
TXN00004680,CUST007254,Robert,Anderson,Male,Mexico City,Mexico,Mexico City,Mexico,Mexico City,Mexico,2025-01-10 21:32:50,Purchase,304.21,CNY,Walmart,Gas & Fuel,Payment for health & fitness,TRUE,3357413268,WAPEUYEF,9061878082,ODFQIOSK,12196.68,12120.09,1,
TXN00000681,CUST006529,Thomas,Rodriguez,Male,Madrid,Spain,Madrid,Spain,Madrid,Spain,2024-04-16 04:26:44,Purchase,75.91,CHF,Walmart,Health & Fitness,Payment for bills & utilities,FALSE,8068831747,WUJXRLVC,6498539553,QJBVFLHD,10240.55,9327.9,1,
TXN00000151,CUST009590,Isabella,Brown,Male,Tokyo,Japan,Tokyo,Japan,Tokyo,Japan,2025-01-11 13:00:42,Purchase,490.69,AUD,Apple Store,Home & Garden,Payment for health & fitness,TRUE,3729115970,TSDXHYUX,5091448444,CSUYGXTT,12270.41,12207.04,1,
TXN00000048,CUST004986,Daniel,Brown,Female,Mumbai,India,Mumbai,India,Mumbai,India,2024-05-25 15:33:01,Purchase,53.98,CHF,Whole Foods,Shopping,Payment for groceries,FALSE,4258085061,QPLLDLWR,8938389796,HEZQNKPB,11891.91,12092.73,1,
TXN00000671,CUST002069,David,Brown,Female,Sydney,Australia,Sydney,Australia,Sydney,Australia,2025-10-05 01:11:24,Purchase,351.46,EUR,Best Buy,Bills & Utilities,Payment for entertainment,FALSE,6788474086,PXXBTNOF,5716791297,PUCJZHVT,12613.25,11938.68,1,
TXN00003505,CUST004808,Isabella,Taylor,Female,Mexico City,Mexico,Mexico City,Mexico,Mexico City,Mexico,2024-07-21 09:39:30,Transfer,353.62,GBP,Netflix,Gas & Fuel,Payment for shopping,FALSE,8991421220,NFGJTKIK,5429689920,ZRFVUOBR,11771.45,11574,1,
TXN00001268,CUST000204,Emma,Wilson,Male,Tokyo,Japan,Tokyo,Japan,Tokyo,Japan,2025-08-01 14:00:25,Transfer,206.44,INR,Netflix,Shopping,Payment for groceries,FALSE,8989294819,RXFXPXVP,4469246566,IPJEPLCA,15645.15,14806.08,1,
TXN00004137,CUST008920,Emma,Moore,Female,Tokyo,Japan,Tokyo,Japan,Tokyo,Japan,2024-04-28 10:44:15,Purchase,110.45,CAD,Marriott Hotels,Electronics,Payment for bills & utilities,FALSE,2861764530,HRCUDNNT,1564385223,KIFYJXOV,10498.27,11340.1,1,
TXN00004098,CUST006021,Olivia,Brown,Male,Mexico City,Mexico,Mexico City,Mexico,Mexico City,Mexico,2025-04-01 21:15:15,Transfer,420.47,EUR,Best Buy,Shopping,Payment for bills & utilities,FALSE,7242624302,CPYUVWJA,2274686117,VWLVYCBP,9690.72,10556.28,1,
TXN00004525,CUST003541,Sophia,Brown,Male,Dubai,UAE,Dubai,UAE,Dubai,UAE,2024-09-02 20:12:33,Purchase,272.25,EUR,Home Depot,Home & Garden,Payment for home & garden,FALSE,1057803891,RVJRQYER,9259969374,PWQOOTIF,10142.76,10762.34,1,
TXN00004145,CUST000098,William,Hernandez,Female,Berlin,Germany,Berlin,Germany,Berlin,Germany,2024-05-31 15:52:31,Purchase,228.32,GBP,Amazon,Shopping,Payment for home & garden,FALSE,2023588338,EYMCLYHC,8174114733,QIHOGGPM,11831.57,11016.09,1,
TXN00002612,CUST008679,Joseph,Moore,Male,Mexico City,Mexico,Mexico City,Mexico,Mexico City,Mexico,2025-09-01 07:20:28,Purchase,471.39,USD,Whole Foods,Health & Fitness,Payment for health & fitness,FALSE,2129776397,IOKPZTKC,5221673634,PFUIRUIE,5082.54,5959.27,1,
TXN00000425,CUST007603,Harper,Lee,Male,London,UK,London,UK,London,UK,2024-02-22 11:02:26,Transfer,133.85,CAD,Uber,Shopping,Payment for electronics,FALSE,8713013023,RLQCYWLZ,4305382504,CZPSQFFA,5531.74,5861.85,1,
TXN00004869,CUST005182,Michael,Martin,Female,Berlin,Germany,Berlin,Germany,Madrid,Spain,2025-09-27 21:08:36,Purchase,2876.91,EUR,Starbucks,Health & Fitness,Payment for electronics,FALSE,7297448013,OMLMZTPA,3146408404,MTVUTHMV,8978.96,9342.94,0,Velocity check failed
TXN00000491,CUST006981,Thomas,Smith,Female,Paris,France,Paris,France,Paris,France,2025-06-17 00:53:19,Purchase,71.19,USD,Uber,Food & Dining,Payment for travel,FALSE,5272313242,URLVJIZJ,3468198629,SABOWODC,12227.41,11910.73,1,
TXN00003588,CUST003627,Isabella,Jones,Female,Paris,France,Paris,France,Paris,France,2024-12-16 15:40:04,Purchase,418.3,INR,Walmart,Home & Garden,Payment for groceries,FALSE,4921301837,RHOAVFQY,3921112533,QORTUEBI,12689.63,13423.6,1,
TXN00004963,CUST002670,Joseph,Thomas,Male,Dubai,UAE,Berlin,Germany,Dubai,UAE,2025-01-10 11:53:14,Purchase,2038.07,CNY,Netflix,Shopping,Payment for gas & fuel,FALSE,3976354343,INHLYGGV,3901525516,WCKKYSGN,8900.68,8958.64,0,Account takeover suspected
TXN00004650,CUST000749,Richard,Martinez,Male,Toronto,Canada,Toronto,Canada,Toronto,Canada,2024-12-25 09:22:18,Purchase,33.13,AUD,Whole Foods,Bills & Utilities,Payment for home & garden,FALSE,2708084896,QOFWFZPP,5906722158,XSEIOMRY,8651.85,9104.74,1,
TXN00003081,CUST002368,William,Taylor,Female,Sydney,Australia,Sydney,Australia,Sydney,Australia,2024-09-30 14:20:59,Purchase,228.18,INR,Whole Foods,Entertainment,Payment for electronics,FALSE,4394925484,LLKTIWVG,7069576381,FZIILSWG,8783.85,8038.65,1,
TXN00001690,CUST000977,James,Thomas,Male,Rome,Italy,Rome,Italy,Rome,Italy,2025-05-02 13:30:29,Transfer,325.68,USD,Shell Gas,Groceries,Payment for electronics,TRUE,4440915485,TLVBSLNJ,9394728632,CGUVRWNW,6702.34,7505.11,1,
TXN00004893,CUST001545,Thomas,Hernandez,Female,Mumbai,India,Mumbai,India,Mumbai,India,2024-09-14 07:58:32,Purchase,3000.07,AUD,Best Buy,Entertainment,Payment for shopping,FALSE,6449775350,QJZKUPIQ,9264901026,GAXDTFVQ,14004.72,14167.58,0,Account takeover suspected
TXN00003106,CUST000020,Ava,Davis,Female,Rome,Italy,Rome,Italy,Rome,Italy,2025-06-30 00:15:08,Purchase,361.61,GBP,Airbnb,Gas & Fuel,Payment for food & dining,FALSE,2252042366,ECUVLSSD,4747021301,UAKVDDZM,11871.52,11893.72,1,
TXN00002514,CUST007104,Michael,Martin,Male,Mumbai,India,Mumbai,India,Mumbai,India,2024-04-25 06:43:32,Transfer,115.42,USD,Best Buy,Entertainment,Payment for home & garden,FALSE,8396964355,HJKUKYLI,4962149837,LOKMYAYA,12069.91,12956.2,1,
TXN00004027,CUST006086,Robert,Lopez,Male,London,UK,London,UK,London,UK,2025-08-10 16:16:51,Transfer,255.16,CAD,Airbnb,Bills & Utilities,Payment for entertainment,FALSE,4591581756,TMEOQUIC,5427304839,DMAYMBKG,13181.31,12892.17,1,
TXN00000319,CUST009063,Evelyn,Davis,Female,Toronto,Canada,Toronto,Canada,Toronto,Canada,2024-05-03 00:19:32,Transfer,504.74,CAD,Airbnb,Home & Garden,Payment for gas & fuel,FALSE,5631708712,TEGNFKFK,8764870170,BUFXEXKG,13092.32,12230.02,1,
TXN00003366,CUST004866,William,Garcia,Male,Shanghai,China,Shanghai,China,Shanghai,China,2024-02-04 21:33:31,Purchase,375.07,CNY,Home Depot,Health & Fitness,Payment for food & dining,FALSE,6714262322,WFRCIHZQ,2640952202,FSCMGMZP,14126.03,14691.26,1,
TXN00003329,CUST005642,Amelia,Rodriguez,Female,Rome,Italy,Rome,Italy,Rome,Italy,2024-05-10 11:21:07,Transfer,186.71,USD,Delta Airlines,Entertainment,Payment for groceries,FALSE,1868312118,NRRDHYXE,7851007747,SQXOSZFS,13483.02,13646.54,1,
TXN00004949,CUST000557,David,Williams,Female,Sydney,Australia,Sydney,Australia,New York,USA,2024-06-06 08:13:29,Transfer,5354.66,CHF,Walmart,Groceries,Payment for bills & utilities,FALSE,4479422897,MYCGUHYY,4789196813,AESEKIPU,12763.03,13492.17,0,High amount compared to usual
TXN00003624,CUST001678,Mia,Rodriguez,Female,Berlin,Germany,Berlin,Germany,Berlin,Germany,2024-03-04 16:50:45,Purchase,466.78,GBP,McDonalds,Travel,Payment for electronics,FALSE,7122132432,RLIAPXBW,8915732233,IMJRBKXL,14842.01,14377.35,1,
TXN00002930,CUST006663,John,Taylor,Male,Mumbai,India,Mumbai,India,Mumbai,India,2024-01-18 01:27:06,Purchase,356.71,GBP,McDonalds,Groceries,Payment for shopping,FALSE,2362975818,RSMCCPWN,2671222730,ZFXSHTGX,13959.87,14857.45,1,
TXN00000595,CUST000266,William,Martinez,Female,Singapore,Singapore,Singapore,Singapore,Singapore,Singapore,2024-01-31 09:04:01,Purchase,207.13,CAD,Netflix,Shopping,Payment for health & fitness,FALSE,7928707786,JCMSAWDK,2750307102,GHSYAXWZ,7307.12,7878.38,1,
TXN00001428,CUST004481,Mia,Miller,Female,Tokyo,Japan,Tokyo,Japan,Tokyo,Japan,2024-01-21 00:33:55,Purchase,88.87,AUD,Whole Foods,Electronics,Payment for gas & fuel,FALSE,3269517334,JLADBYFX,7341007544,JJXDIEYQ,6867.53,6227.77,1,
TXN00003935,CUST000737,Isabella,Miller,Female,Dubai,UAE,Dubai,UAE,Dubai,UAE,2024-10-23 10:20:34,Purchase,262.42,JPY,Target,Food & Dining,Payment for gas & fuel,FALSE,8062202237,CXQVTSHK,9037115701,RLEMLWPW,7291.56,6818.73,1,
TXN00004029,CUST000930,James,Hernandez,Male,Singapore,Singapore,Singapore,Singapore,Singapore,Singapore,2025-02-04 06:03:49,Purchase,317.18,INR,Uber,Shopping,Payment for bills & utilities,FALSE,6677739694,BXZIQNAB,5209279099,CCMYFFIO,10489.72,9907.02,1,
TXN00000752,CUST005175,Mia,Johnson,Female,New York,USA,New York,USA,New York,USA,2025-01-18 02:17:13,Purchase,395.51,CAD,Home Depot,Gas & Fuel,Payment for health & fitness,FALSE,7542516844,PNSSSUYC,1437257888,DBBBJWRE,13226.17,13654.18,1,
TXN00002473,CUST008733,Thomas,Smith,Female,Madrid,Spain,Madrid,Spain,Madrid,Spain,2025-03-01 04:43:08,Transfer,47.81,CAD,Netflix,Travel,Payment for home & garden,FALSE,7778336540,GMRHQKVG,6827127296,MZIQFTGQ,15235.71,14522.97,1,
TXN00003815,CUST005539,Richard,Thomas,Male,Berlin,Germany,Berlin,Germany,Berlin,Germany,2024-05-24 16:53:47,Purchase,285.42,GBP,Airbnb,Gas & Fuel,Payment for gas & fuel,FALSE,5601423648,FIBUGCGA,7383002964,RVINJMQK,5747.73,5195.08,1,
TXN00001888,CUST002327,Richard,Jackson,Female,Dubai,UAE,Dubai,UAE,Dubai,UAE,2025-04-01 17:46:25,Purchase,396.91,INR,Netflix,Electronics,Payment for gas & fuel,FALSE,3094877205,ZOLNOMRF,3522418926,USEBEFSS,15024.2,14993.18,1,
TXN00000381,CUST002619,Michael,Rodriguez,Male,Sydney,Australia,Sydney,Australia,Sydney,Australia,2025-01-05 07:27:31,Purchase,338.07,CAD,Starbucks,Food & Dining,Payment for entertainment,FALSE,3005439224,LXNRGQEV,6166301939,FIKUISWR,13119.95,12879.76,1,
TXN00003972,CUST005676,Thomas,Anderson,Female,New York,USA,New York,USA,New York,USA,2024-03-20 13:14:10,Purchase,95.44,INR,Starbucks,Gas & Fuel,Payment for travel,TRUE,3536527634,WLFTMIRE,5692105200,BOVLRLGX,7577.27,8023.36,1,
TXN00001718,CUST007146,Isabella,Martinez,Male,Mumbai,India,Mumbai,India,Mumbai,India,2025-05-25 08:30:50,Purchase,82.44,JPY,Uber,Health & Fitness,Payment for travel,FALSE,1651861186,SQNOAMNZ,7499377342,XIJCFXAM,11969.97,12268.2,1,
TXN00001844,CUST002813,Amelia,Jones,Female,Singapore,Singapore,Singapore,Singapore,Singapore,Singapore,2024-12-14 10:46:37,Transfer,456.47,CNY,Amazon,Electronics,Payment for shopping,FALSE,2025445754,NVPTFKVX,2089733378,AOTGSNRT,13596.41,13429.47,1,
TXN00004643,CUST008354,Isabella,Anderson,Female,Tokyo,Japan,Tokyo,Japan,Tokyo,Japan,2024-03-16 22:02:17,Purchase,273.11,USD,Uber,Electronics,Payment for travel,FALSE,7179189493,ALUBYTDU,9549354002,WVZGAWQU,6989.31,6992.26,1,
TXN00004876,CUST002258,Robert,Smith,Female,Mumbai,India,New York,USA,Toronto,Canada,2025-05-30 16:14:35,Transfer,5274.97,CNY,Shell Gas,Bills & Utilities,Payment for bills & utilities,FALSE,9161644764,BDREKNAA,1390684163,XPBKOYCY,7857.18,8362.82,0,Account takeover suspected
TXN00000742,CUST009043,Robert,Williams,Female,London,UK,London,UK,London,UK,2025-09-14 06:58:17,Transfer,55.41,JPY,Target,Health & Fitness,Payment for shopping,FALSE,1454003569,OKKOQTNS,2372653801,JOVDWEQH,5473.13,5423.41,1,
TXN00001706,CUST004563,Isabella,Garcia,Female,Paris,France,Paris,France,Paris,France,2024-06-25 20:59:28,Purchase,276.58,GBP,McDonalds,Health & Fitness,Payment for food & dining,FALSE,2735642534,KVUSSYHO,3323078958,OZMXRCXT,10423.04,9752.68,1,
TXN00003494,CUST003186,Robert,Lopez,Male,Sydney,Australia,Sydney,Australia,Sydney,Australia,2024-03-14 14:51:20,Transfer,221.25,CNY,Apple Store,Shopping,Payment for groceries,FALSE,8356144750,RGFEWRFV,5534223256,HUMFVTED,4497.47,5175.43,1,
TXN00003723,CUST009247,Mia,Jones,Female,Mumbai,India,Mumbai,India,Mumbai,India,2024-08-13 00:18:53,Transfer,59.1,JPY,Airbnb,Groceries,Payment for food & dining,FALSE,2983444325,CUTOLCLO,9967866076,AGPPPTAP,9862.08,10423.39,1,
TXN00001493,CUST006560,Harper,Lee,Male,Sydney,Australia,Sydney,Australia,Sydney,Australia,2024-07-08 08:27:58,Purchase,467.27,CNY,McDonalds,Home & Garden,Payment for food & dining,FALSE,8154610188,HBKWOMTB,9284875188,EQGLFYPD,7564.36,6973.99,1,
TXN00004012,CUST000944,Amelia,Lee,Male,Shanghai,China,Shanghai,China,Shanghai,China,2025-08-31 20:04:22,Purchase,469.92,JPY,Netflix,Food & Dining,Payment for food & dining,FALSE,5323140509,CZZMIAPC,4233549762,ZRIXFLCG,6910.58,6479.21,1,
TXN00003954,CUST002093,Robert,Lopez,Male,Sydney,Australia,Sydney,Australia,Sydney,Australia,2024-01-18 05:28:13,Transfer,388.14,EUR,Uber,Electronics,Payment for food & dining,FALSE,8258956439,OUGAPINH,1003077858,VQFSQSCT,8255.86,7914.4,1,
TXN00002936,CUST008681,Thomas,Moore,Male,Singapore,Singapore,Singapore,Singapore,Singapore,Singapore,2024-03-04 22:37:24,Purchase,40.69,CNY,Uber,Groceries,Payment for groceries,FALSE,6804997402,XUIZASHR,5300609539,IWDAMFCO,7502.25,7454.24,1,
TXN00001490,CUST001928,William,Rodriguez,Male,Madrid,Spain,Madrid,Spain,Madrid,Spain,2025-05-10 13:14:04,Purchase,456.89,CNY,Delta Airlines,Shopping,Payment for shopping,FALSE,4817890420,ZHNKWBNE,3233792578,TERVSONX,8454.59,7529.36,1,
TXN00000308,CUST001195,Sophia,Williams,Male,Dubai,UAE,Dubai,UAE,Dubai,UAE,2025-04-14 09:33:22,Transfer,102.26,GBP,Target,Travel,Payment for gas & fuel,FALSE,8335290345,RJGKZEDH,3576355260,UNMTKWQG,12821.16,12806.34,1,
TXN00004569,CUST002572,Daniel,Hernandez,Female,Madrid,Spain,Madrid,Spain,Madrid,Spain,2024-10-26 09:48:51,Purchase,61.14,INR,Uber,Home & Garden,Payment for gas & fuel,FALSE,2905829117,VBZFUCDM,6805905312,ILNYEGPI,6484.57,6964.43,1,
TXN00002757,CUST004022,John,Wilson,Male,Rome,Italy,Rome,Italy,Rome,Italy,2024-09-14 07:56:24,Purchase,31,GBP,Home Depot,Entertainment,Payment for health & fitness,FALSE,4009152624,SDYUAIWV,2013086533,VNVXRAAR,14373.76,13484.27,1,
TXN00004922,CUST005641,Michael,Johnson,Female,Dubai,UAE,Tokyo,Japan,Rome,Italy,2024-08-11 22:16:01,Purchase,2857.57,CHF,Target,Shopping,Payment for electronics,TRUE,2400889749,ZNKKWTNG,2819537637,YRTKBXWR,8378.48,8461.13,0,Account takeover suspected
TXN00003686,CUST007603,Sophia,Miller,Male,Paris,France,Paris,France,Paris,France,2025-04-30 03:08:13,Purchase,118.04,CHF,Shell Gas,Gas & Fuel,Payment for food & dining,FALSE,2610017664,WDBLQQAL,3070864115,YNAXVHZA,11972.58,11211.21,1,
TXN00001265,CUST007913,Daniel,Lee,Female,Madrid,Spain,Madrid,Spain,Madrid,Spain,2024-10-17 01:21:39,Transfer,453.65,JPY,Uber,Bills & Utilities,Payment for entertainment,FALSE,3552862263,VORUXDYV,6917295972,GMGJUMRE,10385.34,9761.09,1,
TXN00003154,CUST001797,Joseph,Lopez,Male,São Paulo,Brazil,São Paulo,Brazil,São Paulo,Brazil,2024-02-08 18:30:28,Transfer,365.77,AUD,McDonalds,Electronics,Payment for groceries,FALSE,7857767195,YMWYTANJ,3464447548,HEZNIZIW,10033.23,9644.94,1,
TXN00001319,CUST007667,Joseph,Lee,Male,Singapore,Singapore,Singapore,Singapore,Singapore,Singapore,2025-05-27 20:09:25,Purchase,366.07,CAD,Best Buy,Gas & Fuel,Payment for shopping,FALSE,8526575439,DIFTFZVN,2846496403,OYKSOFUJ,9029.64,8437.9,1,
TXN00003160,CUST006530,William,Jackson,Female,Mexico City,Mexico,Mexico City,Mexico,Mexico City,Mexico,2025-05-27 15:54:29,Transfer,173.08,JPY,Marriott Hotels,Electronics,Payment for gas & fuel,FALSE,9048717020,FEAFGMFZ,1815070556,VDEUJPOK,9647.98,9990.25,1,
TXN00004107,CUST002513,Emma,Miller,Male,São Paulo,Brazil,São Paulo,Brazil,São Paulo,Brazil,2025-03-15 14:48:26,Purchase,118.24,JPY,Airbnb,Shopping,Payment for entertainment,FALSE,7318468379,DEZJSKTA,7031038264,PBTADWEX,11535.13,12090.95,1,
TXN00003323,CUST002820,David,Jones,Female,Dubai,UAE,Dubai,UAE,Dubai,UAE,2025-08-15 13:56:39,Purchase,376.54,INR,Starbucks,Bills & Utilities,Payment for home & garden,FALSE,1161684016,DSRHYXUJ,1456731538,DJKGECJI,6320.68,5461.94,1,
TXN00004215,CUST005652,Olivia,Smith,Female,New York,USA,New York,USA,New York,USA,2025-05-28 02:26:34,Transfer,484.27,JPY,Amazon,Electronics,Payment for bills & utilities,FALSE,8972026688,JNIYWSGB,8620721807,PABBNOEU,5961.61,5946.53,1,
TXN00004151,CUST003310,Mia,Thomas,Female,Mexico City,Mexico,Mexico City,Mexico,Mexico City,Mexico,2025-04-28 01:11:20,Transfer,139.11,CAD,Marriott Hotels,Home & Garden,Payment for food & dining,FALSE,7390195064,IYJMOFRI,2084951295,TLNSNDOO,7930.71,6956.75,1,
TXN00000670,CUST001837,Ava,Lee,Male,Singapore,Singapore,Singapore,Singapore,Singapore,Singapore,2025-07-18 15:42:16,Purchase,265.12,CNY,Home Depot,Gas & Fuel,Payment for electronics,FALSE,9290078697,VPQGPQRD,4250233124,IZGAXULS,6611.06,5675.62,1,
TXN00002743,CUST003752,Thomas,Martin,Female,Dubai,UAE,Dubai,UAE,Dubai,UAE,2024-11-06 11:09:10,Transfer,392.32,USD,Target,Food & Dining,Payment for bills & utilities,FALSE,8382997912,BNQTFPRJ,9836592349,EZONEZQW,12932.54,13842.41,1,
TXN00004533,CUST007275,Olivia,Lopez,Male,Shanghai,China,Shanghai,China,Shanghai,China,2025-05-25 23:45:12,Transfer,496.49,AUD,Amazon,Food & Dining,Payment for groceries,FALSE,5984117200,CVWMITUS,8184221441,IYELYXBK,11394.58,11519.54,1,
TXN00003790,CUST004043,Ava,Anderson,Male,New York,USA,New York,USA,New York,USA,2025-05-15 11:49:13,Transfer,335.55,JPY,Uber,Travel,Payment for groceries,FALSE,5978930265,SRESZUYL,9051632454,SBEURHWZ,14800.73,14070.94,1,
TXN00002732,CUST008457,Harper,Moore,Female,New York,USA,New York,USA,New York,USA,2024-06-16 09:29:07,Purchase,474.87,CHF,Airbnb,Food & Dining,Payment for bills & utilities,FALSE,3652746951,MBMDSKZZ,2330508908,OYSCIXWS,8455.57,7961.96,1,
TXN00004516,CUST000082,David,Martinez,Male,London,UK,London,UK,London,UK,2024-05-08 08:28:10,Purchase,414.92,CAD,McDonalds,Shopping,Payment for entertainment,FALSE,5712919713,QFYVGPTT,5426319178,URNZNTTS,14344.25,13371.83,1,
TXN00002409,CUST008329,Olivia,Garcia,Female,Shanghai,China,Shanghai,China,Shanghai,China,2025-07-18 08:03:47,Transfer,190.96,CNY,Marriott Hotels,Electronics,Payment for travel,FALSE,7546091793,JTBXQTXS,2226017882,MCBZXDLJ,8484.59,8448.27,1,
TXN00004730,CUST000406,Isabella,Garcia,Female,São Paulo,Brazil,São Paulo,Brazil,São Paulo,Brazil,2024-07-24 05:05:41,Purchase,76.26,EUR,Walmart,Travel,Payment for electronics,FALSE,1856804472,OSDSJAIH,3455232304,DPBDKTXJ,6931.29,7147.4,1,
TXN00002602,CUST006611,Harper,Taylor,Male,Paris,France,Paris,France,Paris,France,2025-02-14 12:22:46,Transfer,235.63,USD,Starbucks,Home & Garden,Payment for entertainment,FALSE,8072970683,MLLODPSF,2196482615,HHZZETJO,8087.83,7787.24,1,
TXN00003392,CUST008850,Isabella,Wilson,Male,Sydney,Australia,Sydney,Australia,Sydney,Australia,2024-03-25 09:42:42,Purchase,160.56,EUR,Netflix,Bills & Utilities,Payment for health & fitness,FALSE,2489849845,NXNUYXVQ,2061031917,DJIUMYCA,5818.49,6048.6,1,
TXN00003273,CUST008952,Amelia,Rodriguez,Female,Rome,Italy,Rome,Italy,Rome,Italy,2024-03-23 13:59:24,Transfer,425.22,INR,McDonalds,Entertainment,Payment for groceries,FALSE,4675067389,RESDMMQK,9876935986,YHEYWYJI,8562.29,8799.46,1,
TXN00001167,CUST002132,Michael,Moore,Male,London,UK,London,UK,London,UK,2024-11-02 16:37:46,Purchase,152.22,CAD,Starbucks,Shopping,Payment for electronics,TRUE,9382694253,FZRAPPUC,5852240946,TEGLWTEB,12828.84,13310.01,1,
TXN00001527,CUST006900,Olivia,Johnson,Female,Toronto,Canada,Toronto,Canada,Toronto,Canada,2024-01-22 10:29:02,Purchase,313.18,JPY,McDonalds,Gas & Fuel,Payment for health & fitness,FALSE,3082434685,ZIDVOSYU,1232855701,HFTABOLD,10797.69,11655.63,1,
TXN00002531,CUST002968,Joseph,Jackson,Male,Toronto,Canada,Toronto,Canada,Toronto,Canada,2025-06-27 05:34:14,Purchase,49.21,INR,Target,Shopping,Payment for bills & utilities,FALSE,3398998752,KVLDPUTF,1893401782,WHGLGOSG,9826.9,10227.31,1,
TXN00004965,CUST000350,Sophia,Lopez,Female,Rome,Italy,Rome,Italy,Toronto,Canada,2024-05-16 02:42:52,Purchase,5273.88,CHF,Uber,Home & Garden,Payment for home & garden,FALSE,6631756015,OKJSKOII,6579433152,CQQJWDBH,9468.4,8563.48,0,Velocity check failed
TXN00000787,CUST007927,Olivia,Hernandez,Female,Rome,Italy,Rome,Italy,Rome,Italy,2025-08-16 16:02:12,Transfer,276.96,GBP,Walmart,Food & Dining,Payment for food & dining,FALSE,3308016012,QIFULIOA,9643915816,MHLEZBPD,7593.84,7646.6,1,
TXN00003859,CUST000016,William,Moore,Male,New York,USA,New York,USA,New York,USA,2025-09-29 05:31:20,Purchase,298.12,USD,McDonalds,Entertainment,Payment for shopping,FALSE,9493643392,SXLUHYFZ,3619618597,NGPMIJCJ,11758.48,12565.9,1,
TXN00001037,CUST000301,Charlotte,Smith,Male,Shanghai,China,Shanghai,China,Shanghai,China,2024-09-19 23:40:56,Purchase,249.94,CAD,Home Depot,Health & Fitness,Payment for food & dining,FALSE,2270198130,QTLVGMPL,7743782933,XFUNYAGQ,11683.16,10796.16,1,
TXN00000623,CUST006327,Evelyn,Wilson,Female,London,UK,London,UK,London,UK,2025-02-03 04:45:48,Transfer,393.18,AUD,Starbucks,Gas & Fuel,Payment for travel,FALSE,6659145414,DTHMAHUH,3994618583,ZOQLFESF,8198.25,9161.96,1,
TXN00002898,CUST004629,Ava,Thomas,Female,Mumbai,India,Mumbai,India,Mumbai,India,2025-05-08 09:20:22,Purchase,327.71,JPY,Whole Foods,Health & Fitness,Payment for travel,FALSE,5258682769,RZBLVMFS,8943954641,AMDGIFLA,15056.7,14516.73,1,
TXN00000854,CUST005308,Charlotte,Garcia,Female,São Paulo,Brazil,São Paulo,Brazil,São Paulo,Brazil,2024-01-15 17:49:58,Purchase,420.24,INR,Delta Airlines,Bills & Utilities,Payment for health & fitness,FALSE,6837032255,MAGBBOWE,5004083696,DHFFGRAA,14424.68,13814.97,1,
TXN00004116,CUST007708,Emma,Johnson,Male,Paris,France,Paris,France,Paris,France,2024-10-17 12:28:10,Purchase,106.15,CHF,Uber,Entertainment,Payment for electronics,TRUE,3223424252,MMPYGLUN,9578713697,TQOHKATX,5777.96,5105.07,1,
TXN00001855,CUST009926,Robert,Lopez,Female,Dubai,UAE,Dubai,UAE,Dubai,UAE,2024-12-16 05:51:51,Purchase,11.45,AUD,Home Depot,Gas & Fuel,Payment for electronics,FALSE,4294698450,ODHMPIKI,9272258549,KPIQHVYQ,10504.97,9842.09,1,
TXN00003824,CUST003146,Olivia,Jackson,Male,Mexico City,Mexico,Mexico City,Mexico,Mexico City,Mexico,2025-07-21 02:37:20,Transfer,444.57,CHF,Starbucks,Groceries,Payment for entertainment,FALSE,5453776911,VUPOFXUI,4011520759,NTTMCBGM,11070.75,10777.21,1,
TXN00000766,CUST006744,Joseph,Miller,Female,Mexico City,Mexico,Mexico City,Mexico,Mexico City,Mexico,2024-11-29 08:57:59,Purchase,256.12,CHF,Best Buy,Gas & Fuel,Payment for food & dining,FALSE,3195268084,FUVGGSRF,5749449827,KFSNYMKI,13844.47,13541.16,1,
TXN00004045,CUST002657,William,Martinez,Male,São Paulo,Brazil,São Paulo,Brazil,São Paulo,Brazil,2024-06-28 15:35:36,Transfer,163.42,AUD,Walmart,Travel,Payment for entertainment,FALSE,6034457485,HXWSFSKI,7792679219,JRGKPHAI,11628.95,11813.97,1,
TXN00002645,CUST002241,James,Lopez,Female,São Paulo,Brazil,São Paulo,Brazil,São Paulo,Brazil,2024-12-05 22:22:10,Purchase,462.92,CNY,Best Buy,Travel,Payment for bills & utilities,TRUE,7747943909,YVARCGMS,5897050904,HCYNQSQX,12023.6,12422.13,1,
TXN00002642,CUST001279,James,Moore,Female,Sydney,Australia,Sydney,Australia,Sydney,Australia,2024-06-02 14:03:14,Transfer,54.3,CAD,Amazon,Home & Garden,Payment for electronics,FALSE,9063209170,NWUNKQDE,2546302101,RQRNMLTM,12625.85,12568.55,1,
TXN00003778,CUST007224,David,Anderson,Female,Tokyo,Japan,Tokyo,Japan,Tokyo,Japan,2024-01-18 01:32:39,Purchase,394.38,CNY,Walmart,Health & Fitness,Payment for food & dining,FALSE,2275229350,QWIFDIMQ,9153546158,KZGWQFIY,12495.24,12470.55,1,
TXN00003642,CUST008340,Joseph,Lopez,Female,Mumbai,India,Mumbai,India,Mumbai,India,2024-08-07 15:20:10,Purchase,145.31,INR,Airbnb,Groceries,Payment for electronics,FALSE,6418937734,XORVLYBZ,7525818099,PKDMRRDP,11020.53,11373.59,1,
TXN00000108,CUST001040,Daniel,Moore,Female,São Paulo,Brazil,São Paulo,Brazil,São Paulo,Brazil,2024-03-15 23:03:00,Purchase,35.81,CAD,Starbucks,Food & Dining,Payment for electronics,FALSE,9549156479,RKZQRMYX,5345271286,HTLDMHSO,13493.85,13016.34,1,
TXN00002814,CUST000270,James,Johnson,Male,Dubai,UAE,Dubai,UAE,Dubai,UAE,2024-08-17 02:43:29,Transfer,344.78,AUD,Target,Travel,Payment for shopping,FALSE,6988577797,MZCKAQYH,2881797662,LMYMEPCG,14018.5,14805.09,1,
TXN00002369,CUST003819,Thomas,Taylor,Female,Paris,France,Paris,France,Paris,France,2024-10-27 00:19:06,Transfer,494.03,CAD,Best Buy,Health & Fitness,Payment for groceries,FALSE,9885576756,NONZVOGA,6553254799,HOZZLVOD,13594.28,14235.93,1,
TXN00001434,CUST003331,Ava,Williams,Male,New York,USA,New York,USA,New York,USA,2025-03-30 02:46:14,Purchase,226.82,EUR,Netflix,Bills & Utilities,Payment for shopping,FALSE,6717668656,HVVBFGWQ,9629717351,MBTGTGVM,13026.44,12128.77,1,
TXN00003794,CUST009852,Isabella,Thomas,Female,Singapore,Singapore,Singapore,Singapore,Singapore,Singapore,2025-08-11 03:40:33,Transfer,46.3,INR,Airbnb,Home & Garden,Payment for bills & utilities,FALSE,1281268793,MUFDEDWR,4209304029,HASXZISV,5643.28,5483.31,1,
TXN00003887,CUST006447,Mia,Jackson,Male,São Paulo,Brazil,São Paulo,Brazil,São Paulo,Brazil,2024-07-27 15:21:08,Purchase,459.17,USD,Shell Gas,Electronics,Payment for gas & fuel,FALSE,3717011307,DDAMOYKR,5505993457,EXSIUEYH,8529.46,7558.89,1,
TXN00003880,CUST002169,James,Johnson,Male,Mexico City,Mexico,Mexico City,Mexico,Mexico City,Mexico,2025-06-09 17:40:49,Purchase,282.17,GBP,Best Buy,Shopping,Payment for gas & fuel,FALSE,5574813654,GFUBJPOV,2836813657,YBDYZYKX,4998.6,5341.66,1,
TXN00000184,CUST002356,James,Garcia,Female,Singapore,Singapore,Singapore,Singapore,Singapore,Singapore,2024-07-12 18:41:05,Purchase,359.63,USD,Home Depot,Health & Fitness,Payment for electronics,TRUE,3962982557,QHUHNNTZ,2735278792,DWNSKZBF,12444.27,12621.07,1,
TXN00003726,CUST001627,Richard,Wilson,Female,New York,USA,New York,USA,New York,USA,2024-01-29 21:48:37,Purchase,335.63,JPY,Apple Store,Gas & Fuel,Payment for travel,FALSE,9573362563,ERNXXYBF,8776415905,ZLPIOFPO,6373.78,6718.62,1,
TXN00003056,CUST007145,David,Johnson,Male,Sydney,Australia,Sydney,Australia,Sydney,Australia,2024-12-01 13:40:00,Purchase,296.34,JPY,Target,Bills & Utilities,Payment for electronics,FALSE,4556944892,RGPOBDKV,5539456599,XFTJRAIX,10871.39,11557.02,1,
TXN00001514,CUST008360,David,Taylor,Female,Sydney,Australia,Sydney,Australia,Sydney,Australia,2025-03-27 13:09:44,Purchase,483.06,INR,Uber,Health & Fitness,Payment for health & fitness,FALSE,3777242741,IHQAZPRS,4856496696,FQCEXJSC,12760.86,11778.5,1,
TXN00004208,CUST004183,Olivia,Johnson,Female,São Paulo,Brazil,São Paulo,Brazil,São Paulo,Brazil,2024-09-30 16:11:32,Transfer,171.37,CAD,Shell Gas,Travel,Payment for groceries,FALSE,6956969186,ARMLCQOX,1853493288,VDQSILEY,7669.59,7548.73,1,
TXN00001405,CUST000749,William,Lee,Female,Rome,Italy,Rome,Italy,Rome,Italy,2024-04-23 04:50:05,Purchase,496.31,EUR,Uber,Shopping,Payment for entertainment,TRUE,2198766418,XIEACENP,4795226469,SCFHQDZG,11505.6,11801.95,1,
TXN00000540,CUST001012,Daniel,Lopez,Female,Shanghai,China,Shanghai,China,Shanghai,China,2024-05-19 21:20:35,Transfer,403.98,JPY,Home Depot,Shopping,Payment for shopping,FALSE,1767050164,LZRKTIDN,9487546171,VJAGRQFD,13789.46,14480.41,1,
TXN00004390,CUST004212,David,Hernandez,Female,Rome,Italy,Rome,Italy,Rome,Italy,2024-03-25 18:49:51,Purchase,55.96,GBP,Apple Store,Gas & Fuel,Payment for home & garden,FALSE,8992534890,DYBYZACD,8811337105,JHPUXRVS,7877.64,8390.61,1,
TXN00003793,CUST006597,William,Davis,Female,Sydney,Australia,Sydney,Australia,Sydney,Australia,2025-02-27 01:56:33,Purchase,455.35,CNY,Best Buy,Food & Dining,Payment for electronics,FALSE,2811850145,XWFMHXPL,2333083415,ZJDMAMUC,4422.85,5099.86,1,
TXN00002249,CUST006786,Richard,Moore,Male,São Paulo,Brazil,São Paulo,Brazil,São Paulo,Brazil,2024-12-03 02:48:54,Purchase,451.11,EUR,Target,Bills & Utilities,Payment for groceries,FALSE,7405730396,NCPOJEMS,4841451847,BUALNQMJ,14736.58,13941.59,1,
TXN00001632,CUST001228,Ava,Brown,Male,Toronto,Canada,Toronto,Canada,Toronto,Canada,2024-08-14 13:17:29,Purchase,249.6,INR,Target,Health & Fitness,Payment for bills & utilities,FALSE,6029238699,DEJALDQX,6751937009,SDVHNFBG,11516.41,11219.66,1,
TXN00000306,CUST003401,Sophia,Wilson,Female,Shanghai,China,Shanghai,China,Shanghai,China,2025-07-13 12:10:11,Purchase,168.36,GBP,Airbnb,Home & Garden,Payment for travel,FALSE,4028943941,EKRPETNA,1101692740,EQQXILUQ,12980.39,13464.88,1,
TXN00002528,CUST003356,Richard,Lopez,Female,London,UK,London,UK,London,UK,2025-08-07 08:55:27,Transfer,359.04,CHF,Shell Gas,Bills & Utilities,Payment for electronics,FALSE,2411626340,TZZMLIJK,9486646402,WXLISELV,9922.05,9897.19,1,
TXN00002052,CUST006308,Robert,Miller,Female,São Paulo,Brazil,São Paulo,Brazil,São Paulo,Brazil,2024-12-09 09:13:23,Purchase,386.21,INR,Delta Airlines,Entertainment,Payment for electronics,FALSE,1669891318,NUYCFYLS,1631621457,JLZWTPAQ,5527.9,5175.45,1,
TXN00004432,CUST005633,Robert,Garcia,Male,Berlin,Germany,Berlin,Germany,Berlin,Germany,2025-06-13 04:21:22,Transfer,405.59,JPY,Marriott Hotels,Gas & Fuel,Payment for food & dining,FALSE,2065435722,QRUHNIWK,4885884530,PDTZPCLB,9601.99,9714.23,1,
TXN00004450,CUST004226,Robert,Williams,Male,Dubai,UAE,Dubai,UAE,Dubai,UAE,2025-05-17 05:08:44,Purchase,55.58,JPY,Shell Gas,Electronics,Payment for health & fitness,FALSE,8394636383,NWMJKVPK,1888930077,GXVGNMXP,6378.71,5550.96,1,
TXN00003571,CUST000751,Amelia,Lopez,Male,Shanghai,China,Shanghai,China,Shanghai,China,2024-04-14 21:36:59,Purchase,49.41,AUD,Uber,Electronics,Payment for entertainment,FALSE,4507148314,BWSHSBER,9395072214,OCXVYXUQ,13344.09,13278.36,1,
TXN00001710,CUST007725,William,Hernandez,Female,Dubai,UAE,Dubai,UAE,Dubai,UAE,2024-03-30 13:55:46,Purchase,85.12,GBP,Best Buy,Entertainment,Payment for travel,FALSE,8696599350,BCJHMAEO,3858433317,HTGKPDFM,12568.67,13290.62,1,
TXN00003731,CUST005670,Mia,Miller,Female,São Paulo,Brazil,São Paulo,Brazil,São Paulo,Brazil,2024-02-29 18:07:12,Purchase,223.69,EUR,Best Buy,Bills & Utilities,Payment for food & dining,FALSE,8191272526,QPTIANGD,5505559555,QSEMRFLF,14761.28,14933.46,1,
TXN00003129,CUST000200,Joseph,Lopez,Female,London,UK,London,UK,London,UK,2024-05-22 20:56:19,Purchase,389.34,INR,Marriott Hotels,Entertainment,Payment for shopping,FALSE,6436884855,RCQTLWAQ,8488826581,MNRJFBTP,10046.09,10557.23,1,
TXN00003677,CUST005696,Michael,Jackson,Female,Mumbai,India,Mumbai,India,Mumbai,India,2024-04-19 00:13:53,Purchase,497.39,CHF,Netflix,Entertainment,Payment for bills & utilities,FALSE,3641550222,AYDMZXMV,6301276942,XQHDCTTX,8961.21,9385.76,1,
TXN00001517,CUST001745,Richard,Jones,Female,Berlin,Germany,Berlin,Germany,Berlin,Germany,2024-07-17 14:17:15,Purchase,491.73,CHF,Best Buy,Travel,Payment for home & garden,FALSE,7117657388,EUBGFFPT,3576260065,JNDLOZEJ,9211.81,8410.04,1,
TXN00003715,CUST008428,Ava,Hernandez,Male,Toronto,Canada,Toronto,Canada,Toronto,Canada,2025-07-11 10:29:15,Transfer,389.57,GBP,Walmart,Entertainment,Payment for shopping,FALSE,6650653068,ZESDEBIG,9299573868,YBJUTGXU,8509.42,8718.32,1,
TXN00000856,CUST008903,Richard,Johnson,Female,Sydney,Australia,Sydney,Australia,Sydney,Australia,2024-02-14 18:18:12,Purchase,278.91,EUR,Amazon,Travel,Payment for health & fitness,FALSE,8003677302,RNPVVEPK,5249709684,JJRRTUJV,8120.91,8626.4,1,
TXN00001680,CUST000900,Sophia,Martinez,Male,Paris,France,Paris,France,Paris,France,2024-09-01 19:20:05,Purchase,370.29,INR,Walmart,Home & Garden,Payment for entertainment,FALSE,4142705450,OSYWWVNU,4432506735,CIVLHANL,9404.68,9278.13,1,
TXN00000387,CUST001851,Emma,Williams,Female,Sydney,Australia,Sydney,Australia,Sydney,Australia,2025-01-12 18:56:17,Transfer,192.45,CHF,Delta Airlines,Health & Fitness,Payment for entertainment,FALSE,3481919991,PGGOFNCC,4941954061,HBXRWIDA,8851.88,9744.45,1,
TXN00003710,CUST005875,Robert,Williams,Female,Tokyo,Japan,Tokyo,Japan,Tokyo,Japan,2025-07-15 08:47:58,Transfer,156.33,INR,Walmart,Entertainment,Payment for electronics,FALSE,1035458366,TCXJWBTV,8188807953,EPDORFMZ,11824.82,10977.25,1,
TXN00004294,CUST001823,Emma,Thomas,Male,New York,USA,New York,USA,New York,USA,2025-09-28 14:58:37,Transfer,484.06,INR,Home Depot,Entertainment,Payment for bills & utilities,FALSE,8843517045,QQLJDHWU,4519810822,EKLFCTVE,13521.17,13223.53,1,
TXN00003900,CUST006425,Sophia,Davis,Male,Berlin,Germany,Berlin,Germany,Berlin,Germany,2024-05-16 04:11:35,Purchase,34.6,CAD,Uber,Food & Dining,Payment for health & fitness,FALSE,9683015404,AGKZORJV,9130155790,YDXPGNID,6644.71,6689.72,1,
TXN00004104,CUST009207,James,Hernandez,Male,Toronto,Canada,Toronto,Canada,Toronto,Canada,2024-05-15 12:50:46,Transfer,267.75,AUD,Marriott Hotels,Home & Garden,Payment for groceries,FALSE,3512993489,EOZWWZQE,3338714400,TNLPIRMH,12870.06,12424.99,1,
TXN00004486,CUST005328,Sophia,Jones,Male,Tokyo,Japan,Tokyo,Japan,Tokyo,Japan,2024-06-06 18:32:42,Transfer,230.69,USD,Home Depot,Travel,Payment for shopping,FALSE,9441159522,ZMYJVKND,1813251883,QCDRAEIY,8713.82,9242.73,1,
TXN00000465,CUST005237,Sophia,Wilson,Female,Mexico City,Mexico,Mexico City,Mexico,Mexico City,Mexico,2025-01-04 21:41:37,Transfer,221.92,INR,Whole Foods,Gas & Fuel,Payment for electronics,FALSE,9889518575,AEFLCPCN,6364635829,NLJAAOOD,5805.83,6349.33,1,
TXN00000523,CUST003536,Michael,Thomas,Male,Mumbai,India,Mumbai,India,Mumbai,India,2025-02-05 16:56:01,Purchase,13.15,AUD,Uber,Food & Dining,Payment for food & dining,FALSE,8629935063,XAAURZZV,1368652616,YXLULYPI,5523.1,5949.69,1,
TXN00000703,CUST001142,Charlotte,Hernandez,Male,Rome,Italy,Rome,Italy,Rome,Italy,2025-01-24 07:35:27,Purchase,349.83,CNY,Walmart,Electronics,Payment for travel,FALSE,7193102859,WXVKVXEE,2369551082,RIOGICNF,10878.18,10096.96,1,
TXN00000283,CUST009837,Mia,Johnson,Male,Paris,France,Paris,France,Paris,France,2025-06-09 08:04:34,Transfer,440.14,GBP,Marriott Hotels,Home & Garden,Payment for gas & fuel,FALSE,9073433290,NBJRFJMZ,5590858246,OJJVEGCS,5375.15,5162.54,1,
TXN00002076,CUST003029,Ava,Garcia,Female,Mumbai,India,Mumbai,India,Mumbai,India,2024-12-25 05:07:26,Transfer,241.37,CNY,McDonalds,Electronics,Payment for gas & fuel,FALSE,5614264366,YYXSPLNI,3108119654,UWFZFMGZ,13924.75,13896.41,1,
TXN00002885,CUST001291,Harper,Johnson,Male,Dubai,UAE,Dubai,UAE,Dubai,UAE,2025-09-03 08:45:38,Purchase,119.4,AUD,Netflix,Entertainment,Payment for gas & fuel,FALSE,6044579589,AVSSZDNB,6297125818,KEXVLPNY,15011.52,14475.76,1,
TXN00002595,CUST004425,Thomas,Lee,Male,Toronto,Canada,Toronto,Canada,Toronto,Canada,2025-07-27 13:31:06,Purchase,505.55,EUR,Airbnb,Home & Garden,Payment for groceries,FALSE,5404758228,FRILDDUM,7982012892,OJZYEXJP,8629.09,7740.64,1,
TXN00003149,CUST007874,Robert,Anderson,Male,Mumbai,India,Mumbai,India,Mumbai,India,2024-09-29 04:16:18,Purchase,33.87,JPY,Airbnb,Bills & Utilities,Payment for travel,TRUE,8061670175,WXBCHDGK,9467618700,JWJPFLET,5609.57,5438.68,1,
TXN00000278,CUST000193,James,Jones,Female,Sydney,Australia,Sydney,Australia,Sydney,Australia,2025-05-15 04:00:46,Purchase,34.09,CAD,Delta Airlines,Health & Fitness,Payment for bills & utilities,FALSE,5017179557,RKPMAHPX,2289737359,LOJSPVBB,15201.6,14602.19,1,
TXN00004576,CUST006926,Ava,Thomas,Male,Berlin,Germany,Berlin,Germany,Berlin,Germany,2025-01-24 02:42:41,Purchase,476.05,EUR,Shell Gas,Bills & Utilities,Payment for bills & utilities,FALSE,1793201940,GSADQMDP,3127176862,THECZQVJ,11634.49,10908.34,1,
TXN00004807,CUST002733,James,Rodriguez,Female,Mumbai,India,Madrid,Spain,Shanghai,China,2024-03-20 12:41:06,Purchase,1635.11,JPY,Whole Foods,Gas & Fuel,Payment for gas & fuel,FALSE,4684504704,NIRUBJAX,7010015289,VDURISPY,4846.89,5757.53,0,High amount compared to usual
TXN00001528,CUST004641,Amelia,Johnson,Male,São Paulo,Brazil,São Paulo,Brazil,São Paulo,Brazil,2024-01-06 23:50:11,Purchase,400.74,CAD,Target,Gas & Fuel,Payment for health & fitness,FALSE,7366479486,LCHNNSUQ,9378208701,YBSEPYLE,15482.78,14530.01,1,
TXN00001670,CUST001491,Thomas,Rodriguez,Male,Paris,France,Paris,France,Paris,France,2024-03-06 13:57:48,Transfer,222.01,EUR,Starbucks,Groceries,Payment for health & fitness,FALSE,8112148808,DTRJQGCU,8115599124,ONZVDRNJ,11327.24,10648.36,1,
TXN00004848,CUST004472,Evelyn,Lopez,Male,Dubai,UAE,Dubai,UAE,Berlin,Germany,2025-04-28 13:52:57,Purchase,5168.54,GBP,Airbnb,Home & Garden,Payment for shopping,FALSE,4151739315,SSPBHTTA,5907586542,JQNWTRPI,10383.45,9858.86,0,Account takeover suspected
TXN00000336,CUST002201,Ava,Martinez,Male,Tokyo,Japan,Tokyo,Japan,Tokyo,Japan,2024-01-10 00:25:24,Transfer,173.46,CHF,Airbnb,Food & Dining,Payment for gas & fuel,FALSE,6308309285,RRCDUUSD,9385811106,ACTYIJFR,15147.64,14152.15,1,
TXN00001677,CUST007585,Harper,Brown,Female,Dubai,UAE,Dubai,UAE,Dubai,UAE,2025-04-13 19:07:33,Purchase,403.79,AUD,Home Depot,Food & Dining,Payment for bills & utilities,FALSE,4313343681,AOVLFLEO,4100254888,VGGZEZJE,7932.68,8324.02,1,
TXN00000920,CUST006545,Robert,Miller,Female,Toronto,Canada,Toronto,Canada,Toronto,Canada,2025-04-17 14:35:18,Purchase,294.53,CNY,Target,Health & Fitness,Payment for electronics,FALSE,9995712248,XPMEAEEK,1469209883,OBTHPYBT,6628.88,6192.6,1,
TXN00000776,CUST002663,Thomas,Smith,Male,Sydney,Australia,Sydney,Australia,Sydney,Australia,2024-08-07 18:22:58,Transfer,180.22,JPY,Airbnb,Health & Fitness,Payment for travel,FALSE,2653961761,TAZBOQRY,2150016848,BEFFICGQ,13694.28,13419.3,1,
TXN00000635,CUST003813,Evelyn,Johnson,Female,Paris,France,Paris,France,Paris,France,2025-09-15 05:52:37,Purchase,336.26,INR,Walmart,Food & Dining,Payment for travel,TRUE,2453171821,ERMRMNVX,8801623215,EWYWAILH,6244.22,5472.68,1,
TXN00001987,CUST009622,Mia,Hernandez,Male,Tokyo,Japan,Tokyo,Japan,Tokyo,Japan,2024-05-29 13:41:37,Transfer,32.28,CHF,Walmart,Home & Garden,Payment for entertainment,TRUE,4419386279,OHPHLKIM,1810838462,AGSMSMUJ,10412.22,10571.98,1,
TXN00003721,CUST002238,Sophia,Jackson,Male,São Paulo,Brazil,São Paulo,Brazil,São Paulo,Brazil,2025-01-23 06:07:09,Purchase,255.37,JPY,Netflix,Food & Dining,Payment for groceries,FALSE,6999715282,LWUDYASC,3885648096,GCOTMQBC,5320.38,5304.75,1,
TXN00002503,CUST009525,Thomas,Rodriguez,Female,Madrid,Spain,Madrid,Spain,Madrid,Spain,2024-10-23 20:52:58,Purchase,358.1,CNY,Home Depot,Health & Fitness,Payment for food & dining,FALSE,8668295717,TKKYADEO,9350631126,UWQDNIPH,5152.5,5598.9,1,
TXN00003644,CUST007195,Olivia,Martin,Female,Paris,France,Paris,France,Paris,France,2025-06-28 12:39:36,Purchase,372.43,INR,Best Buy,Electronics,Payment for entertainment,FALSE,4871511518,IUKHMUPV,1529265566,BPXVBAAK,12104.36,11694.14,1,
TXN00003949,CUST006685,Olivia,Rodriguez,Female,London,UK,London,UK,London,UK,2025-05-01 20:35:21,Purchase,423.08,GBP,Uber,Electronics,Payment for home & garden,FALSE,7797409244,NVZJSNST,8165589781,ACVXMETL,11975.96,11836.06,1,
TXN00000961,CUST000114,William,Davis,Male,Singapore,Singapore,Singapore,Singapore,Singapore,Singapore,2024-10-29 16:45:02,Transfer,183.34,AUD,Best Buy,Entertainment,Payment for travel,FALSE,2199671448,RQAMJCVM,3655264487,SSDTVYOK,10349.45,10004.09,1,
TXN00002152,CUST006171,Evelyn,Miller,Female,Sydney,Australia,Sydney,Australia,Sydney,Australia,2024-03-26 17:15:19,Purchase,155.32,CNY,Shell Gas,Home & Garden,Payment for gas & fuel,FALSE,8233736337,SKLWAQMM,4611789063,YIQILJRQ,10192.61,10873.82,1,
TXN00001555,CUST009888,Michael,Martinez,Male,Singapore,Singapore,Singapore,Singapore,Singapore,Singapore,2025-07-02 20:33:37,Purchase,38.04,INR,Marriott Hotels,Groceries,Payment for entertainment,TRUE,4083714426,EWPSZWZK,7225274273,CATEJQKM,9286.92,10275.36,1,
TXN00001993,CUST000952,Emma,Anderson,Male,Madrid,Spain,Madrid,Spain,Madrid,Spain,2024-01-09 22:45:47,Transfer,269.06,EUR,Amazon,Food & Dining,Payment for home & garden,FALSE,1898137172,TJMBQZBR,2764619504,ERVUEVNP,11697.43,11174.89,1,
TXN00004738,CUST002366,James,Anderson,Female,Singapore,Singapore,Singapore,Singapore,Singapore,Singapore,2025-03-27 09:27:54,Purchase,377.65,INR,Marriott Hotels,Travel,Payment for groceries,FALSE,9490821895,FTADTIVQ,8819644884,FDWALJDF,9682.05,8698.77,1,
TXN00001192,CUST004320,Olivia,Anderson,Male,New York,USA,New York,USA,New York,USA,2024-09-20 11:03:53,Purchase,476.09,USD,Target,Home & Garden,Payment for travel,FALSE,6162405487,DKYKSMBY,7609642548,HBACVUHX,10061.49,9866.65,1,
TXN00004585,CUST002332,Ava,Martinez,Female,Madrid,Spain,Madrid,Spain,Madrid,Spain,2024-08-26 23:31:37,Purchase,270.81,CNY,Amazon,Gas & Fuel,Payment for health & fitness,FALSE,5110984427,LOSHTKTX,8636607945,CEOUEFLL,9361.61,10221.12,1,
TXN00004264,CUST003786,Isabella,Hernandez,Male,Singapore,Singapore,Singapore,Singapore,Singapore,Singapore,2024-02-16 11:20:02,Purchase,332.66,CHF,Walmart,Home & Garden,Payment for bills & utilities,FALSE,2133973575,QRQBRFKS,5175395450,RUDGTHSN,5470.79,6422.92,1,
TXN00001014,CUST001229,Evelyn,Jones,Female,London,UK,London,UK,London,UK,2024-04-10 16:18:57,Transfer,14.31,USD,Home Depot,Home & Garden,Payment for gas & fuel,FALSE,1655753715,KAKOIIBV,3621975805,JPRPHUQZ,10191.81,10182.63,1,
TXN00003059,CUST002449,Olivia,Jones,Female,New York,USA,New York,USA,New York,USA,2024-04-10 18:21:06,Purchase,380.97,CNY,Uber,Home & Garden,Payment for groceries,FALSE,9452833359,KOUXODNJ,5364646754,KZGDHYWX,7976.42,8645.07,1,
TXN00001444,CUST006162,Mia,Garcia,Male,London,UK,London,UK,London,UK,2025-06-10 12:35:23,Purchase,148,GBP,Airbnb,Shopping,Payment for home & garden,FALSE,8542322420,HABORBJS,9255806120,RLZXBOQG,9648.94,9990.17,1,
TXN00004545,CUST007431,Michael,Williams,Female,Madrid,Spain,Madrid,Spain,Madrid,Spain,2024-07-16 20:03:10,Purchase,199.02,CHF,Walmart,Gas & Fuel,Payment for bills & utilities,FALSE,9912313585,XICKZNIB,7798224530,PCPEYEUB,8821.94,8169.92,1,
TXN00000050,CUST007581,William,Davis,Female,São Paulo,Brazil,São Paulo,Brazil,São Paulo,Brazil,2025-06-10 11:47:16,Transfer,454.8,AUD,Amazon,Health & Fitness,Payment for bills & utilities,FALSE,1402406657,HIQGYQWP,7652215222,FYONSDRP,11806.78,12358.94,1,
TXN00004632,CUST006161,Joseph,Garcia,Male,Paris,France,Paris,France,Paris,France,2025-06-28 17:46:54,Purchase,139.24,INR,Walmart,Entertainment,Payment for gas & fuel,FALSE,6483935379,PZTOYGSH,2115348263,ODAVPPJT,10477.42,9791.49,1,
TXN00000649,CUST008074,Robert,Taylor,Female,São Paulo,Brazil,São Paulo,Brazil,São Paulo,Brazil,2024-07-08 22:56:21,Purchase,370.85,GBP,Uber,Travel,Payment for home & garden,FALSE,7256123247,FHXAMWNW,1256511827,NBCURPTD,9434.19,10213.73,1,
TXN00000548,CUST009872,Sophia,Miller,Male,São Paulo,Brazil,São Paulo,Brazil,São Paulo,Brazil,2025-01-28 12:00:21,Purchase,253.63,CAD,Apple Store,Shopping,Payment for bills & utilities,FALSE,9517071098,INKEDFQV,1230809922,DCAHXOQN,9752.51,10430.33,1,
TXN00004510,CUST001944,Olivia,Moore,Male,Dubai,UAE,Dubai,UAE,Dubai,UAE,2024-04-29 23:27:59,Purchase,16.92,EUR,Target,Shopping,Payment for travel,FALSE,4459498492,GWTZEPLI,3459277098,KWKPWMKH,8764.48,8484.92,1,
TXN00003951,CUST009521,Sophia,Brown,Male,New York,USA,New York,USA,New York,USA,2024-04-11 20:48:17,Purchase,419.56,GBP,Best Buy,Groceries,Payment for groceries,FALSE,1036114467,VEFDNNKZ,1266075763,WUHAWJCQ,5767.55,5854.74,1,
TXN00001438,CUST004882,Daniel,Martin,Female,Rome,Italy,Rome,Italy,Rome,Italy,2025-06-15 16:40:07,Transfer,260.74,INR,Marriott Hotels,Groceries,Payment for travel,FALSE,1880031543,MPDHQRYY,6490413727,HRMOJQNC,9146.06,9566,1,
TXN00002498,CUST000297,David,Martinez,Male,Mumbai,India,Mumbai,India,Mumbai,India,2024-02-09 08:36:21,Transfer,184.95,GBP,Shell Gas,Entertainment,Payment for health & fitness,FALSE,1378531460,INJVDKVN,7983940350,IXHBLQXS,12544.49,12815.55,1,
TXN00004335,CUST001457,David,Thomas,Female,Madrid,Spain,Madrid,Spain,Madrid,Spain,2025-08-21 19:10:06,Purchase,445.14,GBP,Netflix,Groceries,Payment for home & garden,FALSE,1273828924,GIIAOHYK,5793667681,VBPMFJEK,7554.02,6878.14,1,
TXN00002139,CUST009176,Ava,Lee,Female,Shanghai,China,Shanghai,China,Shanghai,China,2024-04-20 04:12:44,Purchase,450.71,CHF,Delta Airlines,Health & Fitness,Payment for electronics,FALSE,6765133091,YCGXSCCA,2930834456,BLPHWYVQ,9997.42,10910.6,1,
TXN00001263,CUST002907,Olivia,Wilson,Male,Mexico City,Mexico,Mexico City,Mexico,Mexico City,Mexico,2025-04-29 20:16:10,Purchase,152.64,CAD,Netflix,Groceries,Payment for entertainment,FALSE,2206800803,FEALLCPI,3428889964,JKBVRKGB,5180.02,6080.08,1,
TXN00003917,CUST003587,John,Jackson,Female,Mexico City,Mexico,Mexico City,Mexico,Mexico City,Mexico,2024-10-04 12:02:08,Purchase,76.66,AUD,Home Depot,Groceries,Payment for entertainment,FALSE,4500893632,YXEPBGYJ,1164672254,WQWYDONQ,8218.5,7297.14,1,
TXN00001197,CUST001201,Richard,Brown,Male,São Paulo,Brazil,São Paulo,Brazil,São Paulo,Brazil,2024-06-09 02:42:50,Purchase,27.89,USD,Delta Airlines,Groceries,Payment for bills & utilities,FALSE,2380096042,GFKCPTCE,2489039160,ELEBAFKK,15462.09,14884.43,1,
TXN00004913,CUST009015,Daniel,Wilson,Female,Shanghai,China,Dubai,UAE,London,UK,2024-12-29 13:18:03,Purchase,2315.85,INR,Whole Foods,Home & Garden,Payment for travel,FALSE,8114183532,KBRNWLOX,8244587226,VXSUWDLY,6960.78,6908.73,0,Unusual location pattern
TXN00001296,CUST001340,Olivia,Jones,Male,São Paulo,Brazil,São Paulo,Brazil,São Paulo,Brazil,2025-07-20 13:57:11,Transfer,48.7,CAD,Home Depot,Gas & Fuel,Payment for food & dining,FALSE,2302464387,VHGMUUHD,8558597769,AQPCJIZH,6086.18,5943.28,1,
TXN00000318,CUST003878,Thomas,Rodriguez,Male,New York,USA,New York,USA,New York,USA,2024-01-22 13:56:37,Purchase,86.27,JPY,McDonalds,Bills & Utilities,Payment for gas & fuel,FALSE,5434574355,MDZSODDF,3479642522,FGYHJEZG,13306.33,13143.91,1,
TXN00001860,CUST001167,Richard,Hernandez,Female,Toronto,Canada,Toronto,Canada,Toronto,Canada,2025-08-21 17:23:16,Transfer,372.73,CNY,Amazon,Health & Fitness,Payment for food & dining,FALSE,2688451548,AHPGLOLZ,4303359077,NHWRBWLF,11524.53,11127.91,1,
TXN00004719,CUST008000,Thomas,Jackson,Male,Mexico City,Mexico,Mexico City,Mexico,Mexico City,Mexico,2025-06-23 15:22:56,Purchase,504.56,CHF,Delta Airlines,Bills & Utilities,Payment for electronics,FALSE,2895418445,EAQKHDIB,5614125683,UTWUUHYU,8972.64,8476.56,1,
TXN00003241,CUST007223,Evelyn,Smith,Female,Shanghai,China,Shanghai,China,Shanghai,China,2025-05-06 14:42:23,Purchase,388.94,INR,Shell Gas,Electronics,Payment for entertainment,FALSE,6361277809,POBBIIOZ,1680051968,VFPENXCB,12096.03,11624.64,1,
TXN00000938,CUST008993,James,Lee,Male,Sydney,Australia,Sydney,Australia,Sydney,Australia,2024-06-28 12:25:49,Purchase,364.77,GBP,Starbucks,Groceries,Payment for electronics,FALSE,4153444251,RQZLOWHL,7685902284,DETUQMPO,6776,6542.89,1,
TXN00004430,CUST008543,William,Wilson,Male,Dubai,UAE,Dubai,UAE,Dubai,UAE,2025-09-02 01:08:51,Transfer,54.35,AUD,Airbnb,Travel,Payment for home & garden,FALSE,8975103099,BAHBUVHD,1395425634,RQCHXUBS,13663.33,14437.73,1,
TXN00004921,CUST005647,Robert,Martin,Male,New York,USA,Berlin,Germany,New York,USA,2025-07-19 01:31:17,Transfer,1806.93,CNY,Best Buy,Bills & Utilities,Payment for food & dining,FALSE,1906794855,SFPPAZKY,8284936835,MTPHMOLY,11583.93,12137.99,0,High amount compared to usual
TXN00003968,CUST002897,David,Jones,Male,London,UK,London,UK,London,UK,2025-04-02 23:02:10,Transfer,507.26,INR,Delta Airlines,Shopping,Payment for electronics,FALSE,3965953626,JSUNUWFV,5943462913,TAEUDAVE,12209.66,13141.96,1,
TXN00002600,CUST005812,Richard,Martinez,Male,Madrid,Spain,Madrid,Spain,Madrid,Spain,2024-08-30 23:14:33,Purchase,125.5,CNY,Airbnb,Bills & Utilities,Payment for health & fitness,FALSE,4548095294,ZNTJTUDT,8309199885,ARCZIFOG,12161.32,11327.17,1,
TXN00000727,CUST007688,Emma,Miller,Male,New York,USA,New York,USA,New York,USA,2024-05-10 22:58:32,Purchase,318.09,CAD,Apple Store,Electronics,Payment for groceries,FALSE,4981429201,WDOWKRZO,8483358561,GGPLYPUB,6388.53,7228.55,1,
TXN00001569,CUST005305,Emma,Smith,Female,Mumbai,India,Mumbai,India,Mumbai,India,2025-02-02 01:11:11,Transfer,220.49,GBP,Amazon,Electronics,Payment for health & fitness,TRUE,3230571235,DIOCVEIH,7469742029,BQALKDKL,6221.98,7107.5,1,
TXN00002972,CUST000487,Mia,Hernandez,Male,Tokyo,Japan,Tokyo,Japan,Tokyo,Japan,2024-01-30 11:52:16,Purchase,314.11,USD,McDonalds,Food & Dining,Payment for health & fitness,FALSE,3073287494,DSHBSCFF,1924966316,BHBLKNPR,8926.65,9290.71,1,
TXN00002129,CUST000246,Joseph,Wilson,Female,Sydney,Australia,Sydney,Australia,Sydney,Australia,2024-01-16 03:19:03,Purchase,500.79,EUR,Airbnb,Shopping,Payment for food & dining,FALSE,2327695669,QLZSKVLU,8366504051,UVUVAHVG,6653.05,5681.03,1,
TXN00000274,CUST003971,Harper,Miller,Female,Tokyo,Japan,Tokyo,Japan,Tokyo,Japan,2024-05-05 07:46:03,Purchase,242.29,AUD,McDonalds,Groceries,Payment for gas & fuel,FALSE,1186964199,AYERPUIW,4191119333,WHOAFERM,10626.86,11396.93,1,
TXN00003174,CUST001407,Isabella,Miller,Female,Shanghai,China,Shanghai,China,Shanghai,China,2024-11-01 14:32:54,Purchase,209.8,JPY,Netflix,Health & Fitness,Payment for travel,FALSE,6369888698,SQBIBFQS,3164827136,ZHYQVEHB,7624.21,8347.62,1,
TXN00004538,CUST000229,William,Lopez,Female,Berlin,Germany,Berlin,Germany,Berlin,Germany,2024-01-10 08:37:31,Purchase,149.16,CNY,Apple Store,Food & Dining,Payment for food & dining,FALSE,6765331882,LHASAVGW,8039456825,UKHJKQPF,10259.3,9701.44,1,
TXN00002302,CUST005102,Michael,Rodriguez,Female,Dubai,UAE,Dubai,UAE,Dubai,UAE,2025-02-05 05:09:33,Transfer,170.35,JPY,Target,Bills & Utilities,Payment for food & dining,FALSE,8720196490,JGIPJDQQ,8543561403,BHGVLZXB,9094.84,9793.77,1,
TXN00004754,CUST009352,Daniel,Martin,Male,Rome,Italy,Rome,Italy,Rome,Italy,2025-04-21 05:44:15,Purchase,5279.21,GBP,Walmart,Groceries,Payment for groceries,FALSE,3282341433,SKAPAPXF,5724859608,CYGMLMVV,7882.26,8366.09,0,Known fraudulent merchant
TXN00004269,CUST002996,Daniel,Thomas,Female,Toronto,Canada,Toronto,Canada,Toronto,Canada,2024-07-05 01:27:43,Transfer,211.17,AUD,Whole Foods,Home & Garden,Payment for entertainment,FALSE,4619882353,QSXMAXPV,4588366679,IETNDMSC,5670.93,5610.31,1,
TXN00002784,CUST000165,Daniel,Lee,Male,São Paulo,Brazil,São Paulo,Brazil,São Paulo,Brazil,2024-03-13 03:14:54,Purchase,32.16,USD,Uber,Travel,Payment for bills & utilities,FALSE,1388518500,FJCLZGPK,6056495599,WPPKHZGU,12407.51,11415.96,1,
TXN00001703,CUST008923,Charlotte,Williams,Female,Rome,Italy,Rome,Italy,Rome,Italy,2024-05-12 16:13:05,Purchase,229.56,GBP,Airbnb,Shopping,Payment for travel,FALSE,8329572568,PSJBGJHU,8300264070,QUFUKULX,12539.17,12303.12,1,
TXN00000031,CUST007825,Harper,Lee,Male,São Paulo,Brazil,São Paulo,Brazil,São Paulo,Brazil,2024-08-15 04:04:14,Transfer,152.06,CAD,Uber,Bills & Utilities,Payment for groceries,FALSE,4999789302,XJSMEARR,5575270861,VKJCBXNX,8611,7797.97,1,
TXN00001694,CUST002804,James,Brown,Male,Tokyo,Japan,Tokyo,Japan,Tokyo,Japan,2025-05-20 12:53:12,Purchase,446.12,CAD,Marriott Hotels,Entertainment,Payment for bills & utilities,FALSE,1803650502,ZOIIETVL,2593213443,RAIEPPVD,12696.3,12273.43,1,
TXN00004375,CUST007888,Mia,Miller,Male,São Paulo,Brazil,São Paulo,Brazil,São Paulo,Brazil,2025-03-01 02:39:29,Purchase,491.05,JPY,Whole Foods,Groceries,Payment for shopping,FALSE,8691941179,YQTURLJU,5240558414,EDSRBRJH,11199.27,10539.55,1,
TXN00004534,CUST008678,William,Taylor,Female,Dubai,UAE,Dubai,UAE,Dubai,UAE,2024-02-06 14:24:03,Purchase,257.69,AUD,Starbucks,Health & Fitness,Payment for health & fitness,TRUE,9040683123,EYXJQFEX,7912537605,ZQCMTIMT,6874.19,6431.44,1,
TXN00003480,CUST003798,Richard,Anderson,Female,New York,USA,New York,USA,New York,USA,2024-03-22 04:50:43,Purchase,357.44,GBP,Shell Gas,Food & Dining,Payment for bills & utilities,TRUE,3428415685,SFOSHSJR,6488059634,TMZWRBRM,9000.43,8379.85,1,
TXN00000877,CUST008329,Joseph,Thomas,Female,Toronto,Canada,Toronto,Canada,Toronto,Canada,2024-08-31 00:43:38,Purchase,399.14,GBP,Marriott Hotels,Food & Dining,Payment for entertainment,FALSE,4906885764,NLBVFMMY,7089651016,MHQHZRJK,9779.38,9113.57,1,
TXN00004750,CUST008861,Emma,Moore,Female,New York,USA,New York,USA,New York,USA,2024-01-04 23:59:13,Purchase,198.76,CNY,Netflix,Home & Garden,Payment for gas & fuel,FALSE,9696650812,YDNAIXRZ,8002635694,POKJGSKW,11151.18,10809.73,1,
TXN00004552,CUST006319,Isabella,Anderson,Male,Shanghai,China,Shanghai,China,Shanghai,China,2024-04-08 15:31:56,Purchase,119.3,EUR,Netflix,Travel,Payment for gas & fuel,FALSE,6754936418,ODIVTDSY,8094357679,NRXLWNVA,12874.93,13495.76,1,
TXN00004846,CUST000635,Daniel,Garcia,Female,Tokyo,Japan,Singapore,Singapore,Dubai,UAE,2025-06-15 21:34:37,Transfer,4333.3,USD,Netflix,Bills & Utilities,Payment for travel,TRUE,3511783211,MCFCZFMG,7733103721,CJIUCJEW,9335.23,9701.39,0,Card not present fraud
TXN00002660,CUST001815,Richard,Lee,Male,Paris,France,Paris,France,Paris,France,2024-12-22 00:41:02,Purchase,506.93,CNY,Netflix,Groceries,Payment for food & dining,FALSE,3879313322,BTQOTPKB,1422871148,ELHZXGNG,6666.08,6738,1,
TXN00003054,CUST007508,Robert,Jackson,Female,Toronto,Canada,Toronto,Canada,Toronto,Canada,2025-05-04 13:50:23,Purchase,459.67,JPY,Home Depot,Food & Dining,Payment for bills & utilities,FALSE,1612619098,SBKYVFYF,9826890493,MZOQUPRY,15743.31,14920.74,1,
TXN00001547,CUST000485,James,Hernandez,Female,New York,USA,New York,USA,New York,USA,2024-01-29 12:19:24,Transfer,209.29,AUD,Target,Home & Garden,Payment for health & fitness,FALSE,9908827096,BQCUOYVZ,6894678540,BYHGEIRG,10240.53,9871.87,1,
TXN00000997,CUST009414,Michael,Jackson,Female,Toronto,Canada,Toronto,Canada,Toronto,Canada,2025-09-06 01:14:42,Transfer,93.6,CAD,McDonalds,Entertainment,Payment for home & garden,FALSE,7102537311,ELBSEVNL,5801768300,ASJFATSO,11313.93,10735.98,1,
TXN00002611,CUST007825,Harper,Johnson,Male,Mumbai,India,Mumbai,India,Mumbai,India,2024-12-16 15:32:53,Purchase,192.61,CNY,Amazon,Gas & Fuel,Payment for entertainment,FALSE,6428395613,ZSPQBUPT,7177012524,TAXWSZUV,10638.63,10076.67,1,
TXN00000286,CUST007920,John,Brown,Female,New York,USA,New York,USA,New York,USA,2025-07-13 17:07:45,Purchase,173.82,CNY,Marriott Hotels,Electronics,Payment for food & dining,FALSE,5074040376,ZPEAJTMG,1608329648,KGEUGBGG,14292.88,14806.77,1,
TXN00002084,CUST003971,Michael,Johnson,Male,Madrid,Spain,Madrid,Spain,Madrid,Spain,2024-09-05 15:02:22,Purchase,49.43,INR,Uber,Food & Dining,Payment for bills & utilities,FALSE,5454279098,BGUFJDZD,9204274646,ANULFMJT,11129.81,11014.5,1,
TXN00001128,CUST006810,Mia,Miller,Male,Paris,France,Paris,France,Paris,France,2025-03-11 02:35:11,Purchase,46.47,JPY,Uber,Home & Garden,Payment for gas & fuel,FALSE,8370906654,AMKJEDAV,7562520481,DPMIQLMJ,5312.61,5348.21,1,
TXN00004065,CUST009535,James,Garcia,Female,Berlin,Germany,Berlin,Germany,Berlin,Germany,2025-08-04 20:44:16,Purchase,417.71,CHF,Netflix,Gas & Fuel,Payment for home & garden,FALSE,8251433507,ISXHNHXR,8923859837,BYNEQHDC,13515.59,13718.07,1,
TXN00004293,CUST008191,David,Garcia,Female,Shanghai,China,Shanghai,China,Shanghai,China,2024-12-06 15:08:40,Transfer,68.96,CHF,Amazon,Travel,Payment for entertainment,FALSE,4014535869,KTERXQPA,4545114265,BPGIFTEB,12525.29,13362.8,1,
TXN00001258,CUST003631,Charlotte,Johnson,Female,Berlin,Germany,Berlin,Germany,Berlin,Germany,2024-12-15 07:47:25,Purchase,93.87,AUD,Starbucks,Home & Garden,Payment for electronics,FALSE,8111998004,BBGYISNV,2262901448,PUQXVMJY,5436.82,5510.19,1,
TXN00000684,CUST001439,Olivia,Martin,Female,Toronto,Canada,Toronto,Canada,Toronto,Canada,2025-02-23 18:53:58,Transfer,40.81,CAD,Home Depot,Shopping,Payment for travel,FALSE,7341527569,QGERQIXA,4594866632,YUALTRVG,12509.97,13331.26,1,
TXN00001171,CUST000884,John,Hernandez,Male,Berlin,Germany,Berlin,Germany,Berlin,Germany,2024-09-22 02:09:36,Purchase,127.32,USD,Netflix,Travel,Payment for travel,FALSE,2478259365,FUAGFZIX,8736616698,JXETFNDY,10796.51,11589.99,1,
TXN00004987,CUST008918,Sophia,Garcia,Female,Tokyo,Japan,Tokyo,Japan,São Paulo,Brazil,2024-03-12 03:22:07,Transfer,4279.58,CAD,Amazon,Health & Fitness,Payment for travel,FALSE,1068037431,RJQAOTND,1050183698,JBQAABVW,5934.08,5535.52,0,Unusual location pattern
TXN00002776,CUST009638,Ava,Lopez,Female,Singapore,Singapore,Singapore,Singapore,Singapore,Singapore,2025-04-05 00:56:26,Purchase,341.09,USD,Amazon,Bills & Utilities,Payment for entertainment,TRUE,7154276877,ITLOPDIL,8962364695,VBCPQTYA,11632.55,11301.26,1,
TXN00002068,CUST008888,Olivia,Brown,Female,Dubai,UAE,Dubai,UAE,Dubai,UAE,2025-08-29 04:29:05,Purchase,18.55,INR,Uber,Home & Garden,Payment for health & fitness,FALSE,6152463821,CCIQQENQ,7464675892,SJUUZISD,11163.86,11814.73,1,
TXN00002371,CUST002718,Evelyn,Brown,Male,Tokyo,Japan,Tokyo,Japan,Tokyo,Japan,2024-12-27 19:43:49,Purchase,325.85,AUD,Delta Airlines,Gas & Fuel,Payment for travel,FALSE,7708659785,QDFBEBLE,8496562377,AKHJKSDV,8529.95,8070.43,1,
TXN00003751,CUST005213,Michael,Williams,Female,São Paulo,Brazil,São Paulo,Brazil,São Paulo,Brazil,2024-12-22 18:01:08,Purchase,323.66,AUD,Delta Airlines,Groceries,Payment for food & dining,FALSE,7670623917,JHYQZXSC,6216042721,ZSUZPGVK,8177.76,8734.89,1,
TXN00001726,CUST004049,Joseph,Lopez,Female,New York,USA,New York,USA,New York,USA,2024-03-06 14:45:57,Transfer,495.4,AUD,Amazon,Bills & Utilities,Payment for electronics,FALSE,6798620207,OBXESHVQ,8271832064,KESPJEQW,12902.05,13521.56,1,
TXN00004507,CUST009794,David,Johnson,Male,Paris,France,Paris,France,Paris,France,2024-04-29 06:07:57,Transfer,499.33,JPY,Delta Airlines,Bills & Utilities,Payment for shopping,FALSE,8734489699,LMYMCEOT,4004623842,MDIXAWEW,6009.81,6061.43,1,
TXN00000161,CUST004686,Emma,Thomas,Female,Mumbai,India,Mumbai,India,Mumbai,India,2025-05-22 14:41:20,Transfer,21.3,CNY,Best Buy,Health & Fitness,Payment for electronics,FALSE,5949796445,BYHJHEQR,2757555275,CXPWJTJK,10502.84,9814.31,1,
TXN00001665,CUST007457,Robert,Brown,Male,Rome,Italy,Rome,Italy,Rome,Italy,2025-01-12 06:03:30,Purchase,224.78,USD,Apple Store,Electronics,Payment for gas & fuel,FALSE,2970225500,AUITXLNP,4854980720,TLZLSRTK,13147.38,12483.13,1,
TXN00002508,CUST001220,Harper,Johnson,Female,Mexico City,Mexico,Mexico City,Mexico,Mexico City,Mexico,2024-12-17 19:11:18,Purchase,439.4,CAD,Apple Store,Health & Fitness,Payment for entertainment,FALSE,3797907293,XJJUHCXQ,4252677471,ONZCMIFG,6273,6613.22,1,
TXN00001024,CUST005272,Richard,Jackson,Female,New York,USA,New York,USA,New York,USA,2024-04-14 01:15:59,Purchase,93.83,CNY,Walmart,Shopping,Payment for travel,FALSE,6914308656,DMDWWFAG,7722025616,PWEDDPHF,12721.63,12474.5,1,
TXN00000360,CUST005379,Richard,Jones,Female,New York,USA,New York,USA,New York,USA,2025-04-26 15:07:43,Transfer,97.43,USD,Target,Travel,Payment for bills & utilities,FALSE,6001074925,UXYZCAUV,6975902344,TCBPSISF,11295.65,11871.74,1,
TXN00002115,CUST003277,William,Lee,Female,São Paulo,Brazil,São Paulo,Brazil,São Paulo,Brazil,2025-05-11 06:21:11,Purchase,239.02,CNY,Home Depot,Food & Dining,Payment for health & fitness,FALSE,5457112153,DCAXMTBL,9375749737,KJQEOJYW,5771.73,5907.54,1,
TXN00001552,CUST004764,Evelyn,Johnson,Female,Paris,France,Paris,France,Paris,France,2025-03-20 01:21:12,Transfer,476.29,CNY,Home Depot,Shopping,Payment for travel,FALSE,3100308999,DGMJFRTU,7086876192,KXVLKMIU,10886.17,11331.97,1,
TXN00000632,CUST009660,Ava,Thomas,Male,Mumbai,India,Mumbai,India,Mumbai,India,2025-08-07 00:57:16,Transfer,302.63,CAD,Marriott Hotels,Home & Garden,Payment for shopping,FALSE,3311591842,LWFOPNTN,6798380026,YDNVWUMF,7719.45,7827.8,1,
TXN00001507,CUST000738,Emma,Brown,Female,Dubai,UAE,Dubai,UAE,Dubai,UAE,2024-04-15 14:22:18,Purchase,325.95,INR,Netflix,Home & Garden,Payment for gas & fuel,FALSE,5674999082,CRWKROLH,3498407411,OUGSQDYR,14212.9,14129.4,1,
TXN00002101,CUST006887,Mia,Anderson,Female,Rome,Italy,Rome,Italy,Rome,Italy,2025-02-22 06:28:02,Purchase,425.87,CNY,Shell Gas,Electronics,Payment for bills & utilities,FALSE,1611160146,QTQJMHEN,9028740235,DXLTKTFL,6191.58,5799.3,1,
TXN00003623,CUST006703,Daniel,Anderson,Female,Singapore,Singapore,Singapore,Singapore,Singapore,Singapore,2025-06-11 05:57:03,Purchase,292.56,CHF,Starbucks,Health & Fitness,Payment for home & garden,FALSE,7188123590,UUBXOFSS,1062856010,CILERMDR,5746.24,5602.23,1,
TXN00002419,CUST007656,Amelia,Brown,Female,São Paulo,Brazil,São Paulo,Brazil,São Paulo,Brazil,2024-03-08 04:17:41,Purchase,360.11,CAD,Shell Gas,Shopping,Payment for groceries,FALSE,8758379587,PXJTRTML,9902319243,UMTZBYJO,13540.14,13960.6,1,
TXN00004462,CUST007704,Olivia,Thomas,Female,Toronto,Canada,Toronto,Canada,Toronto,Canada,2025-09-23 20:33:05,Purchase,210.81,CAD,McDonalds,Shopping,Payment for travel,FALSE,5815458150,MVUHRRUL,7039446458,AAUWMDDV,4672.46,5495.91,1,
TXN00001939,CUST001693,John,Martin,Female,Dubai,UAE,Dubai,UAE,Dubai,UAE,2024-09-13 00:25:38,Transfer,118.48,CAD,Target,Home & Garden,Payment for entertainment,TRUE,7181059292,ETLLIILM,5148662238,WVSEFIQN,8895.31,8710.11,1,
TXN00000592,CUST000901,James,Lee,Female,Shanghai,China,Shanghai,China,Shanghai,China,2024-07-13 06:34:42,Purchase,118.56,CNY,Starbucks,Gas & Fuel,Payment for food & dining,FALSE,9450254587,CKUCCJQC,8387746038,MFHVKJRH,14647.73,14914.25,1,
TXN00000279,CUST005176,Sophia,Moore,Male,Toronto,Canada,Toronto,Canada,Toronto,Canada,2025-09-19 01:59:19,Transfer,122.13,GBP,Uber,Entertainment,Payment for travel,FALSE,4831934325,HXDTCIIG,9825153157,GOVEBCKT,6562.79,6855.12,1,
TXN00001687,CUST004548,Emma,Thomas,Male,Rome,Italy,Rome,Italy,Rome,Italy,2025-02-18 18:37:47,Purchase,508.96,INR,Delta Airlines,Entertainment,Payment for home & garden,TRUE,3880138175,JPICXWLD,3580880535,ZPHBEACS,6760.18,5920.87,1,
TXN00003452,CUST002780,Evelyn,Martin,Male,Toronto,Canada,Toronto,Canada,Toronto,Canada,2024-03-19 01:21:59,Purchase,182.15,GBP,Starbucks,Health & Fitness,Payment for electronics,FALSE,3822462021,UMJYRVPY,4956278719,PYKNEHXT,10540.82,10975.48,1,
TXN00001244,CUST009011,Evelyn,Davis,Male,Mexico City,Mexico,Mexico City,Mexico,Mexico City,Mexico,2025-08-14 01:47:15,Purchase,249.77,USD,Home Depot,Groceries,Payment for travel,TRUE,7109757761,UXGAGBMM,6103672554,EIYLBVCL,9627.41,9903.23,1,
TXN00001917,CUST006515,David,Taylor,Female,Mumbai,India,Mumbai,India,Mumbai,India,2024-04-18 21:34:58,Transfer,502.44,CHF,Home Depot,Gas & Fuel,Payment for electronics,FALSE,5716658472,CTSEQGEI,1299568907,MGFJKCMD,8641.63,7854.65,1,
TXN00004428,CUST000766,Sophia,Martin,Male,Shanghai,China,Shanghai,China,Shanghai,China,2024-08-24 14:19:31,Purchase,59.05,GBP,Best Buy,Bills & Utilities,Payment for bills & utilities,FALSE,4794464246,YDWLSVJG,7531666951,SSPYDKTU,11369.58,11353.77,1,
TXN00000140,CUST004247,Amelia,Lee,Female,Paris,France,Paris,France,Paris,France,2024-11-05 01:05:36,Transfer,427.78,CAD,Apple Store,Travel,Payment for groceries,FALSE,8905276798,ZKRQBBBF,4832091674,VSZWSRJR,7790.18,7946.38,1,
TXN00004996,CUST001038,Amelia,Hernandez,Male,London,UK,New York,USA,Toronto,Canada,2024-10-03 09:20:49,Transfer,2208.31,AUD,Uber,Shopping,Payment for home & garden,FALSE,2136899774,GCZEMDSD,9561173864,UOVFFMYZ,5162.62,5786.91,0,High amount compared to usual
TXN00001803,CUST004827,Robert,Thomas,Female,New York,USA,New York,USA,New York,USA,2025-03-06 06:59:48,Purchase,301.55,CAD,Delta Airlines,Bills & Utilities,Payment for gas & fuel,FALSE,6156496165,NEWKBMGO,7233779928,ENGEGDNT,7319.21,6921.59,1,
TXN00003066,CUST007683,David,Davis,Female,Toronto,Canada,Toronto,Canada,Toronto,Canada,2025-03-21 19:51:26,Purchase,51.37,USD,Starbucks,Shopping,Payment for travel,FALSE,3382022088,SNZGQWUA,2855445972,SSNDEOKP,12435.49,11575.58,1,
TXN00002046,CUST006435,Daniel,Wilson,Female,Tokyo,Japan,Tokyo,Japan,Tokyo,Japan,2025-04-28 08:34:19,Purchase,133.15,INR,Best Buy,Health & Fitness,Payment for groceries,FALSE,3278047207,OWXVBTZU,5112126026,TVZXUMCB,9610.64,9463.51,1,
TXN00003173,CUST002723,Michael,Williams,Male,Paris,France,Paris,France,Paris,France,2024-07-23 00:32:09,Purchase,313.93,CAD,McDonalds,Groceries,Payment for groceries,FALSE,9025385689,UJPBIQJD,6023837511,VBYZGEHE,10185.72,11037.34,1,
TXN00000831,CUST005307,Michael,Brown,Female,Tokyo,Japan,Tokyo,Japan,Tokyo,Japan,2024-04-18 14:17:39,Purchase,460.7,GBP,Home Depot,Electronics,Payment for electronics,FALSE,8818794597,JWOHKFEA,1148268403,XPTIQZOP,8684.89,8460.14,1,
TXN00000984,CUST007845,Amelia,Davis,Female,Mumbai,India,Mumbai,India,Mumbai,India,2024-01-14 22:11:49,Transfer,140.61,GBP,Amazon,Travel,Payment for health & fitness,TRUE,4103392406,LXBIIONU,8729681749,NRMLPKQC,6590.19,7068.99,1,
TXN00000611,CUST006525,Thomas,Miller,Female,Singapore,Singapore,Singapore,Singapore,Singapore,Singapore,2024-06-30 03:03:15,Purchase,180.15,CAD,Whole Foods,Groceries,Payment for bills & utilities,FALSE,3018834805,VASOYJGQ,4872583653,XSKUVWAS,11216.97,12133.83,1,
TXN00001463,CUST006111,Thomas,Hernandez,Female,Sydney,Australia,Sydney,Australia,Sydney,Australia,2024-02-05 01:50:44,Purchase,59.36,CAD,Target,Groceries,Payment for home & garden,TRUE,8457173819,TAUAOONX,8631209432,UOZRCJWE,8870.43,8120.68,1,
TXN00000477,CUST006870,Daniel,Lopez,Male,Mumbai,India,Mumbai,India,Mumbai,India,2024-12-24 06:35:00,Purchase,266.15,USD,Shell Gas,Electronics,Payment for home & garden,FALSE,1831807071,HBUQIWOV,3700893355,UCAEIWQW,8829.31,8992.08,1,
TXN00003395,CUST006958,William,Martinez,Male,Mexico City,Mexico,Mexico City,Mexico,Mexico City,Mexico,2025-07-26 21:22:38,Transfer,189.86,CHF,Airbnb,Electronics,Payment for bills & utilities,TRUE,5094485799,EIPLJFXI,6189549948,FSAGYPTP,12865.8,12946.51,1,
TXN00002848,CUST006697,Evelyn,Jackson,Female,Singapore,Singapore,Singapore,Singapore,Singapore,Singapore,2025-04-12 21:32:43,Purchase,332.93,EUR,Airbnb,Groceries,Payment for travel,TRUE,8010899035,BLCJIXOU,8580530516,GVSLEPVV,9285.58,9537.65,1,
TXN00000804,CUST002497,Sophia,Taylor,Male,New York,USA,New York,USA,New York,USA,2024-12-09 20:35:43,Purchase,39.37,CAD,McDonalds,Travel,Payment for electronics,FALSE,7298066270,CPLTMAQU,3536236832,HGPVHQFC,13293.63,12841.21,1,
TXN00004638,CUST000735,Thomas,Hernandez,Male,Mumbai,India,Mumbai,India,Mumbai,India,2025-02-17 22:35:18,Purchase,236.13,USD,Home Depot,Shopping,Payment for gas & fuel,FALSE,9602430403,LQZPSFFR,6809858083,OVMIMPFW,11656.42,10796.89,1,
TXN00004454,CUST009637,Joseph,Davis,Female,New York,USA,New York,USA,New York,USA,2025-08-14 10:09:05,Purchase,398.86,JPY,Uber,Bills & Utilities,Payment for electronics,FALSE,1781208665,YHVIGTSP,7401151443,ZUIHZCWV,8869.78,8419.44,1,
TXN00001960,CUST005197,Sophia,Jones,Female,Tokyo,Japan,Tokyo,Japan,Tokyo,Japan,2025-03-07 04:21:27,Transfer,424.98,CAD,Target,Home & Garden,Payment for electronics,FALSE,1400507259,MDDGKCFE,8357160687,VQAKTCWD,6995.31,6816.82,1,
TXN00003409,CUST007144,John,Hernandez,Female,Sydney,Australia,Sydney,Australia,Sydney,Australia,2025-09-28 16:23:43,Purchase,199.17,GBP,Netflix,Electronics,Payment for electronics,FALSE,5971637069,JMENNZUJ,8456142250,KQYRKHOQ,10038.73,9843.57,1,
TXN00003630,CUST004742,Robert,Hernandez,Female,London,UK,London,UK,London,UK,2025-02-10 00:19:07,Purchase,111.71,USD,Marriott Hotels,Gas & Fuel,Payment for entertainment,FALSE,7655186676,CBDJSZQW,6519506454,ZSISXPQE,8394.78,8998.35,1,
TXN00001276,CUST009106,Harper,Moore,Female,Paris,France,Paris,France,Paris,France,2025-06-26 21:48:17,Purchase,219.58,CNY,Netflix,Electronics,Payment for entertainment,FALSE,1160371261,PCBUQEIP,9576328141,BYJHPPZH,5869.28,5202.14,1,
TXN00002123,CUST009543,Ava,Williams,Female,London,UK,London,UK,London,UK,2024-10-09 00:18:36,Transfer,147.21,CNY,Shell Gas,Groceries,Payment for travel,FALSE,4200428144,SOFCNUGA,3841121783,BZRCQGXS,11387.01,10541.96,1,
TXN00001786,CUST007882,Ava,Smith,Male,New York,USA,New York,USA,New York,USA,2024-03-23 15:59:07,Transfer,150.89,CAD,Target,Gas & Fuel,Payment for entertainment,FALSE,8698097627,KOFFPCLV,4530100209,CZWTPBHU,9435.44,8514.57,1,
TXN00002706,CUST001930,James,Lee,Male,New York,USA,New York,USA,New York,USA,2025-01-08 05:07:15,Purchase,508.15,CAD,Starbucks,Bills & Utilities,Payment for health & fitness,FALSE,7145897403,USDHYPJA,4465631014,IAHRTZLS,12696.91,12810.71,1,
TXN00001294,CUST001109,James,Lee,Female,Mumbai,India,Mumbai,India,Mumbai,India,2025-10-12 11:01:54,Purchase,232.1,CHF,Home Depot,Groceries,Payment for travel,TRUE,4387657882,IXUSIHHB,3662264117,JXRKWUUH,5798.79,6049.63,1,
TXN00004854,CUST003537,Evelyn,Martinez,Male,Toronto,Canada,Toronto,Canada,Toronto,Canada,2024-08-19 03:45:37,Purchase,4727.84,GBP,Home Depot,Gas & Fuel,Payment for electronics,FALSE,9086911345,BOCHNQAR,1527371287,IIEOHBAJ,11272.61,11205.97,0,Multiple transactions in short time
TXN00000344,CUST009277,Harper,Lee,Female,Madrid,Spain,Madrid,Spain,Madrid,Spain,2024-09-15 18:55:15,Purchase,48.31,CHF,Apple Store,Electronics,Payment for electronics,FALSE,1632234694,JZJXGCNT,9340344679,SUGSGTZY,6826.18,6615.08,1,
TXN00000973,CUST004230,Sophia,Williams,Female,Madrid,Spain,Madrid,Spain,Madrid,Spain,2025-08-04 02:22:41,Purchase,239.55,EUR,Starbucks,Travel,Payment for shopping,FALSE,5024772654,KUVBIXCG,5326657612,LMMTZYRH,7498.82,7236.13,1,
TXN00002550,CUST007532,John,Wilson,Male,Mumbai,India,Mumbai,India,Mumbai,India,2024-07-27 05:36:20,Purchase,11.26,JPY,Delta Airlines,Home & Garden,Payment for entertainment,FALSE,1562123173,XJRAKPER,1135647387,OUWOIJCS,7957.46,8765.68,1,
TXN00004634,CUST002436,Amelia,Rodriguez,Female,Tokyo,Japan,Tokyo,Japan,Tokyo,Japan,2024-10-18 11:03:09,Purchase,111.15,JPY,Target,Travel,Payment for electronics,FALSE,7966662039,YWDNCJTT,1590825283,YFURECQK,11519.16,10815.35,1,
TXN00003335,CUST002772,Ava,Moore,Male,Shanghai,China,Shanghai,China,Shanghai,China,2025-09-28 00:20:05,Purchase,323.49,GBP,Shell Gas,Electronics,Payment for bills & utilities,FALSE,1457843501,HFWLHHDN,4450515752,PEBZYNCR,7400.89,8165.27,1,
TXN00002162,CUST006655,Richard,Anderson,Male,Tokyo,Japan,Tokyo,Japan,Tokyo,Japan,2024-11-25 14:12:08,Transfer,459.16,JPY,Delta Airlines,Health & Fitness,Payment for shopping,FALSE,1109732160,VQMBVPKP,8915454251,CDVLNOEP,14998.39,14067.27,1,
TXN00001485,CUST007346,Richard,Martinez,Male,Madrid,Spain,Madrid,Spain,Madrid,Spain,2025-04-19 13:29:05,Purchase,323.68,GBP,Amazon,Bills & Utilities,Payment for bills & utilities,FALSE,8032189333,ERUQYRHI,4773056411,QAXPVHBA,12945.22,12795.49,1,
TXN00002585,CUST003322,Harper,Williams,Female,Tokyo,Japan,Tokyo,Japan,Tokyo,Japan,2024-05-14 09:34:00,Purchase,76.31,CAD,Starbucks,Entertainment,Payment for bills & utilities,TRUE,5572183291,XLEDHSZK,8323123975,BEVAFTKJ,11460.95,11142.77,1,
TXN00000524,CUST003200,James,Taylor,Male,Tokyo,Japan,Tokyo,Japan,Tokyo,Japan,2024-10-04 18:51:04,Purchase,442.72,EUR,Marriott Hotels,Travel,Payment for shopping,FALSE,8551696556,CVFLCPJQ,3574498706,QEGHLDGK,13920.86,13560.44,1,
TXN00004366,CUST009688,Daniel,Lopez,Male,New York,USA,New York,USA,New York,USA,2025-08-26 16:01:18,Purchase,374.9,EUR,Walmart,Bills & Utilities,Payment for gas & fuel,FALSE,9153481119,OPXYJXSF,6939068594,HAZRNLCA,12959.8,12336.87,1,
TXN00003137,CUST002287,Daniel,Hernandez,Female,Tokyo,Japan,Tokyo,Japan,Tokyo,Japan,2024-02-25 17:04:22,Transfer,200.26,JPY,Target,Shopping,Payment for bills & utilities,FALSE,1960890633,RHIYTDEA,8664861794,VPWCJFQL,7706.88,8269.72,1,
TXN00004740,CUST003637,Michael,Martin,Male,New York,USA,New York,USA,New York,USA,2025-01-11 18:06:28,Purchase,239.42,AUD,Best Buy,Travel,Payment for electronics,FALSE,9605920346,CDXCIYXJ,2508536125,RHMXXFAT,8421.79,9167.98,1,
TXN00000733,CUST001694,Evelyn,Taylor,Female,São Paulo,Brazil,São Paulo,Brazil,São Paulo,Brazil,2024-09-29 06:52:30,Transfer,98.8,CHF,Target,Shopping,Payment for bills & utilities,FALSE,6169379049,ZPQSXFVK,4932797394,OHOQBCAL,14536.27,14397.52,1,
TXN00002170,CUST007944,Ava,Martinez,Female,Singapore,Singapore,Singapore,Singapore,Singapore,Singapore,2025-09-27 13:20:52,Purchase,498.88,GBP,Apple Store,Gas & Fuel,Payment for shopping,FALSE,2793618244,XWJTPHXV,3488095918,MRWMBWYR,14978.24,14294.18,1,
TXN00003122,CUST004018,Thomas,Williams,Male,Mexico City,Mexico,Mexico City,Mexico,Mexico City,Mexico,2024-04-29 12:47:27,Purchase,424.49,GBP,Shell Gas,Travel,Payment for shopping,FALSE,7241157461,NAUUMSRZ,4412925570,FLETZDJC,7103.55,7025.24,1,
TXN00004791,CUST003809,Charlotte,Garcia,Female,Rome,Italy,Berlin,Germany,Rome,Italy,2025-08-19 02:41:28,Transfer,504.84,CAD,Shell Gas,Gas & Fuel,Payment for groceries,FALSE,8113991560,HQUTGXXU,1623213627,CVNZMWGO,7166.21,6502.2,0,Velocity check failed
TXN00003514,CUST000339,John,Jones,Male,Shanghai,China,Shanghai,China,Shanghai,China,2024-12-27 19:18:52,Purchase,230.67,EUR,Apple Store,Home & Garden,Payment for health & fitness,FALSE,4648564814,BVPHDMDU,1622893441,ULKYHGIW,13300.66,13136.62,1,
TXN00004640,CUST003437,Harper,Smith,Male,Singapore,Singapore,Singapore,Singapore,Singapore,Singapore,2025-10-06 19:31:36,Purchase,329.97,EUR,Netflix,Gas & Fuel,Payment for shopping,FALSE,1371136383,NYFNYIBA,2836062436,SPXYOMWB,11535.63,12315,1,
TXN00001170,CUST007005,Joseph,Miller,Female,London,UK,London,UK,London,UK,2024-07-29 18:10:36,Purchase,286.84,USD,Amazon,Entertainment,Payment for electronics,FALSE,3997811125,ZKJBYTUH,3097525795,ROSDHUGX,10568.86,11325.54,1,
TXN00004069,CUST000677,Joseph,Lopez,Female,Berlin,Germany,Berlin,Germany,Berlin,Germany,2024-02-07 09:06:04,Purchase,265.98,CNY,Uber,Shopping,Payment for home & garden,FALSE,8927860228,OERAHRQT,3760975110,IXLBGNVW,6394.94,5453.44,1,
TXN00001588,CUST007936,Isabella,Anderson,Male,Rome,Italy,Rome,Italy,Rome,Italy,2025-09-15 15:18:39,Purchase,215.38,INR,Starbucks,Entertainment,Payment for health & fitness,FALSE,3875129045,HSCDMDQV,6573547513,ISEUBPNJ,4492.37,5023.28,1,
TXN00004016,CUST004906,Mia,Davis,Male,Shanghai,China,Shanghai,China,Shanghai,China,2024-09-30 01:20:00,Purchase,334.27,INR,Uber,Gas & Fuel,Payment for food & dining,FALSE,6105833622,TLESTRCO,8958116727,RLCDTNZC,4988.09,5290.54,1,
TXN00002156,CUST000077,Thomas,Rodriguez,Male,Shanghai,China,Shanghai,China,Shanghai,China,2024-12-09 19:35:50,Transfer,163.72,USD,Marriott Hotels,Health & Fitness,Payment for electronics,FALSE,9012401956,NFZSYUIT,6484088585,JLFRICFZ,11407.82,10720.55,1,
TXN00002468,CUST001543,David,Jones,Female,New York,USA,New York,USA,New York,USA,2025-01-06 01:37:50,Transfer,459.74,EUR,Whole Foods,Gas & Fuel,Payment for bills & utilities,FALSE,1539321030,ITUJBZPX,5897157898,FGSQJAIU,12942.62,13601.76,1,
TXN00003621,CUST005237,Harper,Rodriguez,Male,Sydney,Australia,Sydney,Australia,Sydney,Australia,2025-04-11 04:39:28,Transfer,28.52,JPY,Amazon,Bills & Utilities,Payment for shopping,TRUE,6268370743,SAEBGHSO,4481245793,QTRNIHTT,9553.03,9202.26,1,
TXN00002252,CUST008783,Sophia,Jackson,Female,São Paulo,Brazil,São Paulo,Brazil,São Paulo,Brazil,2024-07-20 09:45:08,Purchase,387.14,JPY,Best Buy,Entertainment,Payment for health & fitness,FALSE,8485660421,GKDEUPDN,2886749142,ZOBERYPS,7548.28,7549.07,1,
TXN00003276,CUST000816,Evelyn,Anderson,Male,Berlin,Germany,Berlin,Germany,Berlin,Germany,2024-11-05 10:12:37,Purchase,477.12,CAD,Shell Gas,Travel,Payment for gas & fuel,FALSE,3956702700,NFKBYHNO,7945481318,IBEJYIGD,7137.36,7238.47,1,
TXN00000307,CUST007922,Joseph,Thomas,Male,Dubai,UAE,Dubai,UAE,Dubai,UAE,2024-07-20 11:20:37,Purchase,395.41,EUR,Whole Foods,Home & Garden,Payment for groceries,FALSE,4236704334,AKVQQLEY,9230354298,SHJOGZRP,10136.24,10389.72,1,
TXN00004241,CUST003134,Amelia,Lee,Male,Rome,Italy,Rome,Italy,Rome,Italy,2024-01-21 21:19:01,Purchase,168.03,CAD,Amazon,Electronics,Payment for bills & utilities,FALSE,8484017930,AMKKIMKE,3388077986,IBEMZRFG,6540.13,5914.14,1,
TXN00002798,CUST002516,Olivia,Martin,Male,Mumbai,India,Mumbai,India,Mumbai,India,2025-02-27 02:47:32,Purchase,452.68,CNY,Marriott Hotels,Travel,Payment for health & fitness,FALSE,4212775163,WQCOXEVA,6829451322,VYFLCZXP,8801.73,8083.42,1,
TXN00000020,CUST004190,James,Lee,Male,São Paulo,Brazil,São Paulo,Brazil,São Paulo,Brazil,2025-02-11 20:49:18,Purchase,155.07,EUR,Walmart,Groceries,Payment for travel,FALSE,7569735703,FRQZVUBY,6993526195,YQCQWKSH,6543.55,6898.43,1,
TXN00000876,CUST003967,Harper,Thomas,Male,Dubai,UAE,Dubai,UAE,Dubai,UAE,2024-12-15 21:51:12,Purchase,24.6,GBP,Starbucks,Shopping,Payment for entertainment,FALSE,9842609961,LLGINZWQ,1190644176,WRSUUXUI,6862.15,5924.2,1,
TXN00004484,CUST004687,Evelyn,Anderson,Male,New York,USA,New York,USA,New York,USA,2025-02-15 04:14:05,Transfer,12.56,AUD,Marriott Hotels,Electronics,Payment for travel,FALSE,3945954556,LPGQJKOQ,3922508392,LWFVFYQS,11668.15,12547.26,1,
TXN00002692,CUST001205,Sophia,Williams,Female,Tokyo,Japan,Tokyo,Japan,Tokyo,Japan,2025-07-04 13:47:10,Transfer,480.64,GBP,Starbucks,Gas & Fuel,Payment for travel,FALSE,8401311263,RSETMBER,1280926532,CCUZJYDR,6349.74,6915.21,1,
TXN00001432,CUST002414,Evelyn,Williams,Male,Mexico City,Mexico,Mexico City,Mexico,Mexico City,Mexico,2024-01-20 08:25:29,Transfer,506.31,AUD,Whole Foods,Travel,Payment for bills & utilities,FALSE,8586909705,EREUEBFE,4803081029,EGYVTTXS,10985.91,10978.81,1,
TXN00003944,CUST009345,Robert,Jackson,Male,Paris,France,Paris,France,Paris,France,2024-10-19 19:16:39,Purchase,311.36,INR,Walmart,Health & Fitness,Payment for gas & fuel,FALSE,1376173226,LMVIXXHM,7354595733,TMTDQQDZ,11621.54,11717.24,1,
TXN00004519,CUST009267,Mia,Wilson,Female,London,UK,London,UK,London,UK,2024-01-03 15:23:56,Purchase,265.62,GBP,Netflix,Gas & Fuel,Payment for home & garden,FALSE,4136974023,BBGVSUPK,6515183259,BDXKCRNC,7233.06,7035.87,1,
TXN00003835,CUST003854,Thomas,Brown,Female,Paris,France,Paris,France,Paris,France,2025-05-13 06:51:03,Transfer,205.63,AUD,Best Buy,Travel,Payment for shopping,FALSE,8829441016,CWHOPWQH,9349946273,RHTQTUFK,12337.2,11338.1,1,
TXN00003387,CUST004986,Emma,Thomas,Female,Shanghai,China,Shanghai,China,Shanghai,China,2024-12-23 03:40:28,Purchase,177.02,GBP,Apple Store,Bills & Utilities,Payment for travel,FALSE,9746528767,CIMKEDUW,5843813713,RIMNUSHS,7650.35,7952.83,1,
TXN00004920,CUST003222,Charlotte,Anderson,Male,London,UK,Madrid,Spain,Mumbai,India,2024-10-29 23:46:53,Purchase,1038.23,CAD,McDonalds,Entertainment,Payment for groceries,FALSE,8567583319,ULGSXEPX,5100476433,YOJJBCXU,10188.21,10664.53,0,Account takeover suspected
TXN00001954,CUST002969,Harper,Wilson,Female,Toronto,Canada,Toronto,Canada,Toronto,Canada,2024-05-01 13:30:54,Purchase,22.36,CHF,Marriott Hotels,Health & Fitness,Payment for groceries,FALSE,3237847503,ETSWUGLT,9045919277,BQMMMGNE,6830.16,7143.78,1,
TXN00002077,CUST003589,Evelyn,Williams,Male,London,UK,London,UK,London,UK,2024-10-30 23:08:55,Purchase,432.54,AUD,Shell Gas,Travel,Payment for entertainment,FALSE,6809022517,CEXEOIDB,4822616012,LOFGRDEO,10107.12,9723.67,1,
TXN00002145,CUST000680,Olivia,Jones,Male,Berlin,Germany,Berlin,Germany,Berlin,Germany,2025-08-06 15:27:59,Purchase,213.79,INR,Airbnb,Groceries,Payment for health & fitness,FALSE,3649429315,DDUZDYPV,7828882194,KIVPYDBP,10250.25,10835.72,1,
TXN00002119,CUST007059,Amelia,Smith,Male,Berlin,Germany,Berlin,Germany,Berlin,Germany,2024-04-21 10:30:34,Transfer,281.7,JPY,Uber,Electronics,Payment for shopping,FALSE,2323058120,OPZZWFYP,3184772210,PFAXVVJX,8999.84,8630.73,1,
TXN00003096,CUST002707,Emma,Johnson,Female,Dubai,UAE,Dubai,UAE,Dubai,UAE,2024-03-07 13:48:23,Purchase,443.09,USD,Airbnb,Electronics,Payment for health & fitness,FALSE,6938907525,JVRYTDWE,2251420920,LHHVBFKU,15066.43,14558.84,1,
TXN00002943,CUST008962,David,Wilson,Male,London,UK,London,UK,London,UK,2024-12-04 00:59:01,Purchase,104.39,EUR,Whole Foods,Gas & Fuel,Payment for home & garden,FALSE,8068660273,OBWECILD,2943068765,JMXAOOMC,8756.92,8616.12,1,
TXN00000291,CUST000112,David,Moore,Male,Dubai,UAE,Dubai,UAE,Dubai,UAE,2024-06-03 01:57:19,Purchase,486.47,EUR,Target,Home & Garden,Payment for groceries,FALSE,7973591569,BLFMWQTM,5095700037,OIQQQYKK,15373.92,14423.31,1,
TXN00004313,CUST000023,Isabella,Lopez,Male,London,UK,London,UK,London,UK,2024-02-06 15:42:33,Purchase,389.59,USD,Starbucks,Bills & Utilities,Payment for gas & fuel,TRUE,5250943949,LCUFIKJP,3789258679,EVDORCIO,5053.67,5869.28,1,
TXN00004629,CUST004814,Daniel,Martin,Male,Rome,Italy,Rome,Italy,Rome,Italy,2024-01-30 13:31:16,Purchase,86.61,GBP,Target,Electronics,Payment for electronics,FALSE,4913490361,HRMFGBQU,9008944747,ZIVMJWXF,12596.55,12979.35,1,
TXN00002198,CUST006854,Sophia,Johnson,Male,Dubai,UAE,Dubai,UAE,Dubai,UAE,2025-06-07 05:53:44,Transfer,480.76,JPY,Delta Airlines,Entertainment,Payment for health & fitness,FALSE,6181980226,ULIUWMAQ,9815659700,KKFHKTUF,7943.34,6955.39,1,
TXN00000384,CUST009094,Thomas,Rodriguez,Female,Singapore,Singapore,Singapore,Singapore,Singapore,Singapore,2025-06-08 01:07:00,Purchase,428.81,JPY,Marriott Hotels,Electronics,Payment for food & dining,FALSE,8849150521,SPJMCBAL,7271728631,LSGNHIFE,13080.9,14072.81,1,
TXN00002580,CUST008376,Joseph,Moore,Male,London,UK,London,UK,London,UK,2025-02-20 00:47:24,Purchase,202.44,INR,Marriott Hotels,Shopping,Payment for bills & utilities,FALSE,4875980919,VGZZEXND,4621858454,LPZANQVD,15376.69,14387.66,1,
TXN00000626,CUST005680,Ava,Jones,Female,Singapore,Singapore,Singapore,Singapore,Singapore,Singapore,2025-02-07 15:16:45,Transfer,367.31,CHF,Netflix,Travel,Payment for travel,FALSE,8471379140,KAQTZKMF,6526950090,QERYIANS,10556.72,9748.45,1,
TXN00003706,CUST005587,Richard,Smith,Male,Tokyo,Japan,Tokyo,Japan,Tokyo,Japan,2024-05-19 19:40:07,Purchase,315.39,INR,Delta Airlines,Health & Fitness,Payment for home & garden,FALSE,1062334802,ITHLYMNA,4575668796,GOPBYITL,4360.55,5011.05,1,
TXN00002372,CUST001926,Mia,Miller,Male,Singapore,Singapore,Singapore,Singapore,Singapore,Singapore,2025-02-23 20:36:25,Purchase,498.25,AUD,Walmart,Home & Garden,Payment for travel,FALSE,7214476167,FEMEYEYK,9416807732,NQPAXJKQ,12337.24,11979.59,1,
TXN00002715,CUST005716,Evelyn,Anderson,Male,Mexico City,Mexico,Mexico City,Mexico,Mexico City,Mexico,2025-01-04 02:32:04,Purchase,469.8,CNY,Marriott Hotels,Home & Garden,Payment for electronics,FALSE,7550478795,KNNXYOWL,4290485658,OMPQULKU,13779.69,13059.7,1,
TXN00003451,CUST006225,Robert,Brown,Male,Paris,France,Paris,France,Paris,France,2025-07-17 12:48:10,Purchase,376.43,CNY,Netflix,Electronics,Payment for shopping,FALSE,8126689378,EILLFMWL,3194506794,DHNFXXLD,7292.67,8050.29,1,
TXN00004491,CUST009516,Sophia,Taylor,Female,Singapore,Singapore,Singapore,Singapore,Singapore,Singapore,2025-08-23 03:46:49,Purchase,462.46,AUD,McDonalds,Food & Dining,Payment for bills & utilities,FALSE,4384937084,CTZTUQEV,9692393600,QTDJUOWB,11960.34,12302.84,1,
TXN00004568,CUST000204,Michael,Williams,Female,Sydney,Australia,Sydney,Australia,Sydney,Australia,2025-06-19 07:15:09,Transfer,466.41,EUR,Marriott Hotels,Groceries,Payment for electronics,FALSE,6379823520,ZTPJQIXU,6247745911,HIEQFYNS,12003.98,12193.7,1,
TXN00003316,CUST006749,John,Martin,Male,London,UK,London,UK,London,UK,2024-02-21 16:32:28,Purchase,501.79,USD,Netflix,Gas & Fuel,Payment for bills & utilities,FALSE,7010163431,GKYXDSSA,6189909378,EGFXGGMK,14154.24,14791.69,1,
TXN00002472,CUST002129,Daniel,Hernandez,Female,Shanghai,China,Shanghai,China,Shanghai,China,2024-02-09 15:07:49,Transfer,16.5,GBP,Amazon,Travel,Payment for entertainment,FALSE,2695274515,KQXFBBJC,2657024034,PKRXBDZB,9640.64,10505.25,1,
TXN00000741,CUST001702,Ava,Jackson,Female,Paris,France,Paris,France,Paris,France,2024-02-27 23:13:13,Purchase,136.99,JPY,Apple Store,Bills & Utilities,Payment for food & dining,FALSE,3107092910,UEQGYPEV,3977288124,NJYYLRBI,5122.85,5795.35,1,
TXN00002751,CUST008849,Mia,Davis,Female,New York,USA,New York,USA,New York,USA,2024-10-23 14:45:26,Purchase,236.77,CHF,Walmart,Electronics,Payment for shopping,TRUE,8938648855,JIGJAZYZ,2189675756,QPVSCIXL,10258.56,9330.58,1,
TXN00004672,CUST002104,Robert,Jones,Male,Tokyo,Japan,Tokyo,Japan,Tokyo,Japan,2024-10-01 22:12:36,Purchase,279.15,EUR,Home Depot,Health & Fitness,Payment for shopping,TRUE,3315639707,GANKOUWS,4047971366,HUCYNNNN,8304.34,8145.87,1,
TXN00004183,CUST009733,James,Jackson,Male,São Paulo,Brazil,São Paulo,Brazil,São Paulo,Brazil,2025-05-01 01:42:51,Purchase,22.34,INR,Walmart,Groceries,Payment for electronics,FALSE,7087394638,SQQRXYCU,5449815511,KSZOWMHA,6495.17,6040.43,1,
TXN00004310,CUST003082,Isabella,Brown,Male,Paris,France,Paris,France,Paris,France,2024-02-23 11:40:32,Purchase,505.2,USD,McDonalds,Health & Fitness,Payment for travel,FALSE,4458756527,CMRAFUPH,8550301464,XDLHJMWX,14081.27,13787.11,1,
TXN00004833,CUST000688,David,Davis,Female,Sydney,Australia,Dubai,UAE,Sydney,Australia,2025-01-05 09:16:18,Purchase,3781.7,AUD,Starbucks,Shopping,Payment for groceries,FALSE,3222722573,BPBQBSBD,2440555572,CPVVEQPO,11432.35,12018.89,0,Account takeover suspected
TXN00004892,CUST006881,James,Taylor,Male,Tokyo,Japan,Dubai,UAE,Tokyo,Japan,2025-10-03 18:45:16,Purchase,4967.82,JPY,Walmart,Food & Dining,Payment for travel,FALSE,9110654776,ATJXSWXT,3300536129,NFPMDOHE,9259.15,8261.1,0,High amount compared to usual
TXN00002915,CUST008199,John,Garcia,Male,New York,USA,New York,USA,New York,USA,2025-09-29 21:24:48,Transfer,425.44,USD,Walmart,Electronics,Payment for health & fitness,FALSE,8958794019,PDDGSZFI,6195402732,NYTUXWNZ,9243.18,8978.91,1,
TXN00000657,CUST007326,Ava,Garcia,Male,Paris,France,Paris,France,Paris,France,2024-06-19 10:15:59,Purchase,85.52,EUR,McDonalds,Health & Fitness,Payment for entertainment,FALSE,7735038324,AWEMDKMH,3910091030,PCNEXUXK,4997.93,5639.61,1,
TXN00003766,CUST007469,Olivia,Martin,Female,Berlin,Germany,Berlin,Germany,Berlin,Germany,2024-05-25 06:48:14,Purchase,158.84,AUD,Amazon,Food & Dining,Payment for electronics,FALSE,6629608794,HNHSGDRZ,9058633370,COHWXPHW,11221.56,10693.02,1,
TXN00003371,CUST009433,Olivia,Wilson,Male,São Paulo,Brazil,São Paulo,Brazil,São Paulo,Brazil,2025-01-23 18:24:26,Transfer,352.2,CAD,Airbnb,Home & Garden,Payment for entertainment,FALSE,2530617123,EVKKFVDX,6738380619,SLLHLNVK,10713.81,10259,1,
TXN00001063,CUST009839,David,Taylor,Female,Rome,Italy,Rome,Italy,Rome,Italy,2025-01-11 01:13:48,Purchase,463.71,CHF,Whole Foods,Food & Dining,Payment for travel,FALSE,1701880362,LWFVGNNC,2418797056,IRNGOWLF,8105.64,8030.33,1,
TXN00003064,CUST002257,Michael,Miller,Male,New York,USA,New York,USA,New York,USA,2025-07-27 10:34:50,Purchase,84.91,GBP,Netflix,Home & Garden,Payment for health & fitness,FALSE,6399379750,ZHEFVJIB,8093899483,BXWKCWPG,7819.63,8459.28,1,
TXN00002454,CUST002089,Emma,Lee,Female,Madrid,Spain,Madrid,Spain,Madrid,Spain,2025-04-02 21:27:55,Transfer,120.26,USD,Apple Store,Food & Dining,Payment for entertainment,FALSE,4156719104,WBHIHOTZ,1269371351,PXMVLKOG,8977.74,9861.04,1,
TXN00000076,CUST008528,Daniel,Lopez,Female,Berlin,Germany,Berlin,Germany,Berlin,Germany,2024-10-01 11:16:18,Purchase,23.66,JPY,Amazon,Bills & Utilities,Payment for health & fitness,TRUE,3991054958,SPKHXZRM,8675357824,SBXFMFRB,14263,13868.24,1,
TXN00002012,CUST002866,Mia,Wilson,Male,Paris,France,Paris,France,Paris,France,2024-10-02 22:14:56,Transfer,492.63,CNY,Walmart,Travel,Payment for entertainment,FALSE,7257287251,EFUXYPCO,1806871238,SSAXDFUP,13923.15,13773.14,1,
TXN00004077,CUST002202,Emma,Smith,Male,Tokyo,Japan,Tokyo,Japan,Tokyo,Japan,2024-03-01 13:35:33,Purchase,228.81,CNY,Uber,Bills & Utilities,Payment for electronics,FALSE,1238972215,PXIFLBIA,7967291661,ACILUOFJ,13953.62,14508.24,1,
TXN00001337,CUST009817,Isabella,Anderson,Female,Mumbai,India,Mumbai,India,Mumbai,India,2024-05-06 10:47:40,Purchase,432.7,CAD,Marriott Hotels,Entertainment,Payment for health & fitness,FALSE,9160765095,TWDMIOPL,4256617641,TBQBSWOZ,11620.98,12149.88,1,
TXN00000385,CUST000394,Amelia,Miller,Male,Sydney,Australia,Sydney,Australia,Sydney,Australia,2025-02-09 03:18:17,Transfer,391.36,CHF,Netflix,Electronics,Payment for gas & fuel,FALSE,7076136254,HHHILZTM,6024705764,WHRLRFSD,12605.44,13557.36,1,
TXN00000921,CUST008116,Emma,Hernandez,Male,Berlin,Germany,Berlin,Germany,Berlin,Germany,2024-07-14 21:56:43,Purchase,247.63,EUR,Shell Gas,Entertainment,Payment for bills & utilities,TRUE,8511417556,DDKJLCGY,6936064482,ZOWBNCUI,13811.29,12983.03,1,
TXN00000610,CUST009305,John,Thomas,Male,Dubai,UAE,Dubai,UAE,Dubai,UAE,2024-12-17 16:46:13,Purchase,490.53,INR,Shell Gas,Shopping,Payment for groceries,FALSE,9471994181,PNCJPGZL,8097869916,ETHBBPSY,14602.89,14117.54,1,
TXN00004283,CUST007695,Olivia,Johnson,Female,Mexico City,Mexico,Mexico City,Mexico,Mexico City,Mexico,2024-03-18 07:52:43,Purchase,365.22,AUD,Best Buy,Shopping,Payment for health & fitness,TRUE,9476679325,DRWDQQKY,6220992855,BWLTNEHC,8971.1,9526.32,1,
TXN00004060,CUST007240,David,Thomas,Male,Rome,Italy,Rome,Italy,Rome,Italy,2025-07-29 07:40:10,Transfer,445.7,CNY,Amazon,Groceries,Payment for groceries,FALSE,3445235150,PQFAAWHS,1154529522,SZLHFVQQ,9612.37,10356.79,1,
TXN00002216,CUST002477,Emma,Jones,Female,Paris,France,Paris,France,Paris,France,2024-09-09 06:26:05,Purchase,446.31,GBP,Home Depot,Travel,Payment for entertainment,FALSE,9895835676,DXZAXIBA,3143110919,AUVQOYMG,15822.06,14908.37,1,
TXN00004670,CUST005551,Mia,Jones,Female,São Paulo,Brazil,São Paulo,Brazil,São Paulo,Brazil,2025-06-15 05:54:29,Purchase,454.05,CNY,Walmart,Food & Dining,Payment for bills & utilities,FALSE,9785996647,NRDUPGPC,8278544575,OEQYCHQV,14262.72,13300.95,1,
TXN00004574,CUST001013,Ava,Williams,Female,Mexico City,Mexico,Mexico City,Mexico,Mexico City,Mexico,2024-11-01 15:14:00,Transfer,244.38,JPY,Home Depot,Electronics,Payment for groceries,FALSE,3754349785,DHKAIHTU,6587466846,HJVMFBYI,10947.09,11940.47,1,
TXN00002553,CUST007537,Emma,Smith,Male,New York,USA,New York,USA,New York,USA,2025-08-27 11:38:28,Transfer,118.51,JPY,Best Buy,Bills & Utilities,Payment for shopping,FALSE,9308086483,LJWMDWQS,3831306005,FDTTOVDM,8382.67,8199.49,1,
TXN00003474,CUST007973,Evelyn,Martinez,Female,Singapore,Singapore,Singapore,Singapore,Singapore,Singapore,2025-03-23 23:46:30,Purchase,322.77,EUR,Target,Gas & Fuel,Payment for home & garden,FALSE,5664272068,UPYZFHDX,8819242407,BQTAQCZV,15552.62,14590.4,1,
TXN00002969,CUST004677,Amelia,Wilson,Male,Paris,France,Paris,France,Paris,France,2024-03-10 02:47:15,Purchase,11.68,INR,Home Depot,Travel,Payment for travel,FALSE,6733321954,DPFISYQQ,7186185373,PKRJYVNZ,13304.52,12687.89,1,
TXN00001604,CUST000297,Evelyn,Brown,Female,Berlin,Germany,Berlin,Germany,Berlin,Germany,2024-07-31 14:56:53,Transfer,135.42,GBP,Whole Foods,Health & Fitness,Payment for electronics,FALSE,9406385838,PYIUKVPQ,6257452191,CRPQZUVZ,11464.08,10672.31,1,
TXN00001179,CUST005524,Olivia,Martinez,Male,Mexico City,Mexico,Mexico City,Mexico,Mexico City,Mexico,2024-02-24 17:57:03,Purchase,369.34,USD,Amazon,Shopping,Payment for food & dining,FALSE,2815978500,TNHTRMTF,1698984330,CORYBSCA,13659.88,14546.37,1,
TXN00004768,CUST006579,Joseph,Martin,Male,Sydney,Australia,Sydney,Australia,São Paulo,Brazil,2025-02-15 08:57:01,Transfer,1295.31,INR,Amazon,Bills & Utilities,Payment for food & dining,FALSE,6270572267,WYCIIWAG,1482696022,IGXPOXPB,5818.87,5102.25,0,Known fraudulent merchant
TXN00001204,CUST003950,Emma,Thomas,Female,São Paulo,Brazil,São Paulo,Brazil,São Paulo,Brazil,2025-08-28 05:56:10,Purchase,295.47,CHF,Shell Gas,Shopping,Payment for shopping,FALSE,2344641300,KUTNBZFF,8519713330,VYJSVWGV,4603.15,5523.14,1,
TXN00002983,CUST002879,Joseph,Thomas,Male,Mexico City,Mexico,Mexico City,Mexico,Mexico City,Mexico,2024-12-16 03:25:45,Purchase,169.44,GBP,McDonalds,Groceries,Payment for electronics,FALSE,5614428737,ITZMSQLG,5046306639,ARUNNMYH,8206.57,8159.96,1,
TXN00001238,CUST008430,Sophia,Brown,Female,Singapore,Singapore,Singapore,Singapore,Singapore,Singapore,2024-05-04 04:26:40,Purchase,221.95,GBP,Starbucks,Gas & Fuel,Payment for home & garden,TRUE,4363955063,CJMMAPGX,6986014064,IGGLATUR,7976.47,8600.28,1,
TXN00000051,CUST008657,Olivia,Jones,Female,Madrid,Spain,Madrid,Spain,Madrid,Spain,2025-03-06 09:20:21,Purchase,29.47,CHF,Best Buy,Health & Fitness,Payment for entertainment,FALSE,9315876307,FRFIVEWK,7092967254,PFGCQTFK,11317.52,10360.54,1,
TXN00002804,CUST005806,James,Davis,Male,Mexico City,Mexico,Mexico City,Mexico,Mexico City,Mexico,2024-06-03 22:10:41,Purchase,105.6,EUR,Starbucks,Food & Dining,Payment for shopping,FALSE,5988081061,IKZUIWUM,6449497898,SMSQFAKC,11139.34,11006.38,1,
TXN00001466,CUST009968,Michael,Williams,Male,Sydney,Australia,Sydney,Australia,Sydney,Australia,2025-07-27 11:43:26,Purchase,410,GBP,Shell Gas,Shopping,Payment for health & fitness,FALSE,8736130409,XUGSUELW,9211739933,KKNMDCJV,13389.64,14326.67,1,
TXN00001742,CUST006192,Richard,Moore,Female,Singapore,Singapore,Singapore,Singapore,Singapore,Singapore,2025-07-03 22:55:02,Transfer,185.86,CNY,Whole Foods,Travel,Payment for electronics,FALSE,7817590062,GWTYKLRG,5253704464,BDISWQVE,7029.16,6035.05,1,
TXN00002931,CUST008723,James,Martinez,Female,Madrid,Spain,Madrid,Spain,Madrid,Spain,2025-02-10 07:52:44,Purchase,43.84,INR,Delta Airlines,Shopping,Payment for bills & utilities,TRUE,7309344820,ESWUUPDG,1875107173,HHFLQVXI,12349.31,12867.48,1,
TXN00004732,CUST000105,Daniel,Davis,Female,Shanghai,China,Shanghai,China,Shanghai,China,2025-08-31 18:59:56,Purchase,159.21,GBP,Home Depot,Health & Fitness,Payment for shopping,FALSE,9258885988,GOPLIXNN,1255369951,LVTGCBUH,10724.91,10342.05,1,
TXN00001483,CUST002804,Sophia,Johnson,Female,London,UK,London,UK,London,UK,2025-01-29 09:39:02,Purchase,52.48,CAD,Apple Store,Shopping,Payment for food & dining,TRUE,6464872301,UNXFIKHC,9437720621,SGIVRXPP,15246.99,14436.34,1,
TXN00000738,CUST001523,Sophia,Anderson,Female,Mexico City,Mexico,Mexico City,Mexico,Mexico City,Mexico,2024-08-11 21:41:06,Purchase,127.28,JPY,Starbucks,Bills & Utilities,Payment for bills & utilities,FALSE,5274218587,IATARWVJ,6388800570,PIYZGJAO,11886.22,11773,1,
TXN00002900,CUST003226,Thomas,Anderson,Female,Madrid,Spain,Madrid,Spain,Madrid,Spain,2025-08-04 06:58:52,Purchase,265.35,INR,Apple Store,Shopping,Payment for shopping,FALSE,1663596131,VXVBATRJ,5871737293,IXFVCURH,7061.06,6735.11,1,
TXN00002862,CUST008584,Emma,Davis,Female,Mexico City,Mexico,Mexico City,Mexico,Mexico City,Mexico,2024-09-23 14:27:56,Purchase,429.03,CAD,Apple Store,Home & Garden,Payment for food & dining,FALSE,5265943072,DIEVYJTF,6544498773,GFYAFGEY,9969.12,9147.51,1,
TXN00000023,CUST008410,Sophia,Williams,Female,Madrid,Spain,Madrid,Spain,Madrid,Spain,2025-09-22 21:00:01,Purchase,255.27,CNY,Shell Gas,Home & Garden,Payment for groceries,FALSE,7853431996,HXPKXSAH,3878273234,OKCVPYDB,11056.82,10498.46,1,
TXN00002964,CUST000371,Richard,Lopez,Male,Tokyo,Japan,Tokyo,Japan,Tokyo,Japan,2024-09-02 20:51:42,Transfer,151.67,INR,Shell Gas,Health & Fitness,Payment for health & fitness,FALSE,4876166195,ZRKEDDDO,2471413306,IPJQHFRO,7814.34,7770.32,1,
TXN00003558,CUST004338,Ava,Martin,Male,Shanghai,China,Shanghai,China,Shanghai,China,2024-02-14 20:10:35,Purchase,345.51,CAD,Whole Foods,Gas & Fuel,Payment for health & fitness,FALSE,4826236375,XYTNYWEC,7981883373,GHNKTROW,14825.35,14618.41,1,
TXN00003653,CUST009655,Thomas,Thomas,Female,New York,USA,New York,USA,New York,USA,2025-06-11 21:59:16,Purchase,153.92,GBP,Delta Airlines,Food & Dining,Payment for health & fitness,FALSE,1607378057,EOTCCMZN,5967501506,LBTWEOTL,7636.21,8148.38,1,
TXN00004186,CUST007180,Michael,Miller,Female,Shanghai,China,Shanghai,China,Shanghai,China,2025-05-15 01:48:54,Purchase,335.08,CAD,Netflix,Entertainment,Payment for bills & utilities,FALSE,8399078108,IYNUURYH,3293350893,EBMLWSQA,12687.56,12590.52,1,
TXN00002702,CUST005827,Richard,Garcia,Female,Mexico City,Mexico,Mexico City,Mexico,Mexico City,Mexico,2024-12-04 08:02:50,Transfer,306.54,CNY,Walmart,Travel,Payment for home & garden,TRUE,5643491237,GDEFVGAZ,9623599207,WTRHCSRQ,5934.34,6714.55,1,
TXN00002818,CUST001619,Olivia,Brown,Male,Shanghai,China,Shanghai,China,Shanghai,China,2024-10-22 22:42:49,Transfer,332.09,CAD,Uber,Entertainment,Payment for groceries,FALSE,5542157458,NNKTHLRT,3081483227,WXXRNGBX,12399.65,12852.39,1,
TXN00001874,CUST002908,Joseph,Taylor,Female,Mumbai,India,Mumbai,India,Mumbai,India,2025-05-10 10:44:19,Purchase,376.4,AUD,Uber,Travel,Payment for entertainment,FALSE,2587960142,NNKCQORC,9338163163,QLJBDFSC,7151.69,7464.75,1,
TXN00002073,CUST001701,Isabella,Smith,Male,Mumbai,India,Mumbai,India,Mumbai,India,2024-01-14 07:43:59,Purchase,100.41,CHF,Whole Foods,Electronics,Payment for bills & utilities,FALSE,4127360680,AKOCMCTE,7543739511,UEJHAJUP,9512.79,9767.4,1,
TXN00003104,CUST000969,Sophia,Jackson,Female,Sydney,Australia,Sydney,Australia,Sydney,Australia,2025-08-06 01:24:38,Purchase,33.43,INR,Amazon,Food & Dining,Payment for groceries,FALSE,4138928231,TRSFPSMP,5698167391,EJVITFFJ,14439.62,14243.52,1,
TXN00002705,CUST008539,David,Moore,Male,New York,USA,New York,USA,New York,USA,2024-11-29 03:02:48,Transfer,311.33,CAD,Whole Foods,Electronics,Payment for bills & utilities,FALSE,3322682909,TFWEKQRN,1854243005,CZJZGYTG,12202.33,12984.29,1,
TXN00002147,CUST008988,David,Martinez,Female,Sydney,Australia,Sydney,Australia,Sydney,Australia,2024-03-24 01:49:30,Purchase,495.63,AUD,Walmart,Travel,Payment for food & dining,FALSE,3367273747,WBEMZJRN,6411797575,JIBCOAMY,9031.04,9943.25,1,
TXN00001820,CUST006729,Evelyn,Martinez,Male,Mumbai,India,Mumbai,India,Mumbai,India,2025-02-04 20:16:42,Purchase,137.58,AUD,Airbnb,Groceries,Payment for groceries,FALSE,3432913910,VOJGWHGM,2688132445,OKCSOHYV,8935.68,9801.3,1,
TXN00003179,CUST006219,Michael,Taylor,Male,New York,USA,New York,USA,New York,USA,2024-10-13 00:29:50,Purchase,305.47,INR,Amazon,Food & Dining,Payment for bills & utilities,TRUE,3605649309,CSROCGIJ,8684702459,POVNZOYV,6001.5,6775.32,1,
TXN00001850,CUST008223,Sophia,Johnson,Male,Dubai,UAE,Dubai,UAE,Dubai,UAE,2024-04-20 03:48:48,Purchase,256.52,EUR,Uber,Gas & Fuel,Payment for groceries,FALSE,3755505609,LAZFXWYA,5507789589,WOMLVTOJ,7431.04,8311.77,1,
TXN00004050,CUST004318,Olivia,Johnson,Male,Shanghai,China,Shanghai,China,Shanghai,China,2025-01-01 22:46:24,Purchase,39.23,JPY,McDonalds,Groceries,Payment for gas & fuel,FALSE,9544718921,FZEQMWUR,1553315487,QLLCSQKA,9107.51,9394.43,1,
TXN00001467,CUST002584,Joseph,Thomas,Male,Berlin,Germany,Berlin,Germany,Berlin,Germany,2025-07-11 06:32:09,Purchase,359.74,GBP,Netflix,Home & Garden,Payment for groceries,FALSE,1595875108,VUVUHEPH,8708428415,GVLKOMOW,11934.11,12781.93,1,
TXN00000018,CUST000110,Daniel,Hernandez,Female,Toronto,Canada,Toronto,Canada,Toronto,Canada,2024-09-10 14:56:37,Transfer,223.26,CNY,Best Buy,Shopping,Payment for bills & utilities,FALSE,3573153994,UOXFZHXG,1716707449,NYGJCSXM,7308.31,7534.65,1,
TXN00004227,CUST007146,Michael,Lopez,Female,Berlin,Germany,Berlin,Germany,Berlin,Germany,2024-10-29 13:22:24,Transfer,224.08,CAD,Delta Airlines,Shopping,Payment for health & fitness,FALSE,1409182346,TFVHAMLC,7861054901,EIUHTKIR,8020.63,7487.73,1,
TXN00000864,CUST002772,Amelia,Jones,Male,Mumbai,India,Mumbai,India,Mumbai,India,2025-09-15 16:17:14,Purchase,494.55,EUR,Uber,Food & Dining,Payment for shopping,FALSE,3093362956,ABNKGCXC,1178932259,UTSHRVEH,9117.36,10061,1,
TXN00000016,CUST001758,Charlotte,Brown,Male,Berlin,Germany,Berlin,Germany,Berlin,Germany,2025-05-08 15:37:25,Purchase,325.98,CNY,Airbnb,Home & Garden,Payment for health & fitness,FALSE,5546432781,OPHLXFRM,7175172011,CNXTBTMC,6700.74,6110.56,1,
TXN00004542,CUST003853,Thomas,Taylor,Female,Rome,Italy,Rome,Italy,Rome,Italy,2024-04-01 11:14:56,Transfer,110.39,GBP,Best Buy,Travel,Payment for health & fitness,FALSE,7674789234,RPUMTXEK,5447281941,PNEILKZE,14945.88,14434.78,1,
TXN00004541,CUST005809,Sophia,Lopez,Female,London,UK,London,UK,London,UK,2024-08-23 19:46:14,Purchase,16.27,CAD,McDonalds,Health & Fitness,Payment for gas & fuel,FALSE,3196876367,VGKGKVUE,3953749108,RCDEVOGC,11263.46,10649.77,1,
TXN00002268,CUST008443,Evelyn,Hernandez,Male,London,UK,London,UK,London,UK,2025-09-15 17:23:28,Transfer,244.33,AUD,Airbnb,Electronics,Payment for electronics,FALSE,4727172036,UETCLPNM,8726662199,UKQYTMWT,6181.24,6122.63,1,
TXN00002579,CUST000422,Richard,Lopez,Male,Paris,France,Paris,France,Paris,France,2024-09-28 07:47:40,Transfer,478.82,GBP,Walmart,Travel,Payment for entertainment,FALSE,7331337727,YXBEVEQL,1544418434,GNCCAOOU,11299.86,11939.52,1,
TXN00003892,CUST004759,Charlotte,Taylor,Male,São Paulo,Brazil,São Paulo,Brazil,São Paulo,Brazil,2024-04-08 19:42:13,Transfer,53.78,GBP,Delta Airlines,Health & Fitness,Payment for shopping,FALSE,9014506943,KNPYIIGC,1284384084,LZXAXYSP,11322.8,12131.39,1,
TXN00000827,CUST008486,Sophia,Lee,Male,São Paulo,Brazil,São Paulo,Brazil,São Paulo,Brazil,2024-02-17 14:57:38,Purchase,309.78,USD,Airbnb,Food & Dining,Payment for entertainment,FALSE,8108717991,UDBLKHYV,3597461315,YVAJCIMG,15064.3,14656.31,1,
TXN00000949,CUST001060,Emma,Rodriguez,Female,Toronto,Canada,Toronto,Canada,Toronto,Canada,2024-02-27 17:26:57,Purchase,129.52,GBP,Delta Airlines,Health & Fitness,Payment for gas & fuel,FALSE,6723409393,AATPSGLR,8525616571,TABTLXWN,12345.61,12174.98,1,
TXN00004735,CUST005728,Emma,Lopez,Male,London,UK,London,UK,London,UK,2024-04-25 00:09:59,Purchase,432.67,USD,Delta Airlines,Food & Dining,Payment for gas & fuel,FALSE,3419104891,YGXKYGVQ,5909634232,DXFXSSJQ,7042.63,6999.26,1,
TXN00000862,CUST003382,Charlotte,Taylor,Female,London,UK,London,UK,London,UK,2025-09-02 03:27:29,Transfer,232.06,INR,McDonalds,Bills & Utilities,Payment for electronics,FALSE,3122253561,WAGVICSI,3765765876,MMAIVYXR,12817.67,13672.09,1,
TXN00002515,CUST008953,Ava,Smith,Male,Madrid,Spain,Madrid,Spain,Madrid,Spain,2024-09-06 13:46:14,Purchase,333.4,CNY,Walmart,Electronics,Payment for home & garden,FALSE,4325609792,GRHDOVGZ,8433961580,ZRCFJBMM,5095.72,5540.48,1,
TXN00002956,CUST003112,Mia,Brown,Female,Mexico City,Mexico,Mexico City,Mexico,Mexico City,Mexico,2025-06-26 20:14:08,Purchase,83.18,EUR,Netflix,Home & Garden,Payment for gas & fuel,TRUE,7853397663,OTTHESBS,8701072152,XGLLSDIK,14113.66,14304.39,1,
TXN00001681,CUST009112,Emma,Wilson,Male,Dubai,UAE,Dubai,UAE,Dubai,UAE,2024-04-12 12:55:42,Purchase,307.45,INR,Apple Store,Electronics,Payment for groceries,FALSE,9244450494,EQLPPXCN,9809913366,ARKOXDBS,9241.32,10154.69,1,
TXN00003460,CUST005630,Richard,Davis,Male,Tokyo,Japan,Tokyo,Japan,Tokyo,Japan,2024-03-07 15:44:07,Transfer,236.44,CNY,Walmart,Gas & Fuel,Payment for home & garden,FALSE,8331439105,IQSYOEMP,7486819847,HIMOEAVT,8369.07,8275.83,1,
TXN00003255,CUST000334,Ava,Anderson,Male,São Paulo,Brazil,São Paulo,Brazil,São Paulo,Brazil,2025-09-19 20:00:26,Purchase,64.42,AUD,Apple Store,Entertainment,Payment for travel,FALSE,7136079744,IXJZKYXE,1450023989,EOPRINUR,5635.5,5471.39,1,
TXN00002121,CUST000539,James,Martin,Male,Toronto,Canada,Toronto,Canada,Toronto,Canada,2025-10-03 14:19:53,Purchase,263.95,AUD,Netflix,Electronics,Payment for health & fitness,FALSE,9241215131,EZHSABQD,9650238272,AXTJFOJH,13430.35,13115.11,1,
TXN00003138,CUST001726,Charlotte,Smith,Male,Dubai,UAE,Dubai,UAE,Dubai,UAE,2024-07-09 22:25:50,Purchase,327.57,JPY,Apple Store,Entertainment,Payment for gas & fuel,FALSE,6258802880,XXEGPDUX,9308477075,KGYMHFVK,7221.83,7756,1,
TXN00002928,CUST002092,Thomas,Anderson,Male,Toronto,Canada,Toronto,Canada,Toronto,Canada,2024-11-21 16:04:25,Purchase,444.06,CAD,McDonalds,Electronics,Payment for groceries,TRUE,6604774355,KVJNZGIZ,6425815082,HEEVDJMS,11864.25,11707.92,1,
TXN00001832,CUST006422,Isabella,Jones,Male,São Paulo,Brazil,São Paulo,Brazil,São Paulo,Brazil,2025-08-18 05:59:56,Purchase,300.22,CHF,Delta Airlines,Gas & Fuel,Payment for travel,FALSE,1906819925,BPUGXOWW,3933566699,YXGKTZEU,8343.21,7714.92,1,
TXN00000948,CUST009049,John,Garcia,Female,Dubai,UAE,Dubai,UAE,Dubai,UAE,2025-06-29 20:20:34,Transfer,378.87,USD,Walmart,Entertainment,Payment for entertainment,FALSE,9481207586,ZFYMDJKF,9423220658,QJDFIGLU,7654.57,7746.32,1,
TXN00001260,CUST008661,Olivia,Moore,Male,New York,USA,New York,USA,New York,USA,2025-03-21 15:19:20,Transfer,383.55,CNY,Airbnb,Entertainment,Payment for shopping,FALSE,8056592193,GHJEBDRG,3271436022,CCJFTNXX,6188.71,5664.26,1,
TXN00004346,CUST002044,Mia,Brown,Male,Madrid,Spain,Madrid,Spain,Madrid,Spain,2024-01-05 17:19:01,Transfer,25.35,USD,McDonalds,Travel,Payment for health & fitness,FALSE,4564656669,LVELCQMP,2662958597,UDLHYVXW,10264.77,10838.59,1,
TXN00002591,CUST002167,Joseph,Williams,Female,Sydney,Australia,Sydney,Australia,Sydney,Australia,2024-09-08 05:54:45,Transfer,75.77,CHF,Airbnb,Shopping,Payment for health & fitness,TRUE,7948962972,THVUCECA,4361355334,FLADDUUW,11650.65,10901.78,1,
TXN00003069,CUST009508,James,Lopez,Male,Madrid,Spain,Madrid,Spain,Madrid,Spain,2025-05-15 14:43:04,Transfer,184.33,EUR,Home Depot,Gas & Fuel,Payment for groceries,FALSE,6168265757,DAOBHTYX,8660441313,PJSJCDPT,7964.3,7889.17,1,
TXN00001612,CUST003718,David,Jackson,Male,Madrid,Spain,Madrid,Spain,Madrid,Spain,2024-10-16 07:57:12,Purchase,57.81,EUR,McDonalds,Entertainment,Payment for entertainment,FALSE,9037244642,QQLFTHAW,3499122079,NQFLSSOE,10467.67,11209.56,1,
TXN00002914,CUST000106,Sophia,Johnson,Female,Paris,France,Paris,France,Paris,France,2024-06-01 01:07:44,Transfer,43.74,AUD,Delta Airlines,Food & Dining,Payment for home & garden,FALSE,3389454824,IHNLZTQJ,7727238214,AVRIMEXS,7047.64,7106.28,1,
TXN00002430,CUST001874,Mia,Hernandez,Female,Berlin,Germany,Berlin,Germany,Berlin,Germany,2025-03-01 17:41:05,Purchase,332.1,CAD,Airbnb,Shopping,Payment for gas & fuel,FALSE,2852339461,POUSXDFS,8829471459,MYQWLRBB,8728.61,7744.97,1,
TXN00002338,CUST009209,Isabella,Moore,Male,Madrid,Spain,Madrid,Spain,Madrid,Spain,2024-08-02 06:19:16,Transfer,130.68,INR,Airbnb,Groceries,Payment for food & dining,FALSE,8098772326,AAVEIGCK,4737489947,YWLUXFEA,8180.4,7747.03,1,
TXN00004496,CUST003563,Richard,Anderson,Male,Dubai,UAE,Dubai,UAE,Dubai,UAE,2025-03-27 00:38:03,Purchase,144.72,INR,McDonalds,Groceries,Payment for electronics,FALSE,4610713590,ZTSYEUHF,6833121021,KFJHOCBV,4555.81,5031.87,1,
TXN00004319,CUST007261,James,Taylor,Male,New York,USA,New York,USA,New York,USA,2025-01-12 17:53:56,Purchase,440.69,GBP,Whole Foods,Entertainment,Payment for travel,TRUE,1822661894,RNNCLBWF,5764576760,SXBAZLZI,9982.19,9935.8,1,
TXN00004020,CUST007960,Harper,Brown,Male,Rome,Italy,Rome,Italy,Rome,Italy,2025-04-02 05:38:46,Purchase,454.9,CNY,Delta Airlines,Electronics,Payment for gas & fuel,FALSE,2321654679,EFOGGNOY,7017231006,NLXVJAEP,13039.42,12151.45,1,
TXN00001655,CUST008371,Mia,Hernandez,Male,New York,USA,New York,USA,New York,USA,2024-04-08 07:34:12,Transfer,152.81,CHF,Apple Store,Groceries,Payment for travel,FALSE,2866663277,FAZIWQDV,8285342246,LIWXEQGD,12909.67,13581.2,1,
TXN00003873,CUST007135,John,Brown,Male,Shanghai,China,Shanghai,China,Shanghai,China,2025-04-02 19:23:02,Transfer,143.56,EUR,Target,Home & Garden,Payment for shopping,FALSE,5257463755,UJPLQWGI,2014708701,ZQTQUONZ,9940.52,9301.83,1,
TXN00003488,CUST001732,Olivia,Garcia,Male,Dubai,UAE,Dubai,UAE,Dubai,UAE,2024-10-06 21:03:48,Transfer,232.17,EUR,Delta Airlines,Food & Dining,Payment for food & dining,FALSE,4840289396,FZQVLCBM,1201519126,USRGZZTR,7014.01,7883.6,1,
TXN00000243,CUST005207,Robert,Jones,Male,Shanghai,China,Shanghai,China,Shanghai,China,2025-09-04 19:42:11,Transfer,262.01,AUD,Netflix,Home & Garden,Payment for home & garden,FALSE,9015871852,LDMJGIEA,9467150067,NQEYDUAS,15919.73,14967.16,1,
TXN00004329,CUST004301,Mia,Wilson,Male,Berlin,Germany,Berlin,Germany,Berlin,Germany,2024-08-05 10:43:33,Purchase,418.75,INR,Whole Foods,Health & Fitness,Payment for bills & utilities,FALSE,6593183682,KPAXYICL,5064873892,XLHKXQMO,7460.46,7825.66,1,
TXN00003741,CUST004533,John,Thomas,Female,Tokyo,Japan,Tokyo,Japan,Tokyo,Japan,2024-06-29 18:45:35,Purchase,120.41,GBP,Starbucks,Entertainment,Payment for health & fitness,FALSE,8660421094,ZNTELPAQ,4696370433,IJJHZBVM,9762.01,9702.59,1,
TXN00004731,CUST003362,Richard,Martin,Female,Rome,Italy,Rome,Italy,Rome,Italy,2024-11-30 22:04:22,Purchase,140.12,GBP,Uber,Home & Garden,Payment for gas & fuel,FALSE,2969234267,FXDFOFTG,9314139918,OWQSHIPN,10557.43,10744.93,1,
TXN00004374,CUST005928,Daniel,Brown,Female,Singapore,Singapore,Singapore,Singapore,Singapore,Singapore,2024-12-22 11:18:44,Transfer,337.89,EUR,Amazon,Food & Dining,Payment for shopping,FALSE,6124659268,ANCKQUPA,7284394415,SYOOIOXJ,14811.28,14562.41,1,
TXN00000350,CUST005402,Thomas,Jackson,Female,Mumbai,India,Mumbai,India,Mumbai,India,2024-12-04 20:51:29,Purchase,26.87,USD,Amazon,Health & Fitness,Payment for health & fitness,TRUE,9735767842,IFZEXTUE,5633372814,NHPWRYGZ,12445.48,11893.17,1,
TXN00004711,CUST006997,Isabella,Jackson,Female,Tokyo,Japan,Tokyo,Japan,Tokyo,Japan,2025-05-13 00:55:00,Purchase,272.94,GBP,Home Depot,Groceries,Payment for gas & fuel,FALSE,4261514090,UUHLPJDJ,4788965882,EXORDKZB,15146.29,14464.93,1,
TXN00002649,CUST005434,Ava,Martinez,Male,Mexico City,Mexico,Mexico City,Mexico,Mexico City,Mexico,2024-05-26 03:15:25,Transfer,281.64,CHF,Home Depot,Groceries,Payment for gas & fuel,FALSE,3702296483,TLWHFTHI,4228034551,LDLFORRJ,15388.39,14415.15,1,
TXN00003975,CUST001172,Emma,Garcia,Female,New York,USA,New York,USA,New York,USA,2024-11-18 02:25:06,Transfer,329.19,CHF,Whole Foods,Gas & Fuel,Payment for bills & utilities,FALSE,2514259419,WZAJSUNG,1126073165,UQWLELDI,7950.21,8757.68,1,
TXN00003101,CUST001931,Joseph,Jackson,Male,Paris,France,Paris,France,Paris,France,2025-09-03 16:56:42,Purchase,167.52,GBP,Target,Gas & Fuel,Payment for home & garden,FALSE,1187873709,XZGNFUFC,2148430752,EAYNHQNF,7962.76,8799.86,1,
TXN00004957,CUST009145,Charlotte,Hernandez,Male,Mexico City,Mexico,Mexico City,Mexico,Mexico City,Mexico,2024-07-15 15:34:55,Purchase,4037.38,INR,Home Depot,Food & Dining,Payment for gas & fuel,FALSE,1707455284,ODIJLWOO,7950100159,XJPJJWZP,8011.48,7532.06,0,High amount compared to usual
TXN00004112,CUST005554,James,Rodriguez,Male,London,UK,London,UK,London,UK,2024-04-29 09:40:48,Purchase,53.62,CAD,Whole Foods,Entertainment,Payment for gas & fuel,FALSE,8863528741,OWYDOMNJ,4617689015,EXHVMNQH,5462.27,5695.74,1,
TXN00001410,CUST000601,Evelyn,Davis,Female,Paris,France,Paris,France,Paris,France,2024-01-15 07:05:54,Purchase,133.23,CAD,Target,Home & Garden,Payment for shopping,FALSE,4671149383,CYFCADER,4232687479,AHJKOQIU,11877.4,11085.47,1,
TXN00001672,CUST001687,Robert,Rodriguez,Female,London,UK,London,UK,London,UK,2024-03-29 03:04:37,Purchase,370.24,AUD,Walmart,Travel,Payment for shopping,FALSE,5944712237,JGZQYPDX,3650200329,YIJVSJJM,14074.54,13580.95,1,
TXN00004231,CUST003124,Harper,Jones,Male,Rome,Italy,Rome,Italy,Rome,Italy,2024-11-28 09:43:17,Purchase,480.71,CHF,Shell Gas,Travel,Payment for shopping,FALSE,3309237192,MNMTWNZP,5974550250,AXILZEKY,11784.64,11832.72,1,
TXN00003797,CUST004754,Emma,Williams,Female,Tokyo,Japan,Tokyo,Japan,Tokyo,Japan,2024-12-24 23:04:42,Transfer,474.61,INR,McDonalds,Bills & Utilities,Payment for entertainment,FALSE,1483853608,XXRYWBMI,7438809636,BQQTUUYK,8743.01,8940.06,1,
TXN00001947,CUST003898,Amelia,Martin,Female,Madrid,Spain,Madrid,Spain,Madrid,Spain,2024-06-22 10:55:07,Transfer,62.62,USD,McDonalds,Entertainment,Payment for groceries,FALSE,1776133152,IBIJYPYK,9763731085,NOATYDEH,10156.57,9774.47,1,
TXN00004994,CUST001867,Emma,Smith,Female,Madrid,Spain,Madrid,Spain,Madrid,Spain,2024-04-18 16:55:19,Purchase,2622.69,GBP,Home Depot,Gas & Fuel,Payment for shopping,FALSE,1542514788,OIPVCPBU,7235353254,NPHRIWTT,5638.2,5078.38,0,High amount compared to usual
TXN00004279,CUST002113,Sophia,Martinez,Female,Mumbai,India,Mumbai,India,Mumbai,India,2024-12-12 02:40:05,Purchase,171.74,INR,Netflix,Gas & Fuel,Payment for travel,FALSE,9933061490,GBUEVOGV,8939256550,JEGPJFXI,12566.14,13490.15,1,
TXN00003619,CUST004765,Ava,Thomas,Female,Mexico City,Mexico,Mexico City,Mexico,Mexico City,Mexico,2024-04-01 07:27:12,Purchase,335.82,INR,Starbucks,Gas & Fuel,Payment for travel,FALSE,6489317433,DZIIGXZE,1192524920,MNFYKTKV,8754.01,9703.21,1,
TXN00000743,CUST007304,William,Brown,Male,Shanghai,China,Shanghai,China,Shanghai,China,2025-06-08 14:02:32,Purchase,406.66,USD,Home Depot,Gas & Fuel,Payment for gas & fuel,FALSE,4926061196,EKAFNRDW,8039793421,LJKTYTYN,10394.83,10501.81,1,
TXN00001130,CUST003423,Amelia,Smith,Female,Mexico City,Mexico,Mexico City,Mexico,Mexico City,Mexico,2025-03-27 11:22:44,Purchase,478.83,CNY,Whole Foods,Electronics,Payment for travel,FALSE,4416117733,BALPVTLA,5508674212,BITTWYOI,6017.2,6802.26,1,
TXN00004348,CUST008152,Isabella,Miller,Male,Singapore,Singapore,Singapore,Singapore,Singapore,Singapore,2024-08-14 15:11:07,Purchase,296.44,JPY,Shell Gas,Shopping,Payment for home & garden,FALSE,9428519615,ZAJXUKMB,3919363666,TOWMVPCZ,6631.74,6081.28,1,
TXN00003996,CUST006327,Isabella,Jackson,Male,Rome,Italy,Rome,Italy,Rome,Italy,2025-06-23 11:43:41,Transfer,350.44,CNY,Starbucks,Entertainment,Payment for food & dining,FALSE,9215178495,DLAVYXLM,7178593707,DWRMYVKK,10090.54,9556.76,1,
TXN00002122,CUST006529,Emma,Williams,Male,Rome,Italy,Rome,Italy,Rome,Italy,2024-10-19 15:24:09,Purchase,395.76,GBP,Airbnb,Entertainment,Payment for entertainment,FALSE,8298994358,UCOMMUTP,6161546223,ZMWKKTWS,12019.21,11917.15,1,
TXN00000257,CUST000379,Thomas,Jones,Female,Mumbai,India,Mumbai,India,Mumbai,India,2025-01-18 23:43:11,Purchase,188.54,AUD,Marriott Hotels,Bills & Utilities,Payment for gas & fuel,FALSE,2080765120,GSLJVGVY,1646651816,OZZVTNDK,10329.54,10379.95,1,
TXN00000136,CUST007041,Emma,Wilson,Female,Shanghai,China,Shanghai,China,Shanghai,China,2024-02-25 16:07:36,Purchase,190.7,GBP,Netflix,Gas & Fuel,Payment for food & dining,FALSE,1679087189,ETQNVZWS,7480242551,ZFATXKAQ,6918.69,6601.91,1,
TXN00003736,CUST007372,Emma,Jones,Female,Madrid,Spain,Madrid,Spain,Madrid,Spain,2025-03-03 13:22:27,Transfer,28.44,EUR,Amazon,Electronics,Payment for travel,TRUE,9068036154,GRZVDAJI,3968409700,AXTDFZWE,8054.89,7708.48,1,
TXN00002875,CUST005855,Olivia,Anderson,Male,Dubai,UAE,Dubai,UAE,Dubai,UAE,2024-04-26 01:38:53,Purchase,38.11,CHF,Walmart,Groceries,Payment for groceries,FALSE,2846994603,KVZVDLQD,2144300768,NAQAHMUT,8696.68,8629.74,1,
TXN00002947,CUST004162,Robert,Lopez,Male,Rome,Italy,Rome,Italy,Rome,Italy,2024-11-17 04:16:45,Purchase,383.1,USD,Target,Shopping,Payment for entertainment,FALSE,4929529910,WSDSSGYR,2134872117,EHJZHXUA,8609.96,8254.59,1,
TXN00003816,CUST008997,Daniel,Garcia,Female,Dubai,UAE,Dubai,UAE,Dubai,UAE,2025-02-06 22:35:11,Purchase,17.5,CAD,Target,Shopping,Payment for shopping,FALSE,2294374132,ZPXOPKVH,2099386515,VCKPYIZX,6732.53,7011.27,1,
TXN00004868,CUST009634,Thomas,Taylor,Female,Madrid,Spain,Madrid,Spain,Madrid,Spain,2025-02-24 01:01:43,Purchase,3645.06,CHF,Shell Gas,Home & Garden,Payment for groceries,FALSE,9561300809,FMFLGBML,2106078658,BLRAGFOQ,13649.83,12722.32,0,Account takeover suspected
TXN00001401,CUST009899,Michael,Lee,Male,São Paulo,Brazil,São Paulo,Brazil,São Paulo,Brazil,2025-01-10 16:48:01,Transfer,386.27,INR,Walmart,Bills & Utilities,Payment for bills & utilities,FALSE,1919534163,FCHYTMOX,3186611110,LUNVDQGC,13415.44,13061.14,1,
TXN00001106,CUST001103,Mia,Jackson,Male,Berlin,Germany,Berlin,Germany,Berlin,Germany,2024-10-08 08:05:53,Purchase,94.33,CAD,Airbnb,Electronics,Payment for gas & fuel,FALSE,3991186555,ZDXYMLQU,5337559075,CKMUCHQJ,13312.23,13529.54,1,
TXN00002949,CUST001753,Olivia,Moore,Female,Toronto,Canada,Toronto,Canada,Toronto,Canada,2025-09-14 15:00:17,Transfer,24.55,EUR,Best Buy,Bills & Utilities,Payment for home & garden,FALSE,2808452737,WSVQCHNA,6622362981,ERUEWNEI,9758.38,9883.81,1,
TXN00001092,CUST001272,Richard,Jones,Female,Sydney,Australia,Sydney,Australia,Sydney,Australia,2024-06-18 19:10:15,Transfer,407.82,AUD,Apple Store,Food & Dining,Payment for travel,FALSE,9686253491,DNRJIUOJ,2219398697,SVDPQNUJ,9565.57,9072.54,1,
TXN00000691,CUST007305,Robert,Garcia,Male,Berlin,Germany,Berlin,Germany,Berlin,Germany,2025-06-21 02:43:32,Transfer,283.51,CAD,Home Depot,Home & Garden,Payment for health & fitness,FALSE,7144605948,NYETFYEI,1519475696,AAHXKXTF,8505.47,7965.8,1,
TXN00002990,CUST009119,Amelia,Garcia,Female,New York,USA,New York,USA,New York,USA,2024-08-12 22:03:38,Purchase,102.04,JPY,Netflix,Home & Garden,Payment for food & dining,FALSE,9962658765,SDTBGMFA,8102511938,HNDPDBRB,9553.54,10496.16,1,
TXN00000133,CUST002279,Thomas,Johnson,Male,Mexico City,Mexico,Mexico City,Mexico,Mexico City,Mexico,2024-01-15 00:38:51,Transfer,308.59,CAD,Apple Store,Entertainment,Payment for shopping,FALSE,5539416359,XHKQBGCE,1463695162,KVSSCXYT,7557.58,6871.95,1,
TXN00002207,CUST009435,Daniel,Jackson,Female,Singapore,Singapore,Singapore,Singapore,Singapore,Singapore,2025-01-08 06:25:20,Purchase,159,JPY,Home Depot,Shopping,Payment for food & dining,FALSE,7814098336,ISKYDHXB,3603185397,CAHPEGFN,13204.95,12523.02,1,
TXN00001364,CUST000217,William,Martinez,Female,Shanghai,China,Shanghai,China,Shanghai,China,2025-09-30 04:38:52,Transfer,149.66,GBP,Delta Airlines,Food & Dining,Payment for shopping,FALSE,4719360688,KIMLFTVQ,3233437158,BNOGXCRX,12148.89,13108.18,1,
TXN00001161,CUST007478,John,Martin,Male,New York,USA,New York,USA,New York,USA,2024-05-20 01:38:19,Purchase,182.4,CAD,Best Buy,Home & Garden,Payment for food & dining,FALSE,8366463463,BRRRDXKN,1776162563,GYKWMLBT,13733.73,13512.2,1,
TXN00001354,CUST005210,William,Anderson,Female,Mexico City,Mexico,Mexico City,Mexico,Mexico City,Mexico,2025-08-29 20:08:01,Purchase,449.38,AUD,Amazon,Entertainment,Payment for groceries,FALSE,2112756375,CYGGJWTR,1283546394,FZJODFBV,9008.77,8732.63,1,
TXN00004056,CUST000033,Amelia,Martinez,Female,São Paulo,Brazil,São Paulo,Brazil,São Paulo,Brazil,2024-07-01 20:31:10,Transfer,246.84,CHF,Apple Store,Entertainment,Payment for travel,FALSE,6682897568,UADICXSY,6670654411,TNWXHDQU,12638.41,11822,1,
TXN00004641,CUST005261,James,Smith,Male,Berlin,Germany,Berlin,Germany,Berlin,Germany,2025-07-24 23:34:53,Purchase,290.78,USD,Amazon,Food & Dining,Payment for bills & utilities,TRUE,8755905192,FHKYPADD,8155781690,JLXMOETX,7815.36,7739.49,1,
TXN00001222,CUST006563,Joseph,Martin,Male,Rome,Italy,Rome,Italy,Rome,Italy,2025-02-21 12:25:29,Purchase,508.29,INR,Home Depot,Electronics,Payment for electronics,FALSE,5413589927,KHNBSLQW,6172162579,QEAITPIQ,10208.64,10244.48,1,
TXN00001944,CUST002279,Mia,Rodriguez,Female,Sydney,Australia,Sydney,Australia,Sydney,Australia,2024-07-25 05:15:27,Purchase,36.45,CAD,Netflix,Gas & Fuel,Payment for entertainment,FALSE,8785214159,VMXZWRRB,1131008371,VKHOLRFE,13247.7,12346.77,1,
TXN00001959,CUST000695,Emma,Wilson,Male,Shanghai,China,Shanghai,China,Shanghai,China,2024-07-30 10:30:26,Purchase,449.73,AUD,Home Depot,Gas & Fuel,Payment for electronics,FALSE,1262101316,PEJEPJCO,7327496530,KRIOKWGO,7398.7,7064.17,1,
TXN00001601,CUST002907,Charlotte,Johnson,Female,Mumbai,India,Mumbai,India,Mumbai,India,2025-08-27 20:28:19,Purchase,120.17,AUD,McDonalds,Home & Garden,Payment for gas & fuel,TRUE,3404478879,NTJVOKJD,7795114480,ITQYRLXE,12320.67,11596.2,1,
TXN00001152,CUST002069,Joseph,Johnson,Male,London,UK,London,UK,London,UK,2024-02-20 11:57:02,Transfer,326.51,INR,Best Buy,Electronics,Payment for travel,FALSE,9037954126,SCQQTHMB,1984668353,VTCPVIBI,4430.77,5117.49,1,
TXN00000093,CUST006334,Evelyn,Johnson,Female,London,UK,London,UK,London,UK,2025-02-13 22:05:43,Purchase,80.01,GBP,Target,Entertainment,Payment for home & garden,TRUE,6157798440,LXRUKJDS,1779980502,CNYEZMHX,4872.25,5618.89,1,
TXN00003779,CUST007923,Amelia,Smith,Female,Mumbai,India,Mumbai,India,Mumbai,India,2025-04-25 07:00:28,Purchase,225.28,CAD,Starbucks,Bills & Utilities,Payment for travel,FALSE,8077779305,EISBLGKT,6761254578,HFUWLXXO,9316.07,10236.17,1,
TXN00001491,CUST004676,William,Miller,Male,São Paulo,Brazil,São Paulo,Brazil,São Paulo,Brazil,2025-07-26 08:05:49,Purchase,314.08,CNY,Starbucks,Groceries,Payment for electronics,FALSE,8340596955,DUVYNQUL,6632977007,NRXZQVKX,12311.21,12103.01,1,
TXN00001459,CUST004287,Ava,Lee,Female,Toronto,Canada,Toronto,Canada,Toronto,Canada,2025-02-04 16:50:20,Purchase,435.76,USD,Apple Store,Entertainment,Payment for health & fitness,FALSE,4756198820,XZWGGUIJ,8470264178,DXDPMNBE,8726.23,8394.82,1,
TXN00002002,CUST009035,Michael,Jones,Male,London,UK,London,UK,London,UK,2025-03-14 03:34:28,Purchase,149.93,CAD,Walmart,Home & Garden,Payment for health & fitness,FALSE,4454199636,GIQMXKQK,7075430165,XYKIIBVM,12974.28,13012.61,1,
TXN00002014,CUST004221,Michael,Thomas,Female,New York,USA,New York,USA,New York,USA,2024-05-30 03:33:43,Purchase,399.82,INR,McDonalds,Food & Dining,Payment for food & dining,FALSE,6385934718,KSBNJEDW,7686260258,TMTQPKZQ,12199.77,12731.25,1,
TXN00001741,CUST006728,Michael,Williams,Female,New York,USA,New York,USA,New York,USA,2025-07-18 17:50:39,Purchase,327.82,AUD,Amazon,Travel,Payment for travel,FALSE,6020205485,SBALWFOJ,9371306438,WCMGYLDM,9629.5,9992.57,1,
TXN00002456,CUST003949,John,Rodriguez,Male,London,UK,London,UK,London,UK,2025-03-08 12:09:06,Purchase,272.73,GBP,Marriott Hotels,Health & Fitness,Payment for travel,FALSE,6405441189,AUTRLHKD,7875518486,QRBAWLOI,14003.19,14862.08,1,
TXN00000147,CUST000165,John,Brown,Female,New York,USA,New York,USA,New York,USA,2024-07-29 03:55:28,Purchase,168.54,AUD,Whole Foods,Health & Fitness,Payment for electronics,FALSE,7646701874,KNIRZUJA,6689789280,OYTWOXZX,6158.87,6075.02,1,
TXN00001554,CUST005790,Olivia,Brown,Male,Paris,France,Paris,France,Paris,France,2024-12-24 02:34:02,Purchase,14.03,CNY,Target,Entertainment,Payment for travel,FALSE,8630268038,PGTFOHGZ,8232742333,EPZHFMPD,15439.65,14499.14,1,
TXN00001807,CUST003954,David,Jackson,Male,Berlin,Germany,Berlin,Germany,Berlin,Germany,2025-02-14 12:51:32,Purchase,433.82,GBP,Netflix,Travel,Payment for home & garden,FALSE,8799456356,HZLSUXWQ,9483454321,HNQYUQZU,6890,7370.41,1,
TXN00001916,CUST003167,John,Williams,Male,Shanghai,China,Shanghai,China,Shanghai,China,2024-03-14 20:01:57,Transfer,343.44,AUD,Home Depot,Home & Garden,Payment for bills & utilities,FALSE,7899137962,OYMRBKKH,7857783908,ACAKONUA,11105,10758.26,1,
TXN00004674,CUST005167,Joseph,Lee,Male,Singapore,Singapore,Singapore,Singapore,Singapore,Singapore,2024-02-05 12:54:55,Purchase,117.53,CNY,Starbucks,Food & Dining,Payment for travel,TRUE,9573609913,ZTDOSIZI,9954140604,OBDYWXYG,6302.28,5311.12,1,
TXN00003251,CUST003586,John,Johnson,Female,New York,USA,New York,USA,New York,USA,2024-10-26 10:49:13,Purchase,323.62,AUD,Home Depot,Travel,Payment for groceries,FALSE,3764608310,SNLGBCQV,7001170989,BXCZFJFU,14720.9,14247.32,1,
TXN00001329,CUST003194,David,Brown,Female,Paris,France,Paris,France,Paris,France,2024-10-16 03:49:20,Purchase,168.36,JPY,Starbucks,Electronics,Payment for electronics,FALSE,1413828006,FWXNCFLE,9992153729,FSHHCVHQ,9557.67,10227.16,1,
TXN00001140,CUST008875,Daniel,Thomas,Female,Madrid,Spain,Madrid,Spain,Madrid,Spain,2024-09-05 17:58:04,Transfer,14.56,CHF,Walmart,Food & Dining,Payment for electronics,FALSE,8061860702,CTKBJSDD,1381001410,WDOOZDLI,9183.04,9468.39,1,
TXN00002467,CUST006978,Evelyn,Martinez,Female,Mumbai,India,Mumbai,India,Mumbai,India,2025-08-18 15:19:34,Purchase,504.99,INR,Uber,Shopping,Payment for gas & fuel,FALSE,9524385140,YIGRVQLE,6311384156,MLXWIKVL,10553.75,9773.05,1,
TXN00003510,CUST002525,John,Johnson,Female,Rome,Italy,Rome,Italy,Rome,Italy,2024-04-18 03:37:50,Transfer,110.73,CAD,Airbnb,Travel,Payment for groceries,FALSE,1085867065,JKIITAQM,8555743163,BOTJWRST,7949.74,8534.51,1,
TXN00001191,CUST009604,William,Lopez,Male,Rome,Italy,Rome,Italy,Rome,Italy,2025-04-28 09:03:20,Purchase,57.92,GBP,Apple Store,Bills & Utilities,Payment for entertainment,FALSE,7961401452,MWJNPPYM,2812227813,NXECYLNY,5967.52,6935.66,1,
TXN00004887,CUST002266,Daniel,Moore,Female,Shanghai,China,Shanghai,China,Shanghai,China,2024-09-01 09:05:05,Purchase,2521.19,CNY,Amazon,Groceries,Payment for entertainment,FALSE,7525372577,TYSHXFYK,1661376530,USCSMSRR,9639.39,8890.7,0,High amount compared to usual
TXN00000656,CUST008278,Daniel,Brown,Male,Rome,Italy,Rome,Italy,Rome,Italy,2024-07-05 01:15:52,Transfer,482.32,CNY,Walmart,Electronics,Payment for bills & utilities,FALSE,8784314754,DXWYKRIQ,7613192649,LUYGDZKY,9023.93,9110.1,1,
TXN00004720,CUST005463,Harper,Martinez,Male,Dubai,UAE,Dubai,UAE,Dubai,UAE,2024-10-22 12:25:17,Purchase,34.61,INR,Starbucks,Gas & Fuel,Payment for gas & fuel,FALSE,2179607507,QJTLMNTF,4929104246,OLIUPXGH,12376.35,11863.45,1,
TXN00002746,CUST007226,Thomas,Moore,Male,London,UK,London,UK,London,UK,2025-07-07 18:44:05,Purchase,223.81,EUR,Whole Foods,Health & Fitness,Payment for shopping,FALSE,9418615878,OSJTVARE,2302037213,IGARCIHL,7536.07,7587.59,1,
TXN00003509,CUST008119,Daniel,Wilson,Male,Tokyo,Japan,Tokyo,Japan,Tokyo,Japan,2024-12-12 19:05:06,Purchase,155.75,CHF,Marriott Hotels,Health & Fitness,Payment for home & garden,FALSE,2405711320,YXOWHUWU,9331869219,SPLRWPFN,6023.74,6891.18,1,
TXN00004671,CUST003429,John,Taylor,Male,Tokyo,Japan,Tokyo,Japan,Tokyo,Japan,2024-01-09 15:37:42,Purchase,391.91,CNY,Best Buy,Travel,Payment for health & fitness,FALSE,7351290583,KHKCKOCK,8802816021,TBAFYAAY,13854.76,13959.46,1,
TXN00000253,CUST003088,Robert,Rodriguez,Female,Paris,France,Paris,France,Paris,France,2024-12-21 12:59:37,Purchase,19.53,CNY,Best Buy,Home & Garden,Payment for gas & fuel,FALSE,8190639583,AWWABATZ,5204156869,ZOMAUZOU,11460.05,10781.34,1,
TXN00000525,CUST002644,Robert,Martin,Male,São Paulo,Brazil,São Paulo,Brazil,São Paulo,Brazil,2024-06-12 19:33:11,Transfer,119.01,USD,Amazon,Electronics,Payment for health & fitness,FALSE,8604047040,VXHSSYRL,3900557513,DITOVZMB,7899.21,7043.56,1,
TXN00001976,CUST002436,James,Lopez,Female,São Paulo,Brazil,São Paulo,Brazil,São Paulo,Brazil,2025-08-08 08:51:23,Purchase,114.68,AUD,Whole Foods,Groceries,Payment for gas & fuel,FALSE,9593119507,TGIYVZCQ,2608269227,FVGZSWZS,11970.26,12594.73,1,
TXN00002449,CUST009706,Mia,Martinez,Female,Toronto,Canada,Toronto,Canada,Toronto,Canada,2025-08-10 08:15:53,Purchase,184.48,AUD,Home Depot,Home & Garden,Payment for shopping,FALSE,1633624269,LKTOULXX,3885404972,EXTZRXUO,11552.46,11689.82,1,
TXN00003136,CUST000837,Mia,Johnson,Female,New York,USA,New York,USA,New York,USA,2024-01-12 14:24:20,Purchase,56.46,CNY,Shell Gas,Travel,Payment for home & garden,FALSE,4682641821,LJEKPXCV,4754167454,FVPUQBXG,9761.91,10641.95,1,
TXN00002557,CUST004506,Amelia,Taylor,Female,London,UK,London,UK,London,UK,2025-07-29 07:01:40,Purchase,208.36,CAD,Netflix,Entertainment,Payment for shopping,FALSE,8397166916,DRAYPZWJ,4062231830,ACQJPADV,12174.78,12865.18,1,
TXN00004767,CUST001110,Isabella,Thomas,Male,Toronto,Canada,Shanghai,China,New York,USA,2025-08-26 11:11:12,Purchase,786.42,EUR,Airbnb,Groceries,Payment for groceries,FALSE,5982287740,KKNMGEOI,8601414794,YVGWFTIE,5170.16,5820.51,0,Known fraudulent merchant
TXN00000572,CUST008962,John,Miller,Male,New York,USA,New York,USA,New York,USA,2025-03-23 05:15:56,Purchase,218.28,EUR,Airbnb,Health & Fitness,Payment for electronics,FALSE,4419161077,DJGXHUIF,8403060725,VNJDMOMS,6685.98,6213.64,1,
TXN00000340,CUST009043,Olivia,Jones,Female,Tokyo,Japan,Tokyo,Japan,Tokyo,Japan,2025-07-25 15:38:23,Purchase,193.73,EUR,Home Depot,Electronics,Payment for travel,FALSE,1970155233,TTZOJNDH,5468789934,RMBQIPPC,6048.79,5597.18,1,
TXN00001385,CUST006997,Amelia,Moore,Male,Rome,Italy,Rome,Italy,Rome,Italy,2025-07-17 00:02:46,Purchase,209.57,GBP,Home Depot,Food & Dining,Payment for entertainment,TRUE,7794023266,NSYWWHSV,3905328273,OMMBFKNH,13315.45,13356.87,1,
TXN00002627,CUST000384,William,Smith,Male,São Paulo,Brazil,São Paulo,Brazil,São Paulo,Brazil,2024-08-22 10:17:38,Transfer,385.12,JPY,Marriott Hotels,Home & Garden,Payment for groceries,TRUE,8139969592,TWZNZWQC,4220783595,IWAWOHEN,14805.07,14261.44,1,
TXN00000082,CUST005413,Richard,Moore,Female,Rome,Italy,Rome,Italy,Rome,Italy,2024-11-30 18:30:47,Purchase,338.6,CHF,Walmart,Entertainment,Payment for home & garden,FALSE,7098200165,IMIWOQCY,6421486269,VBYKOBZU,14980.56,14942.76,1,
TXN00003660,CUST004217,Isabella,Lee,Female,Tokyo,Japan,Tokyo,Japan,Tokyo,Japan,2024-10-02 15:17:43,Purchase,183.33,JPY,Best Buy,Electronics,Payment for entertainment,FALSE,7646169582,EVTCDAWJ,2144726733,KJPFDFJW,8972.47,9508.22,1,
TXN00000032,CUST007027,William,Lee,Female,Dubai,UAE,Dubai,UAE,Dubai,UAE,2025-05-06 00:44:37,Transfer,29.41,GBP,Netflix,Food & Dining,Payment for groceries,FALSE,9446590120,TUGTCXIQ,6137564716,NXWSUUIF,7230.47,6917.44,1,
TXN00001210,CUST001353,James,Brown,Female,Toronto,Canada,Toronto,Canada,Toronto,Canada,2025-05-12 15:43:36,Purchase,13.25,EUR,Home Depot,Bills & Utilities,Payment for home & garden,TRUE,1382890784,HSJPRUBX,8494613617,JNNMIGEV,13877.29,14734.61,1,
TXN00002648,CUST005315,Sophia,Wilson,Female,Sydney,Australia,Sydney,Australia,Sydney,Australia,2024-08-23 16:53:03,Transfer,241.31,INR,Target,Shopping,Payment for food & dining,FALSE,6442716246,HMYOYYGC,2650873344,LRMHQUAM,9917.63,9267.21,1,
TXN00001332,CUST006013,David,Miller,Male,Dubai,UAE,Dubai,UAE,Dubai,UAE,2025-01-06 07:54:37,Transfer,159.28,AUD,Marriott Hotels,Gas & Fuel,Payment for gas & fuel,FALSE,9776845749,DHGUMINJ,6505764299,NAAFLFNB,11476.22,10901.76,1,
TXN00004304,CUST004506,Charlotte,Jackson,Female,Mumbai,India,Mumbai,India,Mumbai,India,2024-09-02 10:47:07,Purchase,326.61,GBP,Delta Airlines,Electronics,Payment for travel,FALSE,8539352741,TUZFXEPD,1298116497,BMYOLGDN,12325.13,12913.23,1,
TXN00002248,CUST001374,Michael,Garcia,Female,Toronto,Canada,Toronto,Canada,Toronto,Canada,2025-03-27 15:25:53,Purchase,152.71,EUR,Airbnb,Gas & Fuel,Payment for electronics,FALSE,8957779020,VTHSPHCN,1703839018,GUIVKOWU,11560.12,12500.47,1,
TXN00004699,CUST006399,Evelyn,Miller,Female,London,UK,London,UK,London,UK,2024-06-22 12:34:20,Purchase,196.19,CAD,Whole Foods,Home & Garden,Payment for food & dining,FALSE,6325355869,XIZVKRLJ,1149856311,GVNDEJDI,13811.22,14161.99,1,
TXN00003338,CUST001203,Daniel,Brown,Female,Madrid,Spain,Madrid,Spain,Madrid,Spain,2025-01-04 08:36:47,Purchase,86.69,EUR,Apple Store,Bills & Utilities,Payment for health & fitness,FALSE,7127370295,TIOLAYPG,9649196377,QDJGXIVR,11346.36,11529.83,1,
TXN00003669,CUST008536,Ava,Williams,Male,São Paulo,Brazil,São Paulo,Brazil,São Paulo,Brazil,2025-05-14 14:10:41,Purchase,322.06,AUD,Home Depot,Food & Dining,Payment for bills & utilities,FALSE,4697735108,CVOGWPXL,8517012303,RCCUJXJW,7315.81,7744.57,1,
TXN00000408,CUST007950,Thomas,Thomas,Male,Rome,Italy,Rome,Italy,Rome,Italy,2025-09-19 22:25:41,Purchase,163.38,CHF,Whole Foods,Shopping,Payment for groceries,FALSE,2686100612,ARXEPZFU,7650251068,VQMIMDAL,5820.27,6223.67,1,
TXN00002738,CUST006903,John,Garcia,Female,Dubai,UAE,Dubai,UAE,Dubai,UAE,2024-08-12 07:54:50,Purchase,45.4,USD,Best Buy,Home & Garden,Payment for electronics,FALSE,2787090034,MPELZYNE,4319237907,FAHIQLJR,8974.78,8666.19,1,
TXN00004100,CUST009097,Amelia,Hernandez,Female,Shanghai,China,Shanghai,China,Shanghai,China,2024-06-27 04:06:31,Transfer,162.88,INR,Walmart,Bills & Utilities,Payment for travel,FALSE,7274303241,ODKMRMLZ,4575011202,MLHKVIOR,14188.05,13824.26,1,
TXN00001102,CUST006530,Isabella,Martinez,Female,Madrid,Spain,Madrid,Spain,Madrid,Spain,2025-02-08 12:37:48,Transfer,500.15,CAD,Best Buy,Groceries,Payment for health & fitness,FALSE,1096989178,JZMFZTNP,8079957669,TQBVRNSM,11172.45,12113.08,1,
TXN00001978,CUST004435,Emma,Moore,Male,Tokyo,Japan,Tokyo,Japan,Tokyo,Japan,2025-01-13 09:30:21,Transfer,55.78,AUD,Uber,Home & Garden,Payment for health & fitness,FALSE,5101952933,JJCGHMYR,7508785720,FKLZGVMM,7952.54,7279.65,1,
TXN00002324,CUST009600,Evelyn,Anderson,Male,Tokyo,Japan,Tokyo,Japan,Tokyo,Japan,2024-07-09 07:52:08,Purchase,229.63,GBP,Target,Groceries,Payment for home & garden,FALSE,6141958277,DHVJJMXV,9845105422,TSONKAEX,15534.64,14874.69,1,
TXN00000916,CUST001786,Sophia,Davis,Female,New York,USA,New York,USA,New York,USA,2024-10-21 21:50:18,Purchase,38.67,EUR,Target,Entertainment,Payment for travel,FALSE,2773026551,XZDDVLHO,7162652521,PQPFZRGD,6125,5473.94,1,
TXN00003665,CUST000335,Daniel,Lee,Female,Sydney,Australia,Sydney,Australia,Sydney,Australia,2024-11-01 08:20:43,Transfer,16.41,CAD,Shell Gas,Groceries,Payment for shopping,FALSE,8523423430,ROSGOXPZ,6419684406,HBEPBWDG,12241.64,11920.69,1,
TXN00003212,CUST003168,Joseph,Taylor,Female,Mumbai,India,Mumbai,India,Mumbai,India,2025-01-17 08:42:34,Purchase,454.37,INR,Starbucks,Food & Dining,Payment for health & fitness,FALSE,9058098574,OZQGMPOJ,8796321216,APXVIQUB,6998.34,7019.61,1,
TXN00000833,CUST004497,Isabella,Hernandez,Male,Rome,Italy,Rome,Italy,Rome,Italy,2024-07-08 17:24:11,Purchase,453.92,CNY,Home Depot,Home & Garden,Payment for travel,FALSE,8872772384,ESCVZIBA,5057590502,GRMFKIRX,5649.39,5442.75,1,
TXN00004654,CUST007620,Charlotte,Moore,Male,Madrid,Spain,Madrid,Spain,Madrid,Spain,2025-03-12 20:29:10,Purchase,491.01,USD,Target,Health & Fitness,Payment for bills & utilities,FALSE,9304836309,KYMYQQML,4968749330,DGARCEDR,10668.89,10333.74,1,
TXN00001232,CUST004201,Ava,Moore,Female,Sydney,Australia,Sydney,Australia,Sydney,Australia,2024-10-25 04:51:11,Purchase,452.12,GBP,Target,Health & Fitness,Payment for health & fitness,FALSE,8772561291,TPTIHLMM,7092880975,IFTYCJPK,14924.55,14235.71,1,
TXN00000484,CUST004378,Joseph,Moore,Female,Sydney,Australia,Sydney,Australia,Sydney,Australia,2024-03-08 05:21:26,Transfer,89.67,GBP,Whole Foods,Entertainment,Payment for home & garden,FALSE,7992761028,FPBDMTKS,9847151802,APXCCUHK,6906.78,7112.92,1,
TXN00000679,CUST000922,Joseph,Moore,Female,São Paulo,Brazil,São Paulo,Brazil,São Paulo,Brazil,2025-04-02 15:02:07,Purchase,412.36,INR,Walmart,Electronics,Payment for shopping,FALSE,6079795771,MJOMNVPL,5924250799,TOAGWDSX,12489.6,13049.48,1,
TXN00003649,CUST008039,Robert,Martin,Male,Tokyo,Japan,Tokyo,Japan,Tokyo,Japan,2024-08-03 09:55:37,Purchase,188.5,CHF,Apple Store,Shopping,Payment for health & fitness,TRUE,8292698742,BTTHNEKR,6654240810,IVPJUMOZ,14824.19,14266.76,1,
TXN00001580,CUST000269,Olivia,Jones,Male,London,UK,London,UK,London,UK,2025-06-02 01:25:52,Purchase,257.57,USD,Walmart,Groceries,Payment for home & garden,FALSE,3992943565,OKXLOGHL,7533068947,SYHLDJHY,9335.58,9095.25,1,
